7 0.33046875 0.06640625 0.1140625 0.0578125
7 0.31328125 0.0375 0.11875 0.0328125
7 0.325 0.0203125 0.1265625 0.0390625
7 0.321875 0.009375 0.10625 0.01796875
8 0.584375 0.04296875 0.1703125 0.0859375
8 0.76015625 0.08203125 0.25234375 0.1640625
8 0.890625 0.04296875 0.215625 0.0859375
8 0.89609375 0.1765625 0.2078125 0.25
6 0.78203125 0.13359375 0.4328125 0.2671875
8 0.1140625 0.31640625 0.228125 0.3328125
6 0.496875 0.5859375 0.74765625 0.38984375
6 0.35703125 0.60703125 0.2046875 0.0796875
6 0.478125 0.4734375 0.61875 0.3390625
7 0.33046875 0.06640625 0.1140625 0.0578125
7 0.31328125 0.0375 0.11875 0.0328125
7 0.325 0.0203125 0.1265625 0.0390625
7 0.321875 0.009375 0.10625 0.01796875
8 0.584375 0.04296875 0.1703125 0.0859375
8 0.76015625 0.08203125 0.25234375 0.1640625
8 0.890625 0.04296875 0.215625 0.0859375
8 0.89609375 0.1765625 0.2078125 0.25
6 0.78203125 0.13359375 0.4328125 0.2671875
8 0.1140625 0.31640625 0.228125 0.3328125
6 0.496875 0.5859375 0.74765625 0.38984375
6 0.35703125 0.60703125 0.2046875 0.0796875
6 0.478125 0.4734375 0.61875 0.3390625
7 0.33046875 0.06640625 0.1140625 0.0578125
7 0.31328125 0.0375 0.11875 0.0328125
7 0.325 0.0203125 0.1265625 0.0390625
7 0.321875 0.009375 0.10625 0.01796875
8 0.584375 0.04296875 0.1703125 0.0859375
8 0.76015625 0.08203125 0.25234375 0.1640625
8 0.890625 0.04296875 0.215625 0.0859375
8 0.89609375 0.1765625 0.2078125 0.25
6 0.78203125 0.13359375 0.4328125 0.2671875
8 0.1140625 0.31640625 0.228125 0.3328125
6 0.496875 0.5859375 0.74765625 0.38984375
6 0.35703125 0.60703125 0.2046875 0.0796875
6 0.478125 0.4734375 0.61875 0.3390625