2 0.45625 0.7515625 0.534375 0.19921875
1 0.875 0.3234375 0.24921875 0.3609375
2 0.74765625 0.4609375 0.39296875 0.28828125
8 0.36953125 0.3515625 0.421875 0.271875
8 0.44765625 0.72578125 0.2109375 0.065625
2 0.4078125 0.6 0.57109375 0.31328125
6 0.73515625 0.7796875 0.05625 0.08984375
2 0.45625 0.7515625 0.534375 0.19921875
1 0.875 0.3234375 0.24921875 0.3609375
2 0.74765625 0.4609375 0.39296875 0.28828125
8 0.36953125 0.3515625 0.421875 0.271875
8 0.44765625 0.72578125 0.2109375 0.065625
2 0.4078125 0.6 0.57109375 0.31328125
6 0.73515625 0.7796875 0.05625 0.08984375
2 0.45625 0.7515625 0.534375 0.19921875
1 0.875 0.3234375 0.24921875 0.3609375
2 0.74765625 0.4609375 0.39296875 0.28828125
8 0.36953125 0.3515625 0.421875 0.271875
8 0.44765625 0.72578125 0.2109375 0.065625
2 0.4078125 0.6 0.57109375 0.31328125
6 0.73515625 0.7796875 0.05625 0.08984375