6 0.30078125 0.71953125 0.5046875 0.39375
6 0.3421875 0.44296875 0.6703125 0.39765625
1 0.134375 0.33046875 0.21640625 0.315625
8 0.22265625 0.80078125 0.2 0.26484375
6 0.30078125 0.71953125 0.5046875 0.39375
6 0.3421875 0.44296875 0.6703125 0.39765625
1 0.134375 0.33046875 0.21640625 0.315625
8 0.22265625 0.80078125 0.2 0.26484375
6 0.30078125 0.71953125 0.5046875 0.39375
6 0.3421875 0.44296875 0.6703125 0.39765625
1 0.134375 0.33046875 0.21640625 0.315625
8 0.22265625 0.80078125 0.2 0.26484375