7 0.54765625 0.62421875 0.4703125 0.21953125
7 0.52734375 0.6453125 0.525 0.2421875
7 0.45546875 0.5078125 0.4921875 0.21640625
7 0.47265625 0.35625 0.5359375 0.3484375
7 0.54765625 0.62421875 0.4703125 0.21953125
7 0.52734375 0.6453125 0.525 0.2421875
7 0.45546875 0.5078125 0.4921875 0.21640625
7 0.47265625 0.35625 0.5359375 0.3484375
7 0.54765625 0.62421875 0.4703125 0.21953125
7 0.52734375 0.6453125 0.525 0.2421875
7 0.45546875 0.5078125 0.4921875 0.21640625
7 0.47265625 0.35625 0.5359375 0.3484375