6 0.2765625 0.675 0.18828125 0.08984375
1 0.27890625 0.5546875 0.13203125 0.121875
1 0.67421875 0.26875 0.13828125 0.1046875
2 0.378125 0.28828125 0.603125 0.37265625
6 0.490625 0.08984375 0.3625 0.14375
3 0.6671875 0.40234375 0.203125 0.096875
6 0.7421875 0.45234375 0.090625 0.0234375
8 0.48125 0.48671875 0.31015625 0.23203125
8 0.6046875 0.690625 0.62734375 0.61875
6 0.8390625 0.86015625 0.03515625 0.0375
8 0.5453125 0.95390625 0.053125 0.034375
2 0.0578125 0.96953125 0.08203125 0.05234375
2 0.66875 0.40703125 0.11171875 0.0890625
6 0.2765625 0.675 0.18828125 0.08984375
1 0.27890625 0.5546875 0.13203125 0.121875
1 0.67421875 0.26875 0.13828125 0.1046875
2 0.378125 0.28828125 0.603125 0.37265625
6 0.490625 0.08984375 0.3625 0.14375
3 0.6671875 0.40234375 0.203125 0.096875
6 0.7421875 0.45234375 0.090625 0.0234375
8 0.48125 0.48671875 0.31015625 0.23203125
8 0.6046875 0.690625 0.62734375 0.61875
6 0.8390625 0.86015625 0.03515625 0.0375
8 0.5453125 0.95390625 0.053125 0.034375
2 0.0578125 0.96953125 0.08203125 0.05234375
2 0.66875 0.40703125 0.11171875 0.0890625
6 0.2765625 0.675 0.18828125 0.08984375
1 0.27890625 0.5546875 0.13203125 0.121875
1 0.67421875 0.26875 0.13828125 0.1046875
2 0.378125 0.28828125 0.603125 0.37265625
6 0.490625 0.08984375 0.3625 0.14375
3 0.6671875 0.40234375 0.203125 0.096875
6 0.7421875 0.45234375 0.090625 0.0234375
8 0.48125 0.48671875 0.31015625 0.23203125
8 0.6046875 0.690625 0.62734375 0.61875
6 0.8390625 0.86015625 0.03515625 0.0375
8 0.5453125 0.95390625 0.053125 0.034375
2 0.0578125 0.96953125 0.08203125 0.05234375
2 0.66875 0.40703125 0.11171875 0.0890625