8 0.47734375 0.1046875 0.603125 0.209375
2 0.5 0.53125 1 0.9375
5 0.703125 0.6984375 0.03828125 0.0390625
5 0.81953125 0.42265625 0.0796875 0.13203125
5 0.5828125 0.375 0.08671875 0.16328125
5 0.5125 0.4375 0.08671875 0.175
5 0.34140625 0.41953125 0.31640625 0.2453125
5 0.42265625 0.48203125 0.140625 0.18046875
5 0.3171875 0.3046875 0.07578125 0.13515625
5 0.22578125 0.3703125 0.07578125 0.159375
5 0.14296875 0.43046875 0.08984375 0.16640625
5 0.07578125 0.46015625 0.14453125 0.10703125
5 0.18984375 0.471875 0.084375 0.109375
5 0.26953125 0.40078125 0.08203125 0.11640625
5 0.353125 0.3296875 0.0625 0.0703125
5 0.4484375 0.28515625 0.0578125 0.04921875
5 0.271875 0.53828125 0.1 0.07578125
5 0.4140625 0.56171875 0.13359375 0.14296875
5 0.40390625 0.59921875 0.07109375 0.0390625
5 0.32890625 0.5375 0.0671875 0.0953125
5 0.6953125 0.41484375 0.08671875 0.1453125
5 0.621875 0.4765625 0.09453125 0.16953125
5 0.5375 0.5421875 0.13359375 0.171875
5 0.54609375 0.596875 0.14375 0.13125
5 0.59375 0.65625 0.0671875 0.03671875
5 0.6484375 0.5609375 0.115625 0.17265625
5 0.7515625 0.47265625 0.10546875 0.13203125
5 0.91640625 0.4609375 0.15078125 0.128125
5 0.9328125 0.5609375 0.1125 0.165625
5 0.7375 0.596875 0.2890625 0.22265625
5 0.821875 0.65703125 0.2234375 0.18828125
5 0.8015625 0.7125 0.16796875 0.1125
8 0.775 0.1625 0.45 0.32421875
8 0.0953125 0.053125 0.190625 0.10625
8 0.47734375 0.1046875 0.603125 0.209375
2 0.5 0.53125 1 0.9375
5 0.703125 0.6984375 0.03828125 0.0390625
5 0.81953125 0.42265625 0.0796875 0.13203125
5 0.5828125 0.375 0.08671875 0.16328125
5 0.5125 0.4375 0.08671875 0.175
5 0.34140625 0.41953125 0.31640625 0.2453125
5 0.42265625 0.48203125 0.140625 0.18046875
5 0.3171875 0.3046875 0.07578125 0.13515625
5 0.22578125 0.3703125 0.07578125 0.159375
5 0.14296875 0.43046875 0.08984375 0.16640625
5 0.07578125 0.46015625 0.14453125 0.10703125
5 0.18984375 0.471875 0.084375 0.109375
5 0.26953125 0.40078125 0.08203125 0.11640625
5 0.353125 0.3296875 0.0625 0.0703125
5 0.4484375 0.28515625 0.0578125 0.04921875
5 0.271875 0.53828125 0.1 0.07578125
5 0.4140625 0.56171875 0.13359375 0.14296875
5 0.40390625 0.59921875 0.07109375 0.0390625
5 0.32890625 0.5375 0.0671875 0.0953125
5 0.6953125 0.41484375 0.08671875 0.1453125
5 0.621875 0.4765625 0.09453125 0.16953125
5 0.5375 0.5421875 0.13359375 0.171875
5 0.54609375 0.596875 0.14375 0.13125
5 0.59375 0.65625 0.0671875 0.03671875
5 0.6484375 0.5609375 0.115625 0.17265625
5 0.7515625 0.47265625 0.10546875 0.13203125
5 0.91640625 0.4609375 0.15078125 0.128125
5 0.9328125 0.5609375 0.1125 0.165625
5 0.7375 0.596875 0.2890625 0.22265625
5 0.821875 0.65703125 0.2234375 0.18828125
5 0.8015625 0.7125 0.16796875 0.1125
8 0.775 0.1625 0.45 0.32421875
8 0.0953125 0.053125 0.190625 0.10625
8 0.47734375 0.1046875 0.603125 0.209375
2 0.5 0.53125 1 0.9375
5 0.703125 0.6984375 0.03828125 0.0390625
5 0.81953125 0.42265625 0.0796875 0.13203125
5 0.5828125 0.375 0.08671875 0.16328125
5 0.5125 0.4375 0.08671875 0.175
5 0.34140625 0.41953125 0.31640625 0.2453125
5 0.42265625 0.48203125 0.140625 0.18046875
5 0.3171875 0.3046875 0.07578125 0.13515625
5 0.22578125 0.3703125 0.07578125 0.159375
5 0.14296875 0.43046875 0.08984375 0.16640625
5 0.07578125 0.46015625 0.14453125 0.10703125
5 0.18984375 0.471875 0.084375 0.109375
5 0.26953125 0.40078125 0.08203125 0.11640625
5 0.353125 0.3296875 0.0625 0.0703125
5 0.4484375 0.28515625 0.0578125 0.04921875
5 0.271875 0.53828125 0.1 0.07578125
5 0.4140625 0.56171875 0.13359375 0.14296875
5 0.40390625 0.59921875 0.07109375 0.0390625
5 0.32890625 0.5375 0.0671875 0.0953125
5 0.6953125 0.41484375 0.08671875 0.1453125
5 0.621875 0.4765625 0.09453125 0.16953125
5 0.5375 0.5421875 0.13359375 0.171875
5 0.54609375 0.596875 0.14375 0.13125
5 0.59375 0.65625 0.0671875 0.03671875
5 0.6484375 0.5609375 0.115625 0.17265625
5 0.7515625 0.47265625 0.10546875 0.13203125
5 0.91640625 0.4609375 0.15078125 0.128125
5 0.9328125 0.5609375 0.1125 0.165625
5 0.7375 0.596875 0.2890625 0.22265625
5 0.821875 0.65703125 0.2234375 0.18828125
5 0.8015625 0.7125 0.16796875 0.1125
8 0.775 0.1625 0.45 0.32421875
8 0.0953125 0.053125 0.190625 0.10625