7 0.5234375 0.49140625 0.42890625 0.48125
2 0.146875 0.43515625 0.065625 0.06640625
2 0.1703125 0.28828125 0.11015625 0.04765625
2 0.32421875 0.2484375 0.046875 0.0625
7 0.5234375 0.49140625 0.42890625 0.48125
2 0.146875 0.43515625 0.065625 0.06640625
2 0.1703125 0.28828125 0.11015625 0.04765625
2 0.32421875 0.2484375 0.046875 0.0625
7 0.5234375 0.49140625 0.42890625 0.48125
2 0.146875 0.43515625 0.065625 0.06640625
2 0.1703125 0.28828125 0.11015625 0.04765625
2 0.32421875 0.2484375 0.046875 0.0625