2 0.378125 0.66875 0.0328125 0.04296875
6 0.4734375 0.596875 0.2125 0.2703125
6 0.21328125 0.62734375 0.3515625 0.47265625
1 0.21328125 0.5578125 0.11328125 0.46171875
2 0.225 0.66015625 0.284375 0.21875
1 0.51796875 0.4421875 0.10546875 0.2234375
2 0.46875 0.62734375 0.184375 0.1484375
2 0.378125 0.66875 0.0328125 0.04296875
6 0.4734375 0.596875 0.2125 0.2703125
6 0.21328125 0.62734375 0.3515625 0.47265625
1 0.21328125 0.5578125 0.11328125 0.46171875
2 0.225 0.66015625 0.284375 0.21875
1 0.51796875 0.4421875 0.10546875 0.2234375
2 0.46875 0.62734375 0.184375 0.1484375
2 0.378125 0.66875 0.0328125 0.04296875
6 0.4734375 0.596875 0.2125 0.2703125
6 0.21328125 0.62734375 0.3515625 0.47265625
1 0.21328125 0.5578125 0.11328125 0.46171875
2 0.225 0.66015625 0.284375 0.21875
1 0.51796875 0.4421875 0.10546875 0.2234375
2 0.46875 0.62734375 0.184375 0.1484375