9 0.56875 0.18515625 0.14375 0.2625
9 0.74453125 0.5078125 0.2546875 0.1859375
9 0.79453125 0.36484375 0.2109375 0.25390625
9 0.64453125 0.259375 0.146875 0.2640625
9 0.6796875 0.540625 0.30625 0.21796875
9 0.54140625 0.6875 0.33828125 0.178125
9 0.4640625 0.42109375 0.14296875 0.26171875
9 0.3 0.49296875 0.25859375 0.25234375
9 0.271875 0.31015625 0.30703125 0.0953125
9 0.56875 0.18515625 0.14375 0.2625
9 0.74453125 0.5078125 0.2546875 0.1859375
9 0.79453125 0.36484375 0.2109375 0.25390625
9 0.64453125 0.259375 0.146875 0.2640625
9 0.6796875 0.540625 0.30625 0.21796875
9 0.54140625 0.6875 0.33828125 0.178125
9 0.4640625 0.42109375 0.14296875 0.26171875
9 0.3 0.49296875 0.25859375 0.25234375
9 0.271875 0.31015625 0.30703125 0.0953125
9 0.56875 0.18515625 0.14375 0.2625
9 0.74453125 0.5078125 0.2546875 0.1859375
9 0.79453125 0.36484375 0.2109375 0.25390625
9 0.64453125 0.259375 0.146875 0.2640625
9 0.6796875 0.540625 0.30625 0.21796875
9 0.54140625 0.6875 0.33828125 0.178125
9 0.4640625 0.42109375 0.14296875 0.26171875
9 0.3 0.49296875 0.25859375 0.25234375
9 0.271875 0.31015625 0.30703125 0.0953125