7 0.3484375 0.74140625 0.39921875 0.22265625
7 0.346875 0.53203125 0.37734375 0.17109375
7 0.3828125 0.66015625 0.2625 0.1859375
7 0.1375 0.53046875 0.234375 0.44765625
7 0.31328125 0.36484375 0.521875 0.4234375
7 0.22734375 0.64921875 0.09921875 0.22734375
7 0.25234375 0.65078125 0.09140625 0.21484375
8 0.57421875 0.31796875 0.159375 0.09375
8 0.60859375 0.3328125 0.1421875 0.10234375
2 0.83671875 0.4296875 0.2015625 0.17421875
2 0.846875 0.425 0.18984375 0.15078125
2 0.91640625 0.478125 0.1671875 0.059375
2 0.8171875 0.39375 0.209375 0.0703125
2 0.921875 0.42421875 0.15546875 0.1046875
2 0.95390625 0.375 0.0921875 0.109375
2 0.98359375 0.35 0.03125 0.03671875
2 0.8515625 0.3125 0.2953125 0.12890625
7 0.5265625 0.325 0.0875 0.0640625
7 0.3484375 0.74140625 0.39921875 0.22265625
7 0.346875 0.53203125 0.37734375 0.17109375
7 0.3828125 0.66015625 0.2625 0.1859375
7 0.1375 0.53046875 0.234375 0.44765625
7 0.31328125 0.36484375 0.521875 0.4234375
7 0.22734375 0.64921875 0.09921875 0.22734375
7 0.25234375 0.65078125 0.09140625 0.21484375
8 0.57421875 0.31796875 0.159375 0.09375
8 0.60859375 0.3328125 0.1421875 0.10234375
2 0.83671875 0.4296875 0.2015625 0.17421875
2 0.846875 0.425 0.18984375 0.15078125
2 0.91640625 0.478125 0.1671875 0.059375
2 0.8171875 0.39375 0.209375 0.0703125
2 0.921875 0.42421875 0.15546875 0.1046875
2 0.95390625 0.375 0.0921875 0.109375
2 0.98359375 0.35 0.03125 0.03671875
2 0.8515625 0.3125 0.2953125 0.12890625
7 0.5265625 0.325 0.0875 0.0640625
7 0.3484375 0.74140625 0.39921875 0.22265625
7 0.346875 0.53203125 0.37734375 0.17109375
7 0.3828125 0.66015625 0.2625 0.1859375
7 0.1375 0.53046875 0.234375 0.44765625
7 0.31328125 0.36484375 0.521875 0.4234375
7 0.22734375 0.64921875 0.09921875 0.22734375
7 0.25234375 0.65078125 0.09140625 0.21484375
8 0.57421875 0.31796875 0.159375 0.09375
8 0.60859375 0.3328125 0.1421875 0.10234375
2 0.83671875 0.4296875 0.2015625 0.17421875
2 0.846875 0.425 0.18984375 0.15078125
2 0.91640625 0.478125 0.1671875 0.059375
2 0.8171875 0.39375 0.209375 0.0703125
2 0.921875 0.42421875 0.15546875 0.1046875
2 0.95390625 0.375 0.0921875 0.109375
2 0.98359375 0.35 0.03125 0.03671875
2 0.8515625 0.3125 0.2953125 0.12890625
7 0.5265625 0.325 0.0875 0.0640625