7 0.08125 0.421875 0.1 0.10078125
7 0.04140625 0.41484375 0.0828125 0.09921875
7 0.0734375 0.509375 0.146875 0.11640625
7 0.1 0.71328125 0.03984375 0.0625
7 0.15546875 0.59375 0.06953125 0.13359375
7 0.58515625 0.68828125 0.63828125 0.29453125
7 0.05859375 0.31640625 0.11640625 0.1421875
7 0.48671875 0.61640625 0.6828125 0.22265625
7 0.4671875 0.4734375 0.70390625 0.27109375
7 0.465625 0.31796875 0.728125 0.33125
2 0.0796875 0.74296875 0.159375 0.44921875
8 0.059375 0.946875 0.11875 0.10546875
7 0.08125 0.421875 0.1 0.10078125
7 0.04140625 0.41484375 0.0828125 0.09921875
7 0.0734375 0.509375 0.146875 0.11640625
7 0.1 0.71328125 0.03984375 0.0625
7 0.15546875 0.59375 0.06953125 0.13359375
7 0.58515625 0.68828125 0.63828125 0.29453125
7 0.05859375 0.31640625 0.11640625 0.1421875
7 0.48671875 0.61640625 0.6828125 0.22265625
7 0.4671875 0.4734375 0.70390625 0.27109375
7 0.465625 0.31796875 0.728125 0.33125
2 0.0796875 0.74296875 0.159375 0.44921875
8 0.059375 0.946875 0.11875 0.10546875
7 0.08125 0.421875 0.1 0.10078125
7 0.04140625 0.41484375 0.0828125 0.09921875
7 0.0734375 0.509375 0.146875 0.11640625
7 0.1 0.71328125 0.03984375 0.0625
7 0.15546875 0.59375 0.06953125 0.13359375
7 0.58515625 0.68828125 0.63828125 0.29453125
7 0.05859375 0.31640625 0.11640625 0.1421875
7 0.48671875 0.61640625 0.6828125 0.22265625
7 0.4671875 0.4734375 0.70390625 0.27109375
7 0.465625 0.31796875 0.728125 0.33125
2 0.0796875 0.74296875 0.159375 0.44921875
8 0.059375 0.946875 0.11875 0.10546875