8 0.97421875 0.74921875 0.05078125 0.0921875
1 0.18046875 0.83984375 0.3609375 0.3171875
2 0.36640625 0.303125 0.05234375 0.021875
1 0.0953125 0.2640625 0.06796875 0.0265625
8 0.24765625 0.4015625 0.03671875 0.04921875
8 0.3875 0.33828125 0.19140625 0.03359375
1 0.43984375 0.3359375 0.07578125 0.02265625
1 0.3609375 0.83515625 0.02265625 0.0671875
8 0.57890625 0.621875 0.7609375 0.53984375
8 0.97421875 0.74921875 0.05078125 0.0921875
1 0.18046875 0.83984375 0.3609375 0.3171875
2 0.36640625 0.303125 0.05234375 0.021875
1 0.0953125 0.2640625 0.06796875 0.0265625
8 0.24765625 0.4015625 0.03671875 0.04921875
8 0.3875 0.33828125 0.19140625 0.03359375
1 0.43984375 0.3359375 0.07578125 0.02265625
1 0.3609375 0.83515625 0.02265625 0.0671875
8 0.57890625 0.621875 0.7609375 0.53984375
8 0.97421875 0.74921875 0.05078125 0.0921875
1 0.18046875 0.83984375 0.3609375 0.3171875
2 0.36640625 0.303125 0.05234375 0.021875
1 0.0953125 0.2640625 0.06796875 0.0265625
8 0.24765625 0.4015625 0.03671875 0.04921875
8 0.3875 0.33828125 0.19140625 0.03359375
1 0.43984375 0.3359375 0.07578125 0.02265625
1 0.3609375 0.83515625 0.02265625 0.0671875
8 0.57890625 0.621875 0.7609375 0.53984375