6 0.3734375 0.3921875 0.62265625 0.62265625
2 0.83984375 0.37421875 0.3203125 0.26875
2 0.09765625 0.4078125 0.121875 0.3609375
2 0.13046875 0.3375 0.1984375 0.3421875
2 0.14765625 0.37734375 0.11328125 0.1828125
6 0.2375 0.22265625 0.14140625 0.16484375
2 0.2640625 0.46484375 0.246875 0.184375
4 0.29609375 0.59609375 0.3015625 0.12109375
2 0.14609375 0.025 0.1359375 0.05
8 0.5859375 0.51875 0.82734375 0.56796875
2 0.4171875 0.06875 0.53125 0.1375
6 0.47421875 0.18984375 0.39296875 0.13984375
4 0.2171875 0.43984375 0.2234375 0.196875
1 0.8234375 0.2859375 0.1453125 0.09765625
6 0.3734375 0.3921875 0.62265625 0.62265625
2 0.83984375 0.37421875 0.3203125 0.26875
2 0.09765625 0.4078125 0.121875 0.3609375
2 0.13046875 0.3375 0.1984375 0.3421875
2 0.14765625 0.37734375 0.11328125 0.1828125
6 0.2375 0.22265625 0.14140625 0.16484375
2 0.2640625 0.46484375 0.246875 0.184375
4 0.29609375 0.59609375 0.3015625 0.12109375
2 0.14609375 0.025 0.1359375 0.05
8 0.5859375 0.51875 0.82734375 0.56796875
2 0.4171875 0.06875 0.53125 0.1375
6 0.47421875 0.18984375 0.39296875 0.13984375
4 0.2171875 0.43984375 0.2234375 0.196875
1 0.8234375 0.2859375 0.1453125 0.09765625
6 0.3734375 0.3921875 0.62265625 0.62265625
2 0.83984375 0.37421875 0.3203125 0.26875
2 0.09765625 0.4078125 0.121875 0.3609375
2 0.13046875 0.3375 0.1984375 0.3421875
2 0.14765625 0.37734375 0.11328125 0.1828125
6 0.2375 0.22265625 0.14140625 0.16484375
2 0.2640625 0.46484375 0.246875 0.184375
4 0.29609375 0.59609375 0.3015625 0.12109375
2 0.14609375 0.025 0.1359375 0.05
8 0.5859375 0.51875 0.82734375 0.56796875
2 0.4171875 0.06875 0.53125 0.1375
6 0.47421875 0.18984375 0.39296875 0.13984375
4 0.2171875 0.43984375 0.2234375 0.196875
1 0.8234375 0.2859375 0.1453125 0.09765625