8 0.4984375 0.5546875 0.6890625 0.534375
2 0.4109375 0.35703125 0.18671875 0.42421875
1 0.365625 0.2296875 0.0578125 0.11171875
1 0.2703125 0.26796875 0.046875 0.22421875
6 0.4046875 0.1734375 0.07265625 0.03203125
8 0.4984375 0.5546875 0.6890625 0.534375
2 0.4109375 0.35703125 0.18671875 0.42421875
1 0.365625 0.2296875 0.0578125 0.11171875
1 0.2703125 0.26796875 0.046875 0.22421875
6 0.4046875 0.1734375 0.07265625 0.03203125
8 0.4984375 0.5546875 0.6890625 0.534375
2 0.4109375 0.35703125 0.18671875 0.42421875
1 0.365625 0.2296875 0.0578125 0.11171875
1 0.2703125 0.26796875 0.046875 0.22421875
6 0.4046875 0.1734375 0.07265625 0.03203125