8 0.4953125 0.23359375 0.6765625 0.46640625
8 0.85859375 0.3046875 0.28203125 0.60703125
6 0.45703125 0.35546875 0.35625 0.28125
1 0.61953125 0.70703125 0.51796875 0.38046875
6 0.55625 0.715625 0.375 0.10078125
8 0.4953125 0.23359375 0.6765625 0.46640625
8 0.85859375 0.3046875 0.28203125 0.60703125
6 0.45703125 0.35546875 0.35625 0.28125
1 0.61953125 0.70703125 0.51796875 0.38046875
6 0.55625 0.715625 0.375 0.10078125
8 0.4953125 0.23359375 0.6765625 0.46640625
8 0.85859375 0.3046875 0.28203125 0.60703125
6 0.45703125 0.35546875 0.35625 0.28125
1 0.61953125 0.70703125 0.51796875 0.38046875
6 0.55625 0.715625 0.375 0.10078125