2 0.94296875 0.34609375 0.02734375 0.10703125
2 0.74296875 0.3578125 0.13359375 0.09609375
5 0.05703125 0.36015625 0.02578125 0.0703125
5 0.87421875 0.3296875 0.14765625 0.253125
5 0.025 0.37421875 0.04921875 0.134375
2 0.8484375 0.42109375 0.19765625 0.04296875
5 0.09609375 0.3375 0.06328125 0.1140625
5 0.409375 0.36328125 0.01328125 0.0640625
5 0.40078125 0.37265625 0.0515625 0.14296875
5 0.3484375 0.359375 0.1265625 0.2
5 0.1890625 0.5203125 0.378125 0.79453125
2 0.178125 0.61015625 0.35625 0.43828125
5 0.91015625 0.53203125 0.17890625 0.853125
5 0.6015625 0.5265625 0.4734375 0.9078125
2 0.60234375 0.596875 0.515625 0.44609375
2 0.94296875 0.34609375 0.02734375 0.10703125
2 0.74296875 0.3578125 0.13359375 0.09609375
5 0.05703125 0.36015625 0.02578125 0.0703125
5 0.87421875 0.3296875 0.14765625 0.253125
5 0.025 0.37421875 0.04921875 0.134375
2 0.8484375 0.42109375 0.19765625 0.04296875
5 0.09609375 0.3375 0.06328125 0.1140625
5 0.409375 0.36328125 0.01328125 0.0640625
5 0.40078125 0.37265625 0.0515625 0.14296875
5 0.3484375 0.359375 0.1265625 0.2
5 0.1890625 0.5203125 0.378125 0.79453125
2 0.178125 0.61015625 0.35625 0.43828125
5 0.91015625 0.53203125 0.17890625 0.853125
5 0.6015625 0.5265625 0.4734375 0.9078125
2 0.60234375 0.596875 0.515625 0.44609375
2 0.94296875 0.34609375 0.02734375 0.10703125
2 0.74296875 0.3578125 0.13359375 0.09609375
5 0.05703125 0.36015625 0.02578125 0.0703125
5 0.87421875 0.3296875 0.14765625 0.253125
5 0.025 0.37421875 0.04921875 0.134375
2 0.8484375 0.42109375 0.19765625 0.04296875
5 0.09609375 0.3375 0.06328125 0.1140625
5 0.409375 0.36328125 0.01328125 0.0640625
5 0.40078125 0.37265625 0.0515625 0.14296875
5 0.3484375 0.359375 0.1265625 0.2
5 0.1890625 0.5203125 0.378125 0.79453125
2 0.178125 0.61015625 0.35625 0.43828125
5 0.91015625 0.53203125 0.17890625 0.853125
5 0.6015625 0.5265625 0.4734375 0.9078125
2 0.60234375 0.596875 0.515625 0.44609375