2 0.66796875 0.74609375 0.178125 0.0796875
2 0.65 0.7390625 0.12734375 0.0703125
2 0.67265625 0.7390625 0.15625 0.06640625
2 0.6515625 0.7140625 0.12421875 0.07265625
2 0.7125 0.68515625 0.225 0.11484375
2 0.71953125 0.66640625 0.22734375 0.1171875
2 0.68046875 0.6765625 0.13984375 0.09140625
2 0.725 0.6484375 0.2109375 0.11796875
2 0.71796875 0.64765625 0.17421875 0.071875
2 0.73515625 0.60234375 0.20390625 0.15390625
1 0.725 0.64765625 0.165625 0.22421875
8 0.55546875 0.52265625 0.47109375 0.42890625
8 0.2171875 0.58515625 0.259375 0.321875
2 0.66796875 0.74609375 0.178125 0.0796875
2 0.65 0.7390625 0.12734375 0.0703125
2 0.67265625 0.7390625 0.15625 0.06640625
2 0.6515625 0.7140625 0.12421875 0.07265625
2 0.7125 0.68515625 0.225 0.11484375
2 0.71953125 0.66640625 0.22734375 0.1171875
2 0.68046875 0.6765625 0.13984375 0.09140625
2 0.725 0.6484375 0.2109375 0.11796875
2 0.71796875 0.64765625 0.17421875 0.071875
2 0.73515625 0.60234375 0.20390625 0.15390625
1 0.725 0.64765625 0.165625 0.22421875
8 0.55546875 0.52265625 0.47109375 0.42890625
8 0.2171875 0.58515625 0.259375 0.321875
2 0.66796875 0.74609375 0.178125 0.0796875
2 0.65 0.7390625 0.12734375 0.0703125
2 0.67265625 0.7390625 0.15625 0.06640625
2 0.6515625 0.7140625 0.12421875 0.07265625
2 0.7125 0.68515625 0.225 0.11484375
2 0.71953125 0.66640625 0.22734375 0.1171875
2 0.68046875 0.6765625 0.13984375 0.09140625
2 0.725 0.6484375 0.2109375 0.11796875
2 0.71796875 0.64765625 0.17421875 0.071875
2 0.73515625 0.60234375 0.20390625 0.15390625
1 0.725 0.64765625 0.165625 0.22421875
8 0.55546875 0.52265625 0.47109375 0.42890625
8 0.2171875 0.58515625 0.259375 0.321875