2 0.50234375 0.5484375 0.9953125 0.65234375
1 0.5 0.2109375 1 0.421875
1 0.2921875 0.41171875 0.30078125 0.26328125
2 0.39375 0.68515625 0.23828125 0.33828125
6 0.6359375 0.690625 0.290625 0.42265625
2 0.50234375 0.5484375 0.9953125 0.65234375
1 0.5 0.2109375 1 0.421875
1 0.2921875 0.41171875 0.30078125 0.26328125
2 0.39375 0.68515625 0.23828125 0.33828125
6 0.6359375 0.690625 0.290625 0.42265625
2 0.50234375 0.5484375 0.9953125 0.65234375
1 0.5 0.2109375 1 0.421875
1 0.2921875 0.41171875 0.30078125 0.26328125
2 0.39375 0.68515625 0.23828125 0.33828125
6 0.6359375 0.690625 0.290625 0.42265625