8 0.47265625 0.62890625 0.0328125 0.03203125
6 0.03828125 0.221875 0.0765625 0.11875
2 0.796875 0.28828125 0.23203125 0.31875
2 0.88203125 0.5859375 0.13671875 0.30625
2 0.81875 0.4828125 0.0765625 0.096875
2 0.82109375 0.52890625 0.07421875 0.14921875
2 0.4640625 0.1765625 0.49765625 0.3078125
2 0.43828125 0.32265625 0.4796875 0.52578125
2 0.7078125 0.71328125 0.284375 0.3640625
2 0.74921875 0.64453125 0.09921875 0.06171875
3 0.70234375 0.6703125 0.0265625 0.03828125
8 0.64453125 0.68046875 0.09921875 0.08203125
8 0.75078125 0.45390625 0.15390625 0.26171875
2 0.7421875 0.5921875 0.11796875 0.1078125
8 0.60546875 0.37578125 0.3046875 0.29609375
8 0.64296875 0.59375 0.1171875 0.15
2 0.57421875 0.70546875 0.05078125 0.11875
8 0.5453125 0.53515625 0.29140625 0.228125
2 0.45546875 0.85625 0.3203125 0.25234375
2 0.31640625 0.775 0.01875 0.0515625
7 0.31640625 0.81875 0.0140625 0.04609375
2 0.53671875 0.7921875 0.15703125 0.19140625
2 0.4703125 0.834375 0.0296875 0.04453125
2 0.51328125 0.71796875 0.11484375 0.1875
6 0.521875 0.79453125 0.121875 0.09375
2 0.49296875 0.84140625 0.04453125 0.0234375
8 0.33203125 0.5640625 0.17890625 0.41796875
8 0.38671875 0.30078125 0.171875 0.309375
8 0.07421875 0.9 0.1484375 0.2
8 0.23984375 0.8796875 0.19921875 0.23984375
8 0.38828125 0.75859375 0.14375 0.375
8 0.41875 0.60078125 0.06953125 0.025
1 0.85 0.29140625 0.12578125 0.12578125
8 0.47265625 0.62890625 0.0328125 0.03203125
6 0.03828125 0.221875 0.0765625 0.11875
2 0.796875 0.28828125 0.23203125 0.31875
2 0.88203125 0.5859375 0.13671875 0.30625
2 0.81875 0.4828125 0.0765625 0.096875
2 0.82109375 0.52890625 0.07421875 0.14921875
2 0.4640625 0.1765625 0.49765625 0.3078125
2 0.43828125 0.32265625 0.4796875 0.52578125
2 0.7078125 0.71328125 0.284375 0.3640625
2 0.74921875 0.64453125 0.09921875 0.06171875
3 0.70234375 0.6703125 0.0265625 0.03828125
8 0.64453125 0.68046875 0.09921875 0.08203125
8 0.75078125 0.45390625 0.15390625 0.26171875
2 0.7421875 0.5921875 0.11796875 0.1078125
8 0.60546875 0.37578125 0.3046875 0.29609375
8 0.64296875 0.59375 0.1171875 0.15
2 0.57421875 0.70546875 0.05078125 0.11875
8 0.5453125 0.53515625 0.29140625 0.228125
2 0.45546875 0.85625 0.3203125 0.25234375
2 0.31640625 0.775 0.01875 0.0515625
7 0.31640625 0.81875 0.0140625 0.04609375
2 0.53671875 0.7921875 0.15703125 0.19140625
2 0.4703125 0.834375 0.0296875 0.04453125
2 0.51328125 0.71796875 0.11484375 0.1875
6 0.521875 0.79453125 0.121875 0.09375
2 0.49296875 0.84140625 0.04453125 0.0234375
8 0.33203125 0.5640625 0.17890625 0.41796875
8 0.38671875 0.30078125 0.171875 0.309375
8 0.07421875 0.9 0.1484375 0.2
8 0.23984375 0.8796875 0.19921875 0.23984375
8 0.38828125 0.75859375 0.14375 0.375
8 0.41875 0.60078125 0.06953125 0.025
1 0.85 0.29140625 0.12578125 0.12578125
8 0.47265625 0.62890625 0.0328125 0.03203125
6 0.03828125 0.221875 0.0765625 0.11875
2 0.796875 0.28828125 0.23203125 0.31875
2 0.88203125 0.5859375 0.13671875 0.30625
2 0.81875 0.4828125 0.0765625 0.096875
2 0.82109375 0.52890625 0.07421875 0.14921875
2 0.4640625 0.1765625 0.49765625 0.3078125
2 0.43828125 0.32265625 0.4796875 0.52578125
2 0.7078125 0.71328125 0.284375 0.3640625
2 0.74921875 0.64453125 0.09921875 0.06171875
3 0.70234375 0.6703125 0.0265625 0.03828125
8 0.64453125 0.68046875 0.09921875 0.08203125
8 0.75078125 0.45390625 0.15390625 0.26171875
2 0.7421875 0.5921875 0.11796875 0.1078125
8 0.60546875 0.37578125 0.3046875 0.29609375
8 0.64296875 0.59375 0.1171875 0.15
2 0.57421875 0.70546875 0.05078125 0.11875
8 0.5453125 0.53515625 0.29140625 0.228125
2 0.45546875 0.85625 0.3203125 0.25234375
2 0.31640625 0.775 0.01875 0.0515625
7 0.31640625 0.81875 0.0140625 0.04609375
2 0.53671875 0.7921875 0.15703125 0.19140625
2 0.4703125 0.834375 0.0296875 0.04453125
2 0.51328125 0.71796875 0.11484375 0.1875
6 0.521875 0.79453125 0.121875 0.09375
2 0.49296875 0.84140625 0.04453125 0.0234375
8 0.33203125 0.5640625 0.17890625 0.41796875
8 0.38671875 0.30078125 0.171875 0.309375
8 0.07421875 0.9 0.1484375 0.2
8 0.23984375 0.8796875 0.19921875 0.23984375
8 0.38828125 0.75859375 0.14375 0.375
8 0.41875 0.60078125 0.06953125 0.025
1 0.85 0.29140625 0.12578125 0.12578125