8 0.5390625 0.53671875 0.85 0.83515625
6 0.62109375 0.53984375 0.1296875 0.06484375
8 0.93828125 0.97421875 0.121875 0.05078125
6 0.4296875 0.5171875 0.14765625 0.1171875
6 0.45 0.54765625 0.04609375 0.05078125
8 0.5390625 0.53671875 0.85 0.83515625
6 0.62109375 0.53984375 0.1296875 0.06484375
8 0.93828125 0.97421875 0.121875 0.05078125
6 0.4296875 0.5171875 0.14765625 0.1171875
6 0.45 0.54765625 0.04609375 0.05078125
8 0.5390625 0.53671875 0.85 0.83515625
6 0.62109375 0.53984375 0.1296875 0.06484375
8 0.93828125 0.97421875 0.121875 0.05078125
6 0.4296875 0.5171875 0.14765625 0.1171875
6 0.45 0.54765625 0.04609375 0.05078125