2 0.103125 0.50234375 0.08046875 0.0953125
8 0.225 0.3609375 0.04921875 0.040625
8 0.19453125 0.46875 0.11015625 0.259375
8 0.32265625 0.38203125 0.15390625 0.06171875
8 0.3140625 0.46953125 0.13828125 0.2015625
8 0.4171875 0.47578125 0.0984375 0.15703125
8 0.5046875 0.54921875 0.0796875 0.2203125
8 0.20703125 0.62265625 0.078125 0.20078125
8 0.2703125 0.6609375 0.0984375 0.215625
8 0.3578125 0.6234375 0.084375 0.2078125
8 0.4421875 0.62421875 0.10703125 0.23359375
8 0.5703125 0.546875 0.06015625 0.20234375
8 0.53359375 0.60390625 0.1234375 0.225
8 0.6125 0.43359375 0.1046875 0.11328125
8 0.5734375 0.4375 0.009375 0.04375
8 0.6546875 0.5640625 0.18203125 0.3515625
8 0.80625 0.61953125 0.209375 0.35546875
8 0.78515625 0.475 0.0953125 0.05
1 0.0140625 0.1109375 0.028125 0.140625
2 0.103125 0.50234375 0.08046875 0.0953125
8 0.225 0.3609375 0.04921875 0.040625
8 0.19453125 0.46875 0.11015625 0.259375
8 0.32265625 0.38203125 0.15390625 0.06171875
8 0.3140625 0.46953125 0.13828125 0.2015625
8 0.4171875 0.47578125 0.0984375 0.15703125
8 0.5046875 0.54921875 0.0796875 0.2203125
8 0.20703125 0.62265625 0.078125 0.20078125
8 0.2703125 0.6609375 0.0984375 0.215625
8 0.3578125 0.6234375 0.084375 0.2078125
8 0.4421875 0.62421875 0.10703125 0.23359375
8 0.5703125 0.546875 0.06015625 0.20234375
8 0.53359375 0.60390625 0.1234375 0.225
8 0.6125 0.43359375 0.1046875 0.11328125
8 0.5734375 0.4375 0.009375 0.04375
8 0.6546875 0.5640625 0.18203125 0.3515625
8 0.80625 0.61953125 0.209375 0.35546875
8 0.78515625 0.475 0.0953125 0.05
1 0.0140625 0.1109375 0.028125 0.140625
2 0.103125 0.50234375 0.08046875 0.0953125
8 0.225 0.3609375 0.04921875 0.040625
8 0.19453125 0.46875 0.11015625 0.259375
8 0.32265625 0.38203125 0.15390625 0.06171875
8 0.3140625 0.46953125 0.13828125 0.2015625
8 0.4171875 0.47578125 0.0984375 0.15703125
8 0.5046875 0.54921875 0.0796875 0.2203125
8 0.20703125 0.62265625 0.078125 0.20078125
8 0.2703125 0.6609375 0.0984375 0.215625
8 0.3578125 0.6234375 0.084375 0.2078125
8 0.4421875 0.62421875 0.10703125 0.23359375
8 0.5703125 0.546875 0.06015625 0.20234375
8 0.53359375 0.60390625 0.1234375 0.225
8 0.6125 0.43359375 0.1046875 0.11328125
8 0.5734375 0.4375 0.009375 0.04375
8 0.6546875 0.5640625 0.18203125 0.3515625
8 0.80625 0.61953125 0.209375 0.35546875
8 0.78515625 0.475 0.0953125 0.05
1 0.0140625 0.1109375 0.028125 0.140625