8 0.2640625 0.63046875 0.16953125 0.196875
8 0.14609375 0.52421875 0.24140625 0.33515625
8 0.18828125 0.24453125 0.25078125 0.40546875
8 0.359375 0.428125 0.27265625 0.40546875
8 0.43671875 0.6625 0.2828125 0.32734375
7 0.5078125 0.50859375 0.12265625 0.196875
7 0.63828125 0.29921875 0.20078125 0.121875
7 0.64453125 0.37734375 0.196875 0.19609375
7 0.62109375 0.48359375 0.1328125 0.0421875
7 0.62265625 0.54375 0.1296875 0.1015625
7 0.62265625 0.6 0.12109375 0.0578125
7 0.61953125 0.64609375 0.115625 0.065625
7 0.61953125 0.71484375 0.103125 0.09921875
8 0.821875 0.62890625 0.34765625 0.65078125
8 0.6421875 0.47734375 0.1734375 0.56796875
2 0.96640625 0.60390625 0.009375 0.2640625
7 0.4875 0.3890625 0.14453125 0.2609375
8 0.2640625 0.63046875 0.16953125 0.196875
8 0.14609375 0.52421875 0.24140625 0.33515625
8 0.18828125 0.24453125 0.25078125 0.40546875
8 0.359375 0.428125 0.27265625 0.40546875
8 0.43671875 0.6625 0.2828125 0.32734375
7 0.5078125 0.50859375 0.12265625 0.196875
7 0.63828125 0.29921875 0.20078125 0.121875
7 0.64453125 0.37734375 0.196875 0.19609375
7 0.62109375 0.48359375 0.1328125 0.0421875
7 0.62265625 0.54375 0.1296875 0.1015625
7 0.62265625 0.6 0.12109375 0.0578125
7 0.61953125 0.64609375 0.115625 0.065625
7 0.61953125 0.71484375 0.103125 0.09921875
8 0.821875 0.62890625 0.34765625 0.65078125
8 0.6421875 0.47734375 0.1734375 0.56796875
2 0.96640625 0.60390625 0.009375 0.2640625
7 0.4875 0.3890625 0.14453125 0.2609375
8 0.2640625 0.63046875 0.16953125 0.196875
8 0.14609375 0.52421875 0.24140625 0.33515625
8 0.18828125 0.24453125 0.25078125 0.40546875
8 0.359375 0.428125 0.27265625 0.40546875
8 0.43671875 0.6625 0.2828125 0.32734375
7 0.5078125 0.50859375 0.12265625 0.196875
7 0.63828125 0.29921875 0.20078125 0.121875
7 0.64453125 0.37734375 0.196875 0.19609375
7 0.62109375 0.48359375 0.1328125 0.0421875
7 0.62265625 0.54375 0.1296875 0.1015625
7 0.62265625 0.6 0.12109375 0.0578125
7 0.61953125 0.64609375 0.115625 0.065625
7 0.61953125 0.71484375 0.103125 0.09921875
8 0.821875 0.62890625 0.34765625 0.65078125
8 0.6421875 0.47734375 0.1734375 0.56796875
2 0.96640625 0.60390625 0.009375 0.2640625
7 0.4875 0.3890625 0.14453125 0.2609375