2 0.51875 0.534375 0.79296875 0.66953125
2 0.35078125 0.39296875 0.03359375 0.08984375
2 0.43671875 0.26640625 0.1796875 0.359375
2 0.4859375 0.30546875 0.19921875 0.29921875
2 0.46953125 0.38984375 0.0765625 0.1359375
2 0.5703125 0.33984375 0.26953125 0.27265625
2 0.51875 0.534375 0.79296875 0.66953125
2 0.35078125 0.39296875 0.03359375 0.08984375
2 0.43671875 0.26640625 0.1796875 0.359375
2 0.4859375 0.30546875 0.19921875 0.29921875
2 0.46953125 0.38984375 0.0765625 0.1359375
2 0.5703125 0.33984375 0.26953125 0.27265625
2 0.51875 0.534375 0.79296875 0.66953125
2 0.35078125 0.39296875 0.03359375 0.08984375
2 0.43671875 0.26640625 0.1796875 0.359375
2 0.4859375 0.30546875 0.19921875 0.29921875
2 0.46953125 0.38984375 0.0765625 0.1359375
2 0.5703125 0.33984375 0.26953125 0.27265625