2 0.5703125 0.4953125 0.42890625 0.23203125
2 0.36015625 0.2703125 0.08515625 0.29296875
2 0.575 0.3046875 0.44453125 0.3546875
8 0.32421875 0.55390625 0.14296875 0.0734375
8 0.3 0.6984375 0.2 0.37265625
2 0.528125 0.49453125 0.28203125 0.2
2 0.56171875 0.76484375 0.40078125 0.46953125
2 0.5515625 0.61640625 0.3015625 0.23984375
2 0.471875 0.1375 0.16328125 0.159375
2 0.5703125 0.4953125 0.42890625 0.23203125
2 0.36015625 0.2703125 0.08515625 0.29296875
2 0.575 0.3046875 0.44453125 0.3546875
8 0.32421875 0.55390625 0.14296875 0.0734375
8 0.3 0.6984375 0.2 0.37265625
2 0.528125 0.49453125 0.28203125 0.2
2 0.56171875 0.76484375 0.40078125 0.46953125
2 0.5515625 0.61640625 0.3015625 0.23984375
2 0.471875 0.1375 0.16328125 0.159375
2 0.5703125 0.4953125 0.42890625 0.23203125
2 0.36015625 0.2703125 0.08515625 0.29296875
2 0.575 0.3046875 0.44453125 0.3546875
8 0.32421875 0.55390625 0.14296875 0.0734375
8 0.3 0.6984375 0.2 0.37265625
2 0.528125 0.49453125 0.28203125 0.2
2 0.56171875 0.76484375 0.40078125 0.46953125
2 0.5515625 0.61640625 0.3015625 0.23984375
2 0.471875 0.1375 0.16328125 0.159375