2 0.46328125 0.3421875 0.5328125 0.646875
2 0.47109375 0.6828125 0.70625 0.62421875
2 0.059375 0.6390625 0.11875 0.31953125
2 0.09921875 0.30234375 0.1984375 0.36875
2 0.03125 0.83359375 0.06171875 0.33203125
2 0.46328125 0.3421875 0.5328125 0.646875
2 0.47109375 0.6828125 0.70625 0.62421875
2 0.059375 0.6390625 0.11875 0.31953125
2 0.09921875 0.30234375 0.1984375 0.36875
2 0.03125 0.83359375 0.06171875 0.33203125
2 0.46328125 0.3421875 0.5328125 0.646875
2 0.47109375 0.6828125 0.70625 0.62421875
2 0.059375 0.6390625 0.11875 0.31953125
2 0.09921875 0.30234375 0.1984375 0.36875
2 0.03125 0.83359375 0.06171875 0.33203125