8 0.1734375 0.6578125 0.346875 0.2140625
6 0.16640625 0.64921875 0.325 0.3015625
6 0.65078125 0.91875 0.69765625 0.1625
6 0.64765625 0.8859375 0.7046875 0.2109375
6 0.62109375 0.63046875 0.75546875 0.61640625
4 0.92578125 0.4953125 0.1484375 0.34921875
4 0.55859375 0.91953125 0.5703125 0.1609375
6 0.6359375 0.6875 0.48203125 0.421875
4 0.5765625 0.81875 0.10390625 0.0859375
1 0.57578125 0.81953125 0.09296875 0.06484375
2 0.534375 0.521875 0.2234375 0.09140625
8 0.1734375 0.6578125 0.346875 0.2140625
6 0.16640625 0.64921875 0.325 0.3015625
6 0.65078125 0.91875 0.69765625 0.1625
6 0.64765625 0.8859375 0.7046875 0.2109375
6 0.62109375 0.63046875 0.75546875 0.61640625
4 0.92578125 0.4953125 0.1484375 0.34921875
4 0.55859375 0.91953125 0.5703125 0.1609375
6 0.6359375 0.6875 0.48203125 0.421875
4 0.5765625 0.81875 0.10390625 0.0859375
1 0.57578125 0.81953125 0.09296875 0.06484375
2 0.534375 0.521875 0.2234375 0.09140625
8 0.1734375 0.6578125 0.346875 0.2140625
6 0.16640625 0.64921875 0.325 0.3015625
6 0.65078125 0.91875 0.69765625 0.1625
6 0.64765625 0.8859375 0.7046875 0.2109375
6 0.62109375 0.63046875 0.75546875 0.61640625
4 0.92578125 0.4953125 0.1484375 0.34921875
4 0.55859375 0.91953125 0.5703125 0.1609375
6 0.6359375 0.6875 0.48203125 0.421875
4 0.5765625 0.81875 0.10390625 0.0859375
1 0.57578125 0.81953125 0.09296875 0.06484375
2 0.534375 0.521875 0.2234375 0.09140625