8 0.7203125 0.09296875 0.07890625 0.0875
8 0.69140625 0.1171875 0.0828125 0.08828125
8 0.6609375 0.13125 0.10546875 0.0546875
8 0.69375 0.175 0.13828125 0.08359375
8 0.69375 0.24921875 0.05625 0.06484375
4 0.74921875 0.328125 0.140625 0.13359375
8 0.61328125 0.18203125 0.2546875 0.10625
8 0.5828125 0.253125 0.16640625 0.084375
8 0.59609375 0.55 0.12421875 0.075
8 0.43671875 0.2734375 0.19453125 0.19765625
8 0.80390625 0.44609375 0.134375 0.14921875
6 0.665625 0.5046875 0.22265625 0.03125
6 0.59765625 0.45078125 0.31796875 0.1203125
6 0.5953125 0.38671875 0.3265625 0.0328125
6 0.590625 0.3265625 0.22890625 0.1046875
8 0.61796875 0.3484375 0.13125 0.06015625
8 0.40234375 0.3765625 0.23828125 0.1453125
8 0.309375 0.50234375 0.06328125 0.103125
8 0.27734375 0.60625 0.18515625 0.12265625
8 0.253125 0.55390625 0.1671875 0.15625
8 0.5078125 0.58359375 0.13125 0.04609375
8 0.43125 0.4953125 0.2546875 0.21328125
8 0.5234375 0.6546875 0.13125 0.14296875
8 0.2703125 0.72890625 0.07578125 0.07734375
8 0.2640625 0.85546875 0.128125 0.21640625
8 0.4078125 0.77265625 0.2328125 0.1546875
8 0.3390625 0.65078125 0.2921875 0.1171875
8 0.13359375 0.79609375 0.2671875 0.290625
2 0.334375 0.7890625 0.08984375 0.025
8 0.346875 0.8921875 0.23671875 0.215625
8 0.71953125 0.58359375 0.3203125 0.21328125
8 0.5734375 0.77421875 0.2234375 0.19921875
1 0.8109375 0.765625 0.2734375 0.32578125
8 0.53671875 0.91796875 0.14921875 0.16328125
1 0.73046875 0.86640625 0.27890625 0.26640625
8 0.4296875 0.96796875 0.20390625 0.06328125
1 0.6359375 0.39296875 0.04140625 0.23984375
1 0.47890625 0.3734375 0.01328125 0.0359375
8 0.7203125 0.09296875 0.07890625 0.0875
8 0.69140625 0.1171875 0.0828125 0.08828125
8 0.6609375 0.13125 0.10546875 0.0546875
8 0.69375 0.175 0.13828125 0.08359375
8 0.69375 0.24921875 0.05625 0.06484375
4 0.74921875 0.328125 0.140625 0.13359375
8 0.61328125 0.18203125 0.2546875 0.10625
8 0.5828125 0.253125 0.16640625 0.084375
8 0.59609375 0.55 0.12421875 0.075
8 0.43671875 0.2734375 0.19453125 0.19765625
8 0.80390625 0.44609375 0.134375 0.14921875
6 0.665625 0.5046875 0.22265625 0.03125
6 0.59765625 0.45078125 0.31796875 0.1203125
6 0.5953125 0.38671875 0.3265625 0.0328125
6 0.590625 0.3265625 0.22890625 0.1046875
8 0.61796875 0.3484375 0.13125 0.06015625
8 0.40234375 0.3765625 0.23828125 0.1453125
8 0.309375 0.50234375 0.06328125 0.103125
8 0.27734375 0.60625 0.18515625 0.12265625
8 0.253125 0.55390625 0.1671875 0.15625
8 0.5078125 0.58359375 0.13125 0.04609375
8 0.43125 0.4953125 0.2546875 0.21328125
8 0.5234375 0.6546875 0.13125 0.14296875
8 0.2703125 0.72890625 0.07578125 0.07734375
8 0.2640625 0.85546875 0.128125 0.21640625
8 0.4078125 0.77265625 0.2328125 0.1546875
8 0.3390625 0.65078125 0.2921875 0.1171875
8 0.13359375 0.79609375 0.2671875 0.290625
2 0.334375 0.7890625 0.08984375 0.025
8 0.346875 0.8921875 0.23671875 0.215625
8 0.71953125 0.58359375 0.3203125 0.21328125
8 0.5734375 0.77421875 0.2234375 0.19921875
1 0.8109375 0.765625 0.2734375 0.32578125
8 0.53671875 0.91796875 0.14921875 0.16328125
1 0.73046875 0.86640625 0.27890625 0.26640625
8 0.4296875 0.96796875 0.20390625 0.06328125
1 0.6359375 0.39296875 0.04140625 0.23984375
1 0.47890625 0.3734375 0.01328125 0.0359375
8 0.7203125 0.09296875 0.07890625 0.0875
8 0.69140625 0.1171875 0.0828125 0.08828125
8 0.6609375 0.13125 0.10546875 0.0546875
8 0.69375 0.175 0.13828125 0.08359375
8 0.69375 0.24921875 0.05625 0.06484375
4 0.74921875 0.328125 0.140625 0.13359375
8 0.61328125 0.18203125 0.2546875 0.10625
8 0.5828125 0.253125 0.16640625 0.084375
8 0.59609375 0.55 0.12421875 0.075
8 0.43671875 0.2734375 0.19453125 0.19765625
8 0.80390625 0.44609375 0.134375 0.14921875
6 0.665625 0.5046875 0.22265625 0.03125
6 0.59765625 0.45078125 0.31796875 0.1203125
6 0.5953125 0.38671875 0.3265625 0.0328125
6 0.590625 0.3265625 0.22890625 0.1046875
8 0.61796875 0.3484375 0.13125 0.06015625
8 0.40234375 0.3765625 0.23828125 0.1453125
8 0.309375 0.50234375 0.06328125 0.103125
8 0.27734375 0.60625 0.18515625 0.12265625
8 0.253125 0.55390625 0.1671875 0.15625
8 0.5078125 0.58359375 0.13125 0.04609375
8 0.43125 0.4953125 0.2546875 0.21328125
8 0.5234375 0.6546875 0.13125 0.14296875
8 0.2703125 0.72890625 0.07578125 0.07734375
8 0.2640625 0.85546875 0.128125 0.21640625
8 0.4078125 0.77265625 0.2328125 0.1546875
8 0.3390625 0.65078125 0.2921875 0.1171875
8 0.13359375 0.79609375 0.2671875 0.290625
2 0.334375 0.7890625 0.08984375 0.025
8 0.346875 0.8921875 0.23671875 0.215625
8 0.71953125 0.58359375 0.3203125 0.21328125
8 0.5734375 0.77421875 0.2234375 0.19921875
1 0.8109375 0.765625 0.2734375 0.32578125
8 0.53671875 0.91796875 0.14921875 0.16328125
1 0.73046875 0.86640625 0.27890625 0.26640625
8 0.4296875 0.96796875 0.20390625 0.06328125
1 0.6359375 0.39296875 0.04140625 0.23984375
1 0.47890625 0.3734375 0.01328125 0.0359375