2 0.16953125 0.3640625 0.0421875 0.14765625
2 0.20703125 0.35546875 0.075 0.10234375
8 0.56953125 0.63359375 0.228125 0.27734375
2 0.76484375 0.36171875 0.10859375 0.1921875
2 0.784375 0.3625 0.12109375 0.17890625
2 0.7375 0.4875 0.08828125 0.11875
2 0.30703125 0.41796875 0.18046875 0.18203125
8 0.27265625 0.378125 0.078125 0.05859375
6 0.34140625 0.35 0.0515625 0.06484375
6 0.31953125 0.31171875 0.05390625 0.034375
7 0.3140625 0.3703125 0.10390625 0.1203125
8 0.4171875 0.42734375 0.11875 0.2390625
2 0.18828125 0.41953125 0.034375 0.06015625
2 0.215625 0.440625 0.0390625 0.1078125
2 0.22421875 0.446875 0.02734375 0.090625
2 0.128125 0.38828125 0.0640625 0.0765625
2 0.08828125 0.4984375 0.10546875 0.21328125
2 0.1421875 0.5328125 0.16953125 0.2046875
2 0.1171875 0.48984375 0.090625 0.0734375
8 0.08203125 0.47734375 0.040625 0.046875
5 0.0828125 0.478125 0.0515625 0.05
2 0.25390625 0.6640625 0.39453125 0.41796875
6 0.36953125 0.5828125 0.06171875 0.07265625
6 0.28828125 0.5921875 0.0578125 0.053125
6 0.34609375 0.59375 0.0921875 0.075
6 0.28203125 0.559375 0.06875 0.0671875
6 0.3296875 0.6984375 0.01796875 0.04609375
6 0.353125 0.67109375 0.034375 0.04765625
6 0.20390625 0.6421875 0.0671875 0.078125
6 0.3203125 0.8 0.02578125 0.040625
6 0.2875 0.77578125 0.0671875 0.09375
6 0.2125 0.7109375 0.04921875 0.06953125
6 0.2734375 0.66953125 0.12265625 0.1359375
1 0.32421875 0.67109375 0.0296875 0.0546875
1 0.17265625 0.69140625 0.0390625 0.0265625
6 0.23203125 0.7390625 0.053125 0.03515625
1 0.234375 0.74296875 0.0515625 0.0734375
2 0.11015625 0.47421875 0.0359375 0.040625
2 0.16953125 0.3640625 0.0421875 0.14765625
2 0.20703125 0.35546875 0.075 0.10234375
8 0.56953125 0.63359375 0.228125 0.27734375
2 0.76484375 0.36171875 0.10859375 0.1921875
2 0.784375 0.3625 0.12109375 0.17890625
2 0.7375 0.4875 0.08828125 0.11875
2 0.30703125 0.41796875 0.18046875 0.18203125
8 0.27265625 0.378125 0.078125 0.05859375
6 0.34140625 0.35 0.0515625 0.06484375
6 0.31953125 0.31171875 0.05390625 0.034375
7 0.3140625 0.3703125 0.10390625 0.1203125
8 0.4171875 0.42734375 0.11875 0.2390625
2 0.18828125 0.41953125 0.034375 0.06015625
2 0.215625 0.440625 0.0390625 0.1078125
2 0.22421875 0.446875 0.02734375 0.090625
2 0.128125 0.38828125 0.0640625 0.0765625
2 0.08828125 0.4984375 0.10546875 0.21328125
2 0.1421875 0.5328125 0.16953125 0.2046875
2 0.1171875 0.48984375 0.090625 0.0734375
8 0.08203125 0.47734375 0.040625 0.046875
5 0.0828125 0.478125 0.0515625 0.05
2 0.25390625 0.6640625 0.39453125 0.41796875
6 0.36953125 0.5828125 0.06171875 0.07265625
6 0.28828125 0.5921875 0.0578125 0.053125
6 0.34609375 0.59375 0.0921875 0.075
6 0.28203125 0.559375 0.06875 0.0671875
6 0.3296875 0.6984375 0.01796875 0.04609375
6 0.353125 0.67109375 0.034375 0.04765625
6 0.20390625 0.6421875 0.0671875 0.078125
6 0.3203125 0.8 0.02578125 0.040625
6 0.2875 0.77578125 0.0671875 0.09375
6 0.2125 0.7109375 0.04921875 0.06953125
6 0.2734375 0.66953125 0.12265625 0.1359375
1 0.32421875 0.67109375 0.0296875 0.0546875
1 0.17265625 0.69140625 0.0390625 0.0265625
6 0.23203125 0.7390625 0.053125 0.03515625
1 0.234375 0.74296875 0.0515625 0.0734375
2 0.11015625 0.47421875 0.0359375 0.040625
2 0.16953125 0.3640625 0.0421875 0.14765625
2 0.20703125 0.35546875 0.075 0.10234375
8 0.56953125 0.63359375 0.228125 0.27734375
2 0.76484375 0.36171875 0.10859375 0.1921875
2 0.784375 0.3625 0.12109375 0.17890625
2 0.7375 0.4875 0.08828125 0.11875
2 0.30703125 0.41796875 0.18046875 0.18203125
8 0.27265625 0.378125 0.078125 0.05859375
6 0.34140625 0.35 0.0515625 0.06484375
6 0.31953125 0.31171875 0.05390625 0.034375
7 0.3140625 0.3703125 0.10390625 0.1203125
8 0.4171875 0.42734375 0.11875 0.2390625
2 0.18828125 0.41953125 0.034375 0.06015625
2 0.215625 0.440625 0.0390625 0.1078125
2 0.22421875 0.446875 0.02734375 0.090625
2 0.128125 0.38828125 0.0640625 0.0765625
2 0.08828125 0.4984375 0.10546875 0.21328125
2 0.1421875 0.5328125 0.16953125 0.2046875
2 0.1171875 0.48984375 0.090625 0.0734375
8 0.08203125 0.47734375 0.040625 0.046875
5 0.0828125 0.478125 0.0515625 0.05
2 0.25390625 0.6640625 0.39453125 0.41796875
6 0.36953125 0.5828125 0.06171875 0.07265625
6 0.28828125 0.5921875 0.0578125 0.053125
6 0.34609375 0.59375 0.0921875 0.075
6 0.28203125 0.559375 0.06875 0.0671875
6 0.3296875 0.6984375 0.01796875 0.04609375
6 0.353125 0.67109375 0.034375 0.04765625
6 0.20390625 0.6421875 0.0671875 0.078125
6 0.3203125 0.8 0.02578125 0.040625
6 0.2875 0.77578125 0.0671875 0.09375
6 0.2125 0.7109375 0.04921875 0.06953125
6 0.2734375 0.66953125 0.12265625 0.1359375
1 0.32421875 0.67109375 0.0296875 0.0546875
1 0.17265625 0.69140625 0.0390625 0.0265625
6 0.23203125 0.7390625 0.053125 0.03515625
1 0.234375 0.74296875 0.0515625 0.0734375
2 0.11015625 0.47421875 0.0359375 0.040625