6 0.0984375 0.1890625 0.1046875 0.37734375
2 0.153125 0.37109375 0.20234375 0.48046875
6 0.23671875 0.253125 0.10078125 0.26015625
2 0.72734375 0.42109375 0.04375 0.12421875
2 0.86640625 0.37265625 0.26640625 0.28671875
8 0.946875 0.17421875 0.10546875 0.13203125
6 0.96015625 0.24140625 0.0796875 0.05546875
6 0.89453125 0.24765625 0.096875 0.059375
6 0.97578125 0.31953125 0.0484375 0.1078125
2 0.92890625 0.3078125 0.08203125 0.090625
1 0.89453125 0.62421875 0.1953125 0.05
2 0.946875 0.5328125 0.10625 0.18984375
1 0.8890625 0.575 0.090625 0.046875
2 0.90078125 0.73671875 0.1984375 0.22109375
2 0.86484375 0.709375 0.0765625 0.1015625
2 0.9 0.78125 0.0796875 0.103125
2 0.95078125 0.75546875 0.07265625 0.046875
3 0.809375 0.7671875 0.06875 0.0375
3 0.81484375 0.75625 0.07109375 0.0375
3 0.8203125 0.72109375 0.075 0.08203125
8 0.7140625 0.62890625 0.25859375 0.2953125
8 0.7765625 0.49453125 0.06875 0.034375
8 0.27265625 0.45546875 0.26328125 0.28984375
8 0.28984375 0.38984375 0.1140625 0.05234375
8 0.49296875 0.44921875 0.43203125 0.328125
6 0.4078125 0.334375 0.1546875 0.03203125
8 0.56640625 0.7921875 0.31484375 0.36171875
8 0.6359375 0.62734375 0.12265625 0.05625
6 0.56640625 0.3859375 0.1296875 0.084375
6 0.0984375 0.1890625 0.1046875 0.37734375
2 0.153125 0.37109375 0.20234375 0.48046875
6 0.23671875 0.253125 0.10078125 0.26015625
2 0.72734375 0.42109375 0.04375 0.12421875
2 0.86640625 0.37265625 0.26640625 0.28671875
8 0.946875 0.17421875 0.10546875 0.13203125
6 0.96015625 0.24140625 0.0796875 0.05546875
6 0.89453125 0.24765625 0.096875 0.059375
6 0.97578125 0.31953125 0.0484375 0.1078125
2 0.92890625 0.3078125 0.08203125 0.090625
1 0.89453125 0.62421875 0.1953125 0.05
2 0.946875 0.5328125 0.10625 0.18984375
1 0.8890625 0.575 0.090625 0.046875
2 0.90078125 0.73671875 0.1984375 0.22109375
2 0.86484375 0.709375 0.0765625 0.1015625
2 0.9 0.78125 0.0796875 0.103125
2 0.95078125 0.75546875 0.07265625 0.046875
3 0.809375 0.7671875 0.06875 0.0375
3 0.81484375 0.75625 0.07109375 0.0375
3 0.8203125 0.72109375 0.075 0.08203125
8 0.7140625 0.62890625 0.25859375 0.2953125
8 0.7765625 0.49453125 0.06875 0.034375
8 0.27265625 0.45546875 0.26328125 0.28984375
8 0.28984375 0.38984375 0.1140625 0.05234375
8 0.49296875 0.44921875 0.43203125 0.328125
6 0.4078125 0.334375 0.1546875 0.03203125
8 0.56640625 0.7921875 0.31484375 0.36171875
8 0.6359375 0.62734375 0.12265625 0.05625
6 0.56640625 0.3859375 0.1296875 0.084375
6 0.0984375 0.1890625 0.1046875 0.37734375
2 0.153125 0.37109375 0.20234375 0.48046875
6 0.23671875 0.253125 0.10078125 0.26015625
2 0.72734375 0.42109375 0.04375 0.12421875
2 0.86640625 0.37265625 0.26640625 0.28671875
8 0.946875 0.17421875 0.10546875 0.13203125
6 0.96015625 0.24140625 0.0796875 0.05546875
6 0.89453125 0.24765625 0.096875 0.059375
6 0.97578125 0.31953125 0.0484375 0.1078125
2 0.92890625 0.3078125 0.08203125 0.090625
1 0.89453125 0.62421875 0.1953125 0.05
2 0.946875 0.5328125 0.10625 0.18984375
1 0.8890625 0.575 0.090625 0.046875
2 0.90078125 0.73671875 0.1984375 0.22109375
2 0.86484375 0.709375 0.0765625 0.1015625
2 0.9 0.78125 0.0796875 0.103125
2 0.95078125 0.75546875 0.07265625 0.046875
3 0.809375 0.7671875 0.06875 0.0375
3 0.81484375 0.75625 0.07109375 0.0375
3 0.8203125 0.72109375 0.075 0.08203125
8 0.7140625 0.62890625 0.25859375 0.2953125
8 0.7765625 0.49453125 0.06875 0.034375
8 0.27265625 0.45546875 0.26328125 0.28984375
8 0.28984375 0.38984375 0.1140625 0.05234375
8 0.49296875 0.44921875 0.43203125 0.328125
6 0.4078125 0.334375 0.1546875 0.03203125
8 0.56640625 0.7921875 0.31484375 0.36171875
8 0.6359375 0.62734375 0.12265625 0.05625
6 0.56640625 0.3859375 0.1296875 0.084375