7 0.0640625 0.625 0.128125 0.3640625
1 0.0515625 0.590625 0.103125 0.2734375
2 0.021875 0.553125 0.04375 0.25625
2 0.26875 0.7859375 0.4296875 0.284375
2 0.7765625 0.55546875 0.3421875 0.48125
2 0.56171875 0.1765625 0.3578125 0.32578125
2 0.3296875 0.5765625 0.58359375 0.60859375
2 0.4234375 0.41171875 0.12265625 0.09921875
2 0.29375 0.28125 0.340625 0.3203125
6 0.59453125 0.10234375 0.23828125 0.1328125
1 0.59765625 0.10546875 0.04921875 0.06875
2 0.1 0.909375 0.14375 0.07421875
2 0.10078125 0.9484375 0.20078125 0.10234375
1 0.153125 0.9484375 0.14296875 0.10234375
1 0.0890625 0.9203125 0.103125 0.10234375
2 0.0375 0.9671875 0.075 0.065625
1 0.04609375 0.88671875 0.0921875 0.0921875
7 0.0640625 0.625 0.128125 0.3640625
1 0.0515625 0.590625 0.103125 0.2734375
2 0.021875 0.553125 0.04375 0.25625
2 0.26875 0.7859375 0.4296875 0.284375
2 0.7765625 0.55546875 0.3421875 0.48125
2 0.56171875 0.1765625 0.3578125 0.32578125
2 0.3296875 0.5765625 0.58359375 0.60859375
2 0.4234375 0.41171875 0.12265625 0.09921875
2 0.29375 0.28125 0.340625 0.3203125
6 0.59453125 0.10234375 0.23828125 0.1328125
1 0.59765625 0.10546875 0.04921875 0.06875
2 0.1 0.909375 0.14375 0.07421875
2 0.10078125 0.9484375 0.20078125 0.10234375
1 0.153125 0.9484375 0.14296875 0.10234375
1 0.0890625 0.9203125 0.103125 0.10234375
2 0.0375 0.9671875 0.075 0.065625
1 0.04609375 0.88671875 0.0921875 0.0921875
7 0.0640625 0.625 0.128125 0.3640625
1 0.0515625 0.590625 0.103125 0.2734375
2 0.021875 0.553125 0.04375 0.25625
2 0.26875 0.7859375 0.4296875 0.284375
2 0.7765625 0.55546875 0.3421875 0.48125
2 0.56171875 0.1765625 0.3578125 0.32578125
2 0.3296875 0.5765625 0.58359375 0.60859375
2 0.4234375 0.41171875 0.12265625 0.09921875
2 0.29375 0.28125 0.340625 0.3203125
6 0.59453125 0.10234375 0.23828125 0.1328125
1 0.59765625 0.10546875 0.04921875 0.06875
2 0.1 0.909375 0.14375 0.07421875
2 0.10078125 0.9484375 0.20078125 0.10234375
1 0.153125 0.9484375 0.14296875 0.10234375
1 0.0890625 0.9203125 0.103125 0.10234375
2 0.0375 0.9671875 0.075 0.065625
1 0.04609375 0.88671875 0.0921875 0.0921875