8 0.11640625 0.13984375 0.2328125 0.2796875
8 0.56015625 0.02734375 0.2359375 0.0546875
2 0.48125 0.19609375 0.7625 0.3921875
8 0.79765625 0.49453125 0.3484375 0.428125
8 0.11796875 0.6734375 0.23515625 0.6515625
2 0.4171875 0.5625 0.4671875 0.56875
7 0.321875 0.47109375 0.6265625 0.6359375
8 0.11640625 0.13984375 0.2328125 0.2796875
8 0.56015625 0.02734375 0.2359375 0.0546875
2 0.48125 0.19609375 0.7625 0.3921875
8 0.79765625 0.49453125 0.3484375 0.428125
8 0.11796875 0.6734375 0.23515625 0.6515625
2 0.4171875 0.5625 0.4671875 0.56875
7 0.321875 0.47109375 0.6265625 0.6359375
8 0.11640625 0.13984375 0.2328125 0.2796875
8 0.56015625 0.02734375 0.2359375 0.0546875
2 0.48125 0.19609375 0.7625 0.3921875
8 0.79765625 0.49453125 0.3484375 0.428125
8 0.11796875 0.6734375 0.23515625 0.6515625
2 0.4171875 0.5625 0.4671875 0.56875
7 0.321875 0.47109375 0.6265625 0.6359375