2 0.62734375 0.859375 0.16796875 0.2671875
2 0.51328125 0.8828125 0.05234375 0.03203125
2 0.35546875 0.415625 0.07578125 0.0421875
8 0.5203125 0.52734375 0.3265625 0.34140625
2 0.62734375 0.859375 0.16796875 0.2671875
2 0.51328125 0.8828125 0.05234375 0.03203125
2 0.35546875 0.415625 0.07578125 0.0421875
8 0.5203125 0.52734375 0.3265625 0.34140625
2 0.62734375 0.859375 0.16796875 0.2671875
2 0.51328125 0.8828125 0.05234375 0.03203125
2 0.35546875 0.415625 0.07578125 0.0421875
8 0.5203125 0.52734375 0.3265625 0.34140625