6 0.634375 0.45234375 0.32890625 0.36171875
2 0.634375 0.51796875 0.2671875 0.1515625
1 0.66171875 0.2875 0.1125 0.3140625
1 0.21640625 0.39609375 0.184375 0.14375
8 0.08515625 0.1375 0.16953125 0.275
8 0.040625 0.2734375 0.08125 0.0421875
6 0.634375 0.45234375 0.32890625 0.36171875
2 0.634375 0.51796875 0.2671875 0.1515625
1 0.66171875 0.2875 0.1125 0.3140625
1 0.21640625 0.39609375 0.184375 0.14375
8 0.08515625 0.1375 0.16953125 0.275
8 0.040625 0.2734375 0.08125 0.0421875
6 0.634375 0.45234375 0.32890625 0.36171875
2 0.634375 0.51796875 0.2671875 0.1515625
1 0.66171875 0.2875 0.1125 0.3140625
1 0.21640625 0.39609375 0.184375 0.14375
8 0.08515625 0.1375 0.16953125 0.275
8 0.040625 0.2734375 0.08125 0.0421875