1 0.465625 0.88125 0.115625 0.10234375
2 0.465625 0.42421875 0.4609375 0.2828125
2 0.55390625 0.4390625 0.1390625 0.0703125
2 0.4453125 0.41171875 0.12890625 0.06953125
1 0.465625 0.88125 0.115625 0.10234375
2 0.465625 0.42421875 0.4609375 0.2828125
2 0.55390625 0.4390625 0.1390625 0.0703125
2 0.4453125 0.41171875 0.12890625 0.06953125
1 0.465625 0.88125 0.115625 0.10234375
2 0.465625 0.42421875 0.4609375 0.2828125
2 0.55390625 0.4390625 0.1390625 0.0703125
2 0.4453125 0.41171875 0.12890625 0.06953125