2 0.6328125 0.20546875 0.1703125 0.090625
2 0.6796875 0.26640625 0.1546875 0.0703125
2 0.5890625 0.33671875 0.2359375 0.1484375
2 0.503125 0.45390625 0.40234375 0.16171875
2 0.42890625 0.59140625 0.440625 0.215625
2 0.38046875 0.76953125 0.47890625 0.33203125
2 0.64609375 0.20859375 0.11484375 0.06328125
2 0.6390625 0.284375 0.01953125 0.0625
2 0.5625 0.25703125 0.13359375 0.01484375
2 0.55703125 0.290625 0.1453125 0.053125
2 0.55 0.36171875 0.24375 0.084375
1 0.69296875 0.4421875 0.03046875 0.06484375
2 0.67265625 0.3890625 0.02890625 0.0625
2 0.39921875 0.4375 0.1640625 0.11484375
2 0.58828125 0.45234375 0.19453125 0.1203125
2 0.57734375 0.5609375 0.09921875 0.13125
2 0.40234375 0.75390625 0.3234375 0.13984375
2 0.6328125 0.20546875 0.1703125 0.090625
2 0.6796875 0.26640625 0.1546875 0.0703125
2 0.5890625 0.33671875 0.2359375 0.1484375
2 0.503125 0.45390625 0.40234375 0.16171875
2 0.42890625 0.59140625 0.440625 0.215625
2 0.38046875 0.76953125 0.47890625 0.33203125
2 0.64609375 0.20859375 0.11484375 0.06328125
2 0.6390625 0.284375 0.01953125 0.0625
2 0.5625 0.25703125 0.13359375 0.01484375
2 0.55703125 0.290625 0.1453125 0.053125
2 0.55 0.36171875 0.24375 0.084375
1 0.69296875 0.4421875 0.03046875 0.06484375
2 0.67265625 0.3890625 0.02890625 0.0625
2 0.39921875 0.4375 0.1640625 0.11484375
2 0.58828125 0.45234375 0.19453125 0.1203125
2 0.57734375 0.5609375 0.09921875 0.13125
2 0.40234375 0.75390625 0.3234375 0.13984375
2 0.6328125 0.20546875 0.1703125 0.090625
2 0.6796875 0.26640625 0.1546875 0.0703125
2 0.5890625 0.33671875 0.2359375 0.1484375
2 0.503125 0.45390625 0.40234375 0.16171875
2 0.42890625 0.59140625 0.440625 0.215625
2 0.38046875 0.76953125 0.47890625 0.33203125
2 0.64609375 0.20859375 0.11484375 0.06328125
2 0.6390625 0.284375 0.01953125 0.0625
2 0.5625 0.25703125 0.13359375 0.01484375
2 0.55703125 0.290625 0.1453125 0.053125
2 0.55 0.36171875 0.24375 0.084375
1 0.69296875 0.4421875 0.03046875 0.06484375
2 0.67265625 0.3890625 0.02890625 0.0625
2 0.39921875 0.4375 0.1640625 0.11484375
2 0.58828125 0.45234375 0.19453125 0.1203125
2 0.57734375 0.5609375 0.09921875 0.13125
2 0.40234375 0.75390625 0.3234375 0.13984375