8 0.53203125 0.43046875 0.8265625 0.71796875
8 0.06640625 0.6109375 0.13125 0.29609375
3 0.28515625 0.35625 0.09140625 0.1015625
8 0.29140625 0.465625 0.20859375 0.159375
1 0.81015625 0.57890625 0.1375 0.025
0 0.5484375 0.66171875 0.346875 0.20859375
1 0.56328125 0.5671875 0.096875 0.02421875
8 0.615625 0.35390625 0.18203125 0.11640625
8 0.38828125 0.33984375 0.21875 0.1421875
1 0.384375 0.45546875 0.11875 0.09296875
8 0.53203125 0.43046875 0.8265625 0.71796875
8 0.06640625 0.6109375 0.13125 0.29609375
3 0.28515625 0.35625 0.09140625 0.1015625
8 0.29140625 0.465625 0.20859375 0.159375
1 0.81015625 0.57890625 0.1375 0.025
0 0.5484375 0.66171875 0.346875 0.20859375
1 0.56328125 0.5671875 0.096875 0.02421875
8 0.615625 0.35390625 0.18203125 0.11640625
8 0.38828125 0.33984375 0.21875 0.1421875
1 0.384375 0.45546875 0.11875 0.09296875
8 0.53203125 0.43046875 0.8265625 0.71796875
8 0.06640625 0.6109375 0.13125 0.29609375
3 0.28515625 0.35625 0.09140625 0.1015625
8 0.29140625 0.465625 0.20859375 0.159375
1 0.81015625 0.57890625 0.1375 0.025
0 0.5484375 0.66171875 0.346875 0.20859375
1 0.56328125 0.5671875 0.096875 0.02421875
8 0.615625 0.35390625 0.18203125 0.11640625
8 0.38828125 0.33984375 0.21875 0.1421875
1 0.384375 0.45546875 0.11875 0.09296875