8 0.765625 0.4078125 0.053125 0.1234375
8 0.45 0.33359375 0.06875 0.221875
2 0.62578125 0.334375 0.3421875 0.66875
8 0.48671875 0.6734375 0.3921875 0.61875
4 0.4390625 0.34609375 0.03203125 0.0734375
8 0.765625 0.4078125 0.053125 0.1234375
8 0.45 0.33359375 0.06875 0.221875
2 0.62578125 0.334375 0.3421875 0.66875
8 0.48671875 0.6734375 0.3921875 0.61875
4 0.4390625 0.34609375 0.03203125 0.0734375
8 0.765625 0.4078125 0.053125 0.1234375
8 0.45 0.33359375 0.06875 0.221875
2 0.62578125 0.334375 0.3421875 0.66875
8 0.48671875 0.6734375 0.3921875 0.61875
4 0.4390625 0.34609375 0.03203125 0.0734375