8 0.5 0.5765625 1 0.496875
1 0.47890625 0.5171875 0.05234375 0.05078125
1 0.4515625 0.48828125 0.0734375 0.07265625
1 0.47265625 0.578125 0.06328125 0.07109375
1 0.55078125 0.55 0.084375 0.07109375
1 0.53359375 0.58984375 0.0625 0.065625
1 0.59921875 0.56640625 0.078125 0.078125
1 0.53125 0.5015625 0.0734375 0.0734375
1 0.43671875 0.553125 0.07890625 0.08203125
1 0.4578125 0.625 0.07265625 0.07421875
1 0.3875 0.49453125 0.0765625 0.07265625
8 0.5 0.5765625 1 0.496875
1 0.47890625 0.5171875 0.05234375 0.05078125
1 0.4515625 0.48828125 0.0734375 0.07265625
1 0.47265625 0.578125 0.06328125 0.07109375
1 0.55078125 0.55 0.084375 0.07109375
1 0.53359375 0.58984375 0.0625 0.065625
1 0.59921875 0.56640625 0.078125 0.078125
1 0.53125 0.5015625 0.0734375 0.0734375
1 0.43671875 0.553125 0.07890625 0.08203125
1 0.4578125 0.625 0.07265625 0.07421875
1 0.3875 0.49453125 0.0765625 0.07265625
8 0.5 0.5765625 1 0.496875
1 0.47890625 0.5171875 0.05234375 0.05078125
1 0.4515625 0.48828125 0.0734375 0.07265625
1 0.47265625 0.578125 0.06328125 0.07109375
1 0.55078125 0.55 0.084375 0.07109375
1 0.53359375 0.58984375 0.0625 0.065625
1 0.59921875 0.56640625 0.078125 0.078125
1 0.53125 0.5015625 0.0734375 0.0734375
1 0.43671875 0.553125 0.07890625 0.08203125
1 0.4578125 0.625 0.07265625 0.07421875
1 0.3875 0.49453125 0.0765625 0.07265625