2 0.23046875 0.93671875 0.06484375 0.12578125
2 0.4640625 0.525 0.40234375 0.5
2 0.48828125 0.41328125 0.2546875 0.3296875
2 0.55859375 0.48984375 0.06015625 0.19609375
2 0.3921875 0.49140625 0.33359375 0.596875
1 0.54375 0.60546875 0.10078125 0.08203125
2 0.753125 0.515625 0.30703125 0.5859375
2 0.75859375 0.4234375 0.2734375 0.34296875
6 0.76796875 0.35703125 0.14609375 0.06171875
2 0.23046875 0.93671875 0.06484375 0.12578125
2 0.4640625 0.525 0.40234375 0.5
2 0.48828125 0.41328125 0.2546875 0.3296875
2 0.55859375 0.48984375 0.06015625 0.19609375
2 0.3921875 0.49140625 0.33359375 0.596875
1 0.54375 0.60546875 0.10078125 0.08203125
2 0.753125 0.515625 0.30703125 0.5859375
2 0.75859375 0.4234375 0.2734375 0.34296875
6 0.76796875 0.35703125 0.14609375 0.06171875
2 0.23046875 0.93671875 0.06484375 0.12578125
2 0.4640625 0.525 0.40234375 0.5
2 0.48828125 0.41328125 0.2546875 0.3296875
2 0.55859375 0.48984375 0.06015625 0.19609375
2 0.3921875 0.49140625 0.33359375 0.596875
1 0.54375 0.60546875 0.10078125 0.08203125
2 0.753125 0.515625 0.30703125 0.5859375
2 0.75859375 0.4234375 0.2734375 0.34296875
6 0.76796875 0.35703125 0.14609375 0.06171875