4 0.7125 0.21875 0.209375 0.10234375
6 0.4609375 0.334375 0.15546875 0.11171875
3 0.528125 0.24453125 0.2046875 0.140625
1 0.465625 0.4296875 0.15703125 0.10546875
2 0.43984375 0.678125 0.20625 0.15
4 0.7125 0.21875 0.209375 0.10234375
6 0.4609375 0.334375 0.15546875 0.11171875
3 0.528125 0.24453125 0.2046875 0.140625
1 0.465625 0.4296875 0.15703125 0.10546875
2 0.43984375 0.678125 0.20625 0.15
4 0.7125 0.21875 0.209375 0.10234375
6 0.4609375 0.334375 0.15546875 0.11171875
3 0.528125 0.24453125 0.2046875 0.140625
1 0.465625 0.4296875 0.15703125 0.10546875
2 0.43984375 0.678125 0.20625 0.15