2 0.3546875 0.8296875 0.390625 0.3390625
2 0.55234375 0.70703125 0.50703125 0.3453125
2 0.57734375 0.709375 0.340625 0.12578125
2 0.55859375 0.61875 0.3484375 0.15859375
8 0.64296875 0.35859375 0.56796875 0.7171875
2 0.3546875 0.8296875 0.390625 0.3390625
2 0.55234375 0.70703125 0.50703125 0.3453125
2 0.57734375 0.709375 0.340625 0.12578125
2 0.55859375 0.61875 0.3484375 0.15859375
8 0.64296875 0.35859375 0.56796875 0.7171875
2 0.3546875 0.8296875 0.390625 0.3390625
2 0.55234375 0.70703125 0.50703125 0.3453125
2 0.57734375 0.709375 0.340625 0.12578125
2 0.55859375 0.61875 0.3484375 0.15859375
8 0.64296875 0.35859375 0.56796875 0.7171875