2 0.23828125 0.90625 0.1796875 0.18671875
2 0.415625 0.90625 0.21015625 0.18671875
2 0.74296875 0.63984375 0.5140625 0.7203125
2 0.73203125 0.5828125 0.5359375 0.7203125
2 0.71328125 0.4359375 0.4796875 0.6015625
2 0.2671875 0.46796875 0.496875 0.71875
2 0.23828125 0.90625 0.1796875 0.18671875
2 0.415625 0.90625 0.21015625 0.18671875
2 0.74296875 0.63984375 0.5140625 0.7203125
2 0.73203125 0.5828125 0.5359375 0.7203125
2 0.71328125 0.4359375 0.4796875 0.6015625
2 0.2671875 0.46796875 0.496875 0.71875
2 0.23828125 0.90625 0.1796875 0.18671875
2 0.415625 0.90625 0.21015625 0.18671875
2 0.74296875 0.63984375 0.5140625 0.7203125
2 0.73203125 0.5828125 0.5359375 0.7203125
2 0.71328125 0.4359375 0.4796875 0.6015625
2 0.2671875 0.46796875 0.496875 0.71875