8 0.81171875 0.56171875 0.20546875 0.3453125
8 0.634375 0.70625 0.21953125 0.353125
8 0.7171875 0.4078125 0.38125 0.36015625
7 0.38046875 0.6328125 0.296875 0.521875
2 0.41953125 0.38125 0.33515625 0.21796875
2 0.41640625 0.30859375 0.34453125 0.14609375
2 0.40078125 0.1921875 0.44140625 0.33125
2 0.55625 0.84296875 0.1875 0.2859375
8 0.81171875 0.56171875 0.20546875 0.3453125
8 0.634375 0.70625 0.21953125 0.353125
8 0.7171875 0.4078125 0.38125 0.36015625
7 0.38046875 0.6328125 0.296875 0.521875
2 0.41953125 0.38125 0.33515625 0.21796875
2 0.41640625 0.30859375 0.34453125 0.14609375
2 0.40078125 0.1921875 0.44140625 0.33125
2 0.55625 0.84296875 0.1875 0.2859375
8 0.81171875 0.56171875 0.20546875 0.3453125
8 0.634375 0.70625 0.21953125 0.353125
8 0.7171875 0.4078125 0.38125 0.36015625
7 0.38046875 0.6328125 0.296875 0.521875
2 0.41953125 0.38125 0.33515625 0.21796875
2 0.41640625 0.30859375 0.34453125 0.14609375
2 0.40078125 0.1921875 0.44140625 0.33125
2 0.55625 0.84296875 0.1875 0.2859375