4 0.54609375 0.78125 0.19140625 0.0421875
4 0.48125 0.81484375 0.06875 0.07421875
6 0.359375 0.47890625 0.4375 0.6109375
4 0.78828125 0.60078125 0.42265625 0.12265625
4 0.54609375 0.78125 0.19140625 0.0421875
4 0.48125 0.81484375 0.06875 0.07421875
6 0.359375 0.47890625 0.4375 0.6109375
4 0.78828125 0.60078125 0.42265625 0.12265625
4 0.54609375 0.78125 0.19140625 0.0421875
4 0.48125 0.81484375 0.06875 0.07421875
6 0.359375 0.47890625 0.4375 0.6109375
4 0.78828125 0.60078125 0.42265625 0.12265625