2 0.3546875 0.89296875 0.04140625 0.04453125
8 0.625 0.80703125 0.559375 0.38515625
2 0.534375 0.92265625 0.34375 0.15390625
3 0.41953125 0.83125 0.13828125 0.07734375
2 0.6046875 0.7609375 0.521875 0.2703125
8 0.6375 0.65625 0.31875 0.21328125
2 0.23125 0.34375 0.4625 0.20625
2 0.403125 0.328125 0.47109375 0.2125
2 0.41484375 0.28359375 0.4109375 0.1875
2 0.39296875 0.24609375 0.4265625 0.1859375
1 0.03671875 0.08515625 0.07265625 0.07890625
2 0.39453125 0.13671875 0.4359375 0.2734375
2 0.34921875 0.53203125 0.26328125 0.13828125
2 0.146875 0.45078125 0.29375 0.3796875
1 0.578125 0.165625 0.084375 0.14921875
1 0.48125 0.18125 0.090625 0.16015625
1 0.36171875 0.09609375 0.08203125 0.0953125
2 0.3546875 0.89296875 0.04140625 0.04453125
8 0.625 0.80703125 0.559375 0.38515625
2 0.534375 0.92265625 0.34375 0.15390625
3 0.41953125 0.83125 0.13828125 0.07734375
2 0.6046875 0.7609375 0.521875 0.2703125
8 0.6375 0.65625 0.31875 0.21328125
2 0.23125 0.34375 0.4625 0.20625
2 0.403125 0.328125 0.47109375 0.2125
2 0.41484375 0.28359375 0.4109375 0.1875
2 0.39296875 0.24609375 0.4265625 0.1859375
1 0.03671875 0.08515625 0.07265625 0.07890625
2 0.39453125 0.13671875 0.4359375 0.2734375
2 0.34921875 0.53203125 0.26328125 0.13828125
2 0.146875 0.45078125 0.29375 0.3796875
1 0.578125 0.165625 0.084375 0.14921875
1 0.48125 0.18125 0.090625 0.16015625
1 0.36171875 0.09609375 0.08203125 0.0953125
2 0.3546875 0.89296875 0.04140625 0.04453125
8 0.625 0.80703125 0.559375 0.38515625
2 0.534375 0.92265625 0.34375 0.15390625
3 0.41953125 0.83125 0.13828125 0.07734375
2 0.6046875 0.7609375 0.521875 0.2703125
8 0.6375 0.65625 0.31875 0.21328125
2 0.23125 0.34375 0.4625 0.20625
2 0.403125 0.328125 0.47109375 0.2125
2 0.41484375 0.28359375 0.4109375 0.1875
2 0.39296875 0.24609375 0.4265625 0.1859375
1 0.03671875 0.08515625 0.07265625 0.07890625
2 0.39453125 0.13671875 0.4359375 0.2734375
2 0.34921875 0.53203125 0.26328125 0.13828125
2 0.146875 0.45078125 0.29375 0.3796875
1 0.578125 0.165625 0.084375 0.14921875
1 0.48125 0.18125 0.090625 0.16015625
1 0.36171875 0.09609375 0.08203125 0.0953125