8 0.19609375 0.321875 0.1890625 0.34609375
8 0.153125 0.159375 0.1125 0.10546875
1 0.25859375 0.153125 0.0453125 0.0453125
8 0.38125 0.15546875 0.06015625 0.18515625
2 0.48203125 0.75078125 0.55703125 0.44765625
2 0.61953125 0.34609375 0.425 0.49765625
2 0.5984375 0.37265625 0.34375 0.42890625
2 0.60078125 0.6578125 0.309375 0.29453125
2 0.6109375 0.0828125 0.41640625 0.09296875
8 0.19609375 0.321875 0.1890625 0.34609375
8 0.153125 0.159375 0.1125 0.10546875
1 0.25859375 0.153125 0.0453125 0.0453125
8 0.38125 0.15546875 0.06015625 0.18515625
2 0.48203125 0.75078125 0.55703125 0.44765625
2 0.61953125 0.34609375 0.425 0.49765625
2 0.5984375 0.37265625 0.34375 0.42890625
2 0.60078125 0.6578125 0.309375 0.29453125
2 0.6109375 0.0828125 0.41640625 0.09296875
8 0.19609375 0.321875 0.1890625 0.34609375
8 0.153125 0.159375 0.1125 0.10546875
1 0.25859375 0.153125 0.0453125 0.0453125
8 0.38125 0.15546875 0.06015625 0.18515625
2 0.48203125 0.75078125 0.55703125 0.44765625
2 0.61953125 0.34609375 0.425 0.49765625
2 0.5984375 0.37265625 0.34375 0.42890625
2 0.60078125 0.6578125 0.309375 0.29453125
2 0.6109375 0.0828125 0.41640625 0.09296875