2 0.42265625 0.53359375 0.66015625 0.7015625
6 0.721875 0.659375 0.08671875 0.09609375
2 0.42421875 0.496875 0.44375 0.39921875
2 0.4390625 0.353125 0.20703125 0.2015625
2 0.42265625 0.53359375 0.66015625 0.7015625
6 0.721875 0.659375 0.08671875 0.09609375
2 0.42421875 0.496875 0.44375 0.39921875
2 0.4390625 0.353125 0.20703125 0.2015625
2 0.42265625 0.53359375 0.66015625 0.7015625
6 0.721875 0.659375 0.08671875 0.09609375
2 0.42421875 0.496875 0.44375 0.39921875
2 0.4390625 0.353125 0.20703125 0.2015625