2 0.49453125 0.48671875 0.34453125 0.37109375
8 0.45625 0.484375 0.21875 0.16875
8 0.4671875 0.396875 0.125 0.07734375
3 0.4265625 0.40625 0.15078125 0.109375
2 0.42109375 0.40703125 0.11640625 0.09140625
8 0.60859375 0.553125 0.09609375 0.0515625
5 0.478125 0.54296875 0.10234375 0.0875
2 0.81953125 0.59375 0.36015625 0.1875
1 0.51015625 0.5 0.25 0.20390625
1 0.971875 0.6875 0.0546875 0.034375
3 0.5515625 0.43046875 0.08046875 0.0703125
2 0.78046875 0.70859375 0.203125 0.1125
1 0.36328125 0.6109375 0.06796875 0.0828125
8 0.51875 0.37734375 0.08203125 0.06171875
1 0.49765625 0.42578125 0.0375 0.0421875
6 0.3921875 0.4359375 0.0515625 0.0421875
4 0.4546875 0.515625 0.0859375 0.05703125
1 0.6796875 0.709375 0.10546875 0.07578125
1 0.7953125 0.78046875 0.0671875 0.090625
1 0.7921875 0.2859375 0.125 0.071875
2 0.49453125 0.48671875 0.34453125 0.37109375
8 0.45625 0.484375 0.21875 0.16875
8 0.4671875 0.396875 0.125 0.07734375
3 0.4265625 0.40625 0.15078125 0.109375
2 0.42109375 0.40703125 0.11640625 0.09140625
8 0.60859375 0.553125 0.09609375 0.0515625
5 0.478125 0.54296875 0.10234375 0.0875
2 0.81953125 0.59375 0.36015625 0.1875
1 0.51015625 0.5 0.25 0.20390625
1 0.971875 0.6875 0.0546875 0.034375
3 0.5515625 0.43046875 0.08046875 0.0703125
2 0.78046875 0.70859375 0.203125 0.1125
1 0.36328125 0.6109375 0.06796875 0.0828125
8 0.51875 0.37734375 0.08203125 0.06171875
1 0.49765625 0.42578125 0.0375 0.0421875
6 0.3921875 0.4359375 0.0515625 0.0421875
4 0.4546875 0.515625 0.0859375 0.05703125
1 0.6796875 0.709375 0.10546875 0.07578125
1 0.7953125 0.78046875 0.0671875 0.090625
1 0.7921875 0.2859375 0.125 0.071875
2 0.49453125 0.48671875 0.34453125 0.37109375
8 0.45625 0.484375 0.21875 0.16875
8 0.4671875 0.396875 0.125 0.07734375
3 0.4265625 0.40625 0.15078125 0.109375
2 0.42109375 0.40703125 0.11640625 0.09140625
8 0.60859375 0.553125 0.09609375 0.0515625
5 0.478125 0.54296875 0.10234375 0.0875
2 0.81953125 0.59375 0.36015625 0.1875
1 0.51015625 0.5 0.25 0.20390625
1 0.971875 0.6875 0.0546875 0.034375
3 0.5515625 0.43046875 0.08046875 0.0703125
2 0.78046875 0.70859375 0.203125 0.1125
1 0.36328125 0.6109375 0.06796875 0.0828125
8 0.51875 0.37734375 0.08203125 0.06171875
1 0.49765625 0.42578125 0.0375 0.0421875
6 0.3921875 0.4359375 0.0515625 0.0421875
4 0.4546875 0.515625 0.0859375 0.05703125
1 0.6796875 0.709375 0.10546875 0.07578125
1 0.7953125 0.78046875 0.0671875 0.090625
1 0.7921875 0.2859375 0.125 0.071875