8 0.7328125 0.85859375 0.534375 0.2828125
6 0.8578125 0.4421875 0.084375 0.15859375
6 0.83671875 0.44765625 0.06328125 0.11875
8 0.63125 0.2375 0.71328125 0.43203125
8 0.52109375 0.6265625 0.6078125 0.53203125
8 0.7328125 0.85859375 0.534375 0.2828125
6 0.8578125 0.4421875 0.084375 0.15859375
6 0.83671875 0.44765625 0.06328125 0.11875
8 0.63125 0.2375 0.71328125 0.43203125
8 0.52109375 0.6265625 0.6078125 0.53203125
8 0.7328125 0.85859375 0.534375 0.2828125
6 0.8578125 0.4421875 0.084375 0.15859375
6 0.83671875 0.44765625 0.06328125 0.11875
8 0.63125 0.2375 0.71328125 0.43203125
8 0.52109375 0.6265625 0.6078125 0.53203125