8 0.640625 0.365625 0.35625 0.3234375
2 0.94765625 0.70859375 0.0484375 0.0671875
2 0.49765625 0.6265625 0.45546875 0.57421875
2 0.41640625 0.60625 0.30546875 0.2984375
3 0.4765625 0.6796875 0.0578125 0.0671875
1 0.4296875 0.5671875 0.02890625 0.04921875
2 0.49140625 0.49765625 0.27109375 0.16015625
8 0.9015625 0.46953125 0.19609375 0.42265625
1 0.7828125 0.82578125 0.053125 0.09609375
2 0.91875 0.8609375 0.0734375 0.07890625
9 0.9828125 0.8015625 0.0328125 0.05390625
1 0.95234375 0.78125 0.05859375 0.07109375
1 0.9578125 0.73671875 0.06796875 0.0640625
1 0.08203125 0.82734375 0.16328125 0.1546875
8 0.640625 0.365625 0.35625 0.3234375
2 0.94765625 0.70859375 0.0484375 0.0671875
2 0.49765625 0.6265625 0.45546875 0.57421875
2 0.41640625 0.60625 0.30546875 0.2984375
3 0.4765625 0.6796875 0.0578125 0.0671875
1 0.4296875 0.5671875 0.02890625 0.04921875
2 0.49140625 0.49765625 0.27109375 0.16015625
8 0.9015625 0.46953125 0.19609375 0.42265625
1 0.7828125 0.82578125 0.053125 0.09609375
2 0.91875 0.8609375 0.0734375 0.07890625
9 0.9828125 0.8015625 0.0328125 0.05390625
1 0.95234375 0.78125 0.05859375 0.07109375
1 0.9578125 0.73671875 0.06796875 0.0640625
1 0.08203125 0.82734375 0.16328125 0.1546875
8 0.640625 0.365625 0.35625 0.3234375
2 0.94765625 0.70859375 0.0484375 0.0671875
2 0.49765625 0.6265625 0.45546875 0.57421875
2 0.41640625 0.60625 0.30546875 0.2984375
3 0.4765625 0.6796875 0.0578125 0.0671875
1 0.4296875 0.5671875 0.02890625 0.04921875
2 0.49140625 0.49765625 0.27109375 0.16015625
8 0.9015625 0.46953125 0.19609375 0.42265625
1 0.7828125 0.82578125 0.053125 0.09609375
2 0.91875 0.8609375 0.0734375 0.07890625
9 0.9828125 0.8015625 0.0328125 0.05390625
1 0.95234375 0.78125 0.05859375 0.07109375
1 0.9578125 0.73671875 0.06796875 0.0640625
1 0.08203125 0.82734375 0.16328125 0.1546875