1 0.1953125 0.20390625 0.390625 0.40703125
2 0.6234375 0.3515625 0.22265625 0.18359375
8 0.8421875 0.27578125 0.3125 0.5515625
5 0.64140625 0.309375 0.059375 0.01796875
5 0.62890625 0.315625 0.078125 0.0234375
5 0.6359375 0.33125 0.065625 0.015625
5 0.64609375 0.3453125 0.0421875 0.01171875
1 0.1953125 0.20390625 0.390625 0.40703125
2 0.6234375 0.3515625 0.22265625 0.18359375
8 0.8421875 0.27578125 0.3125 0.5515625
5 0.64140625 0.309375 0.059375 0.01796875
5 0.62890625 0.315625 0.078125 0.0234375
5 0.6359375 0.33125 0.065625 0.015625
5 0.64609375 0.3453125 0.0421875 0.01171875
1 0.1953125 0.20390625 0.390625 0.40703125
2 0.6234375 0.3515625 0.22265625 0.18359375
8 0.8421875 0.27578125 0.3125 0.5515625
5 0.64140625 0.309375 0.059375 0.01796875
5 0.62890625 0.315625 0.078125 0.0234375
5 0.6359375 0.33125 0.065625 0.015625
5 0.64609375 0.3453125 0.0421875 0.01171875