8 0.46015625 0.4859375 0.40625 0.184375
8 0.32265625 0.58203125 0.14921875 0.09765625
6 0.49453125 0.7578125 0.4375 0.184375
6 0.7140625 0.84921875 0.06796875 0.05
6 0.70390625 0.64609375 0.06328125 0.040625
6 0.9203125 0.9671875 0.08046875 0.05234375
6 0.96640625 0.96640625 0.065625 0.06484375
8 0.46015625 0.4859375 0.40625 0.184375
8 0.32265625 0.58203125 0.14921875 0.09765625
6 0.49453125 0.7578125 0.4375 0.184375
6 0.7140625 0.84921875 0.06796875 0.05
6 0.70390625 0.64609375 0.06328125 0.040625
6 0.9203125 0.9671875 0.08046875 0.05234375
6 0.96640625 0.96640625 0.065625 0.06484375
8 0.46015625 0.4859375 0.40625 0.184375
8 0.32265625 0.58203125 0.14921875 0.09765625
6 0.49453125 0.7578125 0.4375 0.184375
6 0.7140625 0.84921875 0.06796875 0.05
6 0.70390625 0.64609375 0.06328125 0.040625
6 0.9203125 0.9671875 0.08046875 0.05234375
6 0.96640625 0.96640625 0.065625 0.06484375