2 0.271875 0.4984375 0.3484375 0.23671875
2 0.74375 0.33671875 0.06875 0.0375
2 0.403125 0.671875 0.12265625 0.08515625
2 0.659375 0.6078125 0.415625 0.16328125
2 0.646875 0.465625 0.41171875 0.26953125
2 0.271875 0.4984375 0.3484375 0.23671875
2 0.74375 0.33671875 0.06875 0.0375
2 0.403125 0.671875 0.12265625 0.08515625
2 0.659375 0.6078125 0.415625 0.16328125
2 0.646875 0.465625 0.41171875 0.26953125
2 0.271875 0.4984375 0.3484375 0.23671875
2 0.74375 0.33671875 0.06875 0.0375
2 0.403125 0.671875 0.12265625 0.08515625
2 0.659375 0.6078125 0.415625 0.16328125
2 0.646875 0.465625 0.41171875 0.26953125