8 0.77265625 0.90234375 0.08828125 0.15625
8 0.2265625 0.79609375 0.33203125 0.40625
8 0.5671875 0.8984375 0.38203125 0.20234375
2 0.1453125 0.17109375 0.0828125 0.1875
8 0.13125 0.6484375 0.2625 0.70234375
8 0.0890625 0.23984375 0.17734375 0.3296875
1 0.375 0.86484375 0.39296875 0.26953125
6 0.34296875 0.91796875 0.11328125 0.11796875
1 0.3578125 0.95390625 0.0390625 0.0390625
8 0.421875 0.54375 0.50546875 0.91171875
8 0.77265625 0.90234375 0.08828125 0.15625
8 0.2265625 0.79609375 0.33203125 0.40625
8 0.5671875 0.8984375 0.38203125 0.20234375
2 0.1453125 0.17109375 0.0828125 0.1875
8 0.13125 0.6484375 0.2625 0.70234375
8 0.0890625 0.23984375 0.17734375 0.3296875
1 0.375 0.86484375 0.39296875 0.26953125
6 0.34296875 0.91796875 0.11328125 0.11796875
1 0.3578125 0.95390625 0.0390625 0.0390625
8 0.421875 0.54375 0.50546875 0.91171875
8 0.77265625 0.90234375 0.08828125 0.15625
8 0.2265625 0.79609375 0.33203125 0.40625
8 0.5671875 0.8984375 0.38203125 0.20234375
2 0.1453125 0.17109375 0.0828125 0.1875
8 0.13125 0.6484375 0.2625 0.70234375
8 0.0890625 0.23984375 0.17734375 0.3296875
1 0.375 0.86484375 0.39296875 0.26953125
6 0.34296875 0.91796875 0.11328125 0.11796875
1 0.3578125 0.95390625 0.0390625 0.0390625
8 0.421875 0.54375 0.50546875 0.91171875