2 0.496875 0.52578125 0.52578125 0.79921875
2 0.6171875 0.23203125 0.18125 0.20859375
2 0.4578125 0.3125 0.26328125 0.17109375
2 0.60703125 0.31796875 0.0890625 0.0875
2 0.4875 0.40703125 0.2921875 0.26796875
2 0.496875 0.52578125 0.52578125 0.79921875
2 0.6171875 0.23203125 0.18125 0.20859375
2 0.4578125 0.3125 0.26328125 0.17109375
2 0.60703125 0.31796875 0.0890625 0.0875
2 0.4875 0.40703125 0.2921875 0.26796875
2 0.496875 0.52578125 0.52578125 0.79921875
2 0.6171875 0.23203125 0.18125 0.20859375
2 0.4578125 0.3125 0.26328125 0.17109375
2 0.60703125 0.31796875 0.0890625 0.0875
2 0.4875 0.40703125 0.2921875 0.26796875