2 0.19375 0.5125 0.24375 0.3046875
2 0.22109375 0.36953125 0.09296875 0.1359375
8 0.37265625 0.6703125 0.2796875 0.37109375
8 0.7234375 0.56875 0.5171875 0.6078125
3 0.240625 0.4890625 0.0828125 0.115625
2 0.18828125 0.5484375 0.0796875 0.09296875
2 0.15078125 0.51015625 0.0734375 0.06171875
2 0.1640625 0.4328125 0.178125 0.1390625
2 0.2359375 0.47109375 0.06484375 0.07578125
2 0.23046875 0.52109375 0.0609375 0.07734375
2 0.19375 0.5125 0.24375 0.3046875
2 0.22109375 0.36953125 0.09296875 0.1359375
8 0.37265625 0.6703125 0.2796875 0.37109375
8 0.7234375 0.56875 0.5171875 0.6078125
3 0.240625 0.4890625 0.0828125 0.115625
2 0.18828125 0.5484375 0.0796875 0.09296875
2 0.15078125 0.51015625 0.0734375 0.06171875
2 0.1640625 0.4328125 0.178125 0.1390625
2 0.2359375 0.47109375 0.06484375 0.07578125
2 0.23046875 0.52109375 0.0609375 0.07734375
2 0.19375 0.5125 0.24375 0.3046875
2 0.22109375 0.36953125 0.09296875 0.1359375
8 0.37265625 0.6703125 0.2796875 0.37109375
8 0.7234375 0.56875 0.5171875 0.6078125
3 0.240625 0.4890625 0.0828125 0.115625
2 0.18828125 0.5484375 0.0796875 0.09296875
2 0.15078125 0.51015625 0.0734375 0.06171875
2 0.1640625 0.4328125 0.178125 0.1390625
2 0.2359375 0.47109375 0.06484375 0.07578125
2 0.23046875 0.52109375 0.0609375 0.07734375