8 0.33125 0.40625 0.6625 0.8125
6 0.5734375 0.6203125 0.7296875 0.2015625
0 0.57265625 0.38046875 0.840625 0.49921875
4 0.50625 0.33828125 0.753125 0.4328125
6 0.353125 0.7515625 0.69140625 0.40078125
2 0.4921875 0.02421875 0.24375 0.0484375
8 0.33125 0.40625 0.6625 0.8125
6 0.5734375 0.6203125 0.7296875 0.2015625
0 0.57265625 0.38046875 0.840625 0.49921875
4 0.50625 0.33828125 0.753125 0.4328125
6 0.353125 0.7515625 0.69140625 0.40078125
2 0.4921875 0.02421875 0.24375 0.0484375
8 0.33125 0.40625 0.6625 0.8125
6 0.5734375 0.6203125 0.7296875 0.2015625
0 0.57265625 0.38046875 0.840625 0.49921875
4 0.50625 0.33828125 0.753125 0.4328125
6 0.353125 0.7515625 0.69140625 0.40078125
2 0.4921875 0.02421875 0.24375 0.0484375