7 0.49140625 0.48203125 0.68828125 0.2578125
1 0.47109375 0.390625 0.109375 0.02109375
1 0.5125 0.41171875 0.2390625 0.03203125
1 0.48828125 0.48203125 0.68515625 0.26015625
7 0.49140625 0.48203125 0.68828125 0.2578125
1 0.47109375 0.390625 0.109375 0.02109375
1 0.5125 0.41171875 0.2390625 0.03203125
1 0.48828125 0.48203125 0.68515625 0.26015625
7 0.49140625 0.48203125 0.68828125 0.2578125
1 0.47109375 0.390625 0.109375 0.02109375
1 0.5125 0.41171875 0.2390625 0.03203125
1 0.48828125 0.48203125 0.68515625 0.26015625