2 0.17890625 0.35078125 0.2046875 0.14296875
2 0.19921875 0.30625 0.06015625 0.0765625
2 0.21875 0.24453125 0.0546875 0.046875
7 0.29765625 0.34375 0.09140625 0.096875
7 0.31640625 0.2859375 0.17265625 0.14921875
7 0.33984375 0.16015625 0.2546875 0.25859375
1 0.33359375 0.21875 0.1921875 0.33828125
7 0.334375 0.43203125 0.1078125 0.20703125
1 0.29140625 0.5203125 0.05625 0.09453125
7 0.7203125 0.66328125 0.3328125 0.33984375
8 0.9 0.4328125 0.0625 0.128125
7 0.58359375 0.55 0.471875 0.54921875
7 0.59765625 0.50234375 0.56171875 0.33671875
7 0.54453125 0.40078125 0.3796875 0.53203125
1 0.31015625 0.45 0.0671875 0.1078125
2 0.17890625 0.35078125 0.2046875 0.14296875
2 0.19921875 0.30625 0.06015625 0.0765625
2 0.21875 0.24453125 0.0546875 0.046875
7 0.29765625 0.34375 0.09140625 0.096875
7 0.31640625 0.2859375 0.17265625 0.14921875
7 0.33984375 0.16015625 0.2546875 0.25859375
1 0.33359375 0.21875 0.1921875 0.33828125
7 0.334375 0.43203125 0.1078125 0.20703125
1 0.29140625 0.5203125 0.05625 0.09453125
7 0.7203125 0.66328125 0.3328125 0.33984375
8 0.9 0.4328125 0.0625 0.128125
7 0.58359375 0.55 0.471875 0.54921875
7 0.59765625 0.50234375 0.56171875 0.33671875
7 0.54453125 0.40078125 0.3796875 0.53203125
1 0.31015625 0.45 0.0671875 0.1078125
2 0.17890625 0.35078125 0.2046875 0.14296875
2 0.19921875 0.30625 0.06015625 0.0765625
2 0.21875 0.24453125 0.0546875 0.046875
7 0.29765625 0.34375 0.09140625 0.096875
7 0.31640625 0.2859375 0.17265625 0.14921875
7 0.33984375 0.16015625 0.2546875 0.25859375
1 0.33359375 0.21875 0.1921875 0.33828125
7 0.334375 0.43203125 0.1078125 0.20703125
1 0.29140625 0.5203125 0.05625 0.09453125
7 0.7203125 0.66328125 0.3328125 0.33984375
8 0.9 0.4328125 0.0625 0.128125
7 0.58359375 0.55 0.471875 0.54921875
7 0.59765625 0.50234375 0.56171875 0.33671875
7 0.54453125 0.40078125 0.3796875 0.53203125
1 0.31015625 0.45 0.0671875 0.1078125