6 0.44921875 0.40859375 0.05390625 0.065625
8 0.57734375 0.4578125 0.25703125 0.2390625
6 0.3484375 0.33515625 0.08828125 0.07421875
6 0.83515625 0.584375 0.25546875 0.1890625
6 0.2859375 0.34296875 0.178125 0.06015625
1 0.27421875 0.43046875 0.4375 0.34375
2 0.6453125 0.4078125 0.04453125 0.05859375
2 0.55078125 0.4703125 0.178125 0.178125
6 0.44921875 0.40859375 0.05390625 0.065625
8 0.57734375 0.4578125 0.25703125 0.2390625
6 0.3484375 0.33515625 0.08828125 0.07421875
6 0.83515625 0.584375 0.25546875 0.1890625
6 0.2859375 0.34296875 0.178125 0.06015625
1 0.27421875 0.43046875 0.4375 0.34375
2 0.6453125 0.4078125 0.04453125 0.05859375
2 0.55078125 0.4703125 0.178125 0.178125
6 0.44921875 0.40859375 0.05390625 0.065625
8 0.57734375 0.4578125 0.25703125 0.2390625
6 0.3484375 0.33515625 0.08828125 0.07421875
6 0.83515625 0.584375 0.25546875 0.1890625
6 0.2859375 0.34296875 0.178125 0.06015625
1 0.27421875 0.43046875 0.4375 0.34375
2 0.6453125 0.4078125 0.04453125 0.05859375
2 0.55078125 0.4703125 0.178125 0.178125