5 0.39609375 0.228125 0.4296875 0.21875
8 0.6984375 0.16015625 0.2015625 0.04296875
3 0.6390625 0.25078125 0.3609375 0.17890625
6 0.77421875 0.25078125 0.12421875 0.190625
1 0.80546875 0.80625 0.146875 0.09296875
6 0.79453125 0.70625 0.24296875 0.2125
1 0.6 0.5828125 0.1203125 0.11796875
1 0.27421875 0.61640625 0.08671875 0.0828125
3 0.3953125 0.6375 0.21171875 0.128125
6 0.4421875 0.5765625 0.23203125 0.153125
3 0.34609375 0.75078125 0.28671875 0.1265625
1 0.2046875 0.77578125 0.01796875 0.04453125
8 0.2046875 0.596875 0.153125 0.10703125
8 0.10703125 0.7265625 0.08359375 0.071875
7 0.2921875 0.3921875 0.07109375 0.09609375
8 0.26171875 0.425 0.12421875 0.09921875
1 0.29609375 0.47578125 0.14609375 0.078125
1 0.3640625 0.44375 0.065625 0.19765625
1 0.86953125 0.44921875 0.096875 0.0484375
1 0.81484375 0.51015625 0.18125 0.10859375
1 0.53046875 0.69375 0.0984375 0.06796875
1 0.6 0.71875 0.1 0.0515625