2 0.73359375 0.61015625 0.44765625 0.3625
2 0.95546875 0.4921875 0.08828125 0.09296875
4 0.93671875 0.503125 0.12578125 0.0890625
2 0.89609375 0.41796875 0.08125 0.09921875
2 0.96875 0.125 0.0625 0.1703125
1 0.9390625 0.115625 0.08671875 0.23046875
7 0.953125 0.31484375 0.09296875 0.18984375
8 0.9609375 0.290625 0.07734375 0.08125
2 0.60078125 0.67890625 0.0984375 0.11171875
2 0.66796875 0.63046875 0.31171875 0.20546875
2 0.771875 0.59609375 0.0640625 0.08359375
2 0.65390625 0.42734375 0.28828125 0.54453125
2 0.8328125 0.50234375 0.12109375 0.1375
2 0.8734375 0.37421875 0.04140625 0.053125
2 0.7609375 0.3703125 0.46484375 0.38671875
1 0.59609375 0.41015625 0.11875 0.16171875
2 0.3671875 0.58203125 0.40859375 0.53203125
2 0.4265625 0.35625 0.20859375 0.240625
2 0.490625 0.53046875 0.034375 0.04375
2 0.2859375 0.565625 0.115625 0.12265625
8 0.28359375 0.58671875 0.08203125 0.06875
2 0.3625 0.6140625 0.134375 0.175
2 0.41640625 0.37265625 0.12734375 0.0921875
2 0.41640625 0.421875 0.06328125 0.05859375
2 0.409375 0.5828125 0.04609375 0.028125
2 0.41015625 0.5765625 0.04765625 0.03359375
2 0.403125 0.5671875 0.04296875 0.03203125
2 0.42109375 0.57578125 0.040625 0.03046875
1 0.31484375 0.3359375 0.0265625 0.0859375
7 0.290625 0.478125 0.078125 0.0859375
2 0.3828125 0.47890625 0.21484375 0.2125
7 0.3296875 0.5359375 0.059375 0.0421875
1 0.54453125 0.5109375 0.13359375 0.0734375
5 0.55078125 0.68359375 0.05234375 0.084375
8 0.98828125 0.30234375 0.02265625 0.0953125
1 0.36328125 0.7109375 0.30703125 0.3078125
1 0.36171875 0.70859375 0.3171875 0.35