2 0.4578125 0.6484375 0.91484375 0.37109375
2 0.58125 0.51015625 0.175 0.08671875
6 0.1734375 0.69296875 0.18515625 0.11171875
6 0.1875 0.553125 0.13125 0.1
1 0.19765625 0.61796875 0.06484375 0.0375
6 0.3625 0.52578125 0.18671875 0.125
6 0.34140625 0.68671875 0.165625 0.11171875
6 0.29140625 0.5796875 0.1640625 0.115625
2 0.48671875 0.596875 0.24296875 0.2671875
6 0.7015625 0.61953125 0.26796875 0.1953125
6 0.5515625 0.578125 0.2515625 0.1234375
7 0.5 0.6 1 0.67265625
7 0.5 0.20859375 1 0.4171875
8 0.496875 0.22734375 0.71484375 0.2109375
6 0.52109375 0.6640625 0.16171875 0.13515625