8 0.28125 0.3390625 0.02109375 0.0484375
8 0.26953125 0.2875 0.05859375 0.0578125
8 0.225 0.30546875 0.103125 0.0953125
8 0.1921875 0.44296875 0.384375 0.2265625
8 0.1765625 0.28828125 0.0359375 0.01328125
7 0.5953125 0.29140625 0.09453125 0.08671875
7 0.60546875 0.19921875 0.12578125 0.11328125
0 0.63125 0.34921875 0.13984375 0.03984375
6 0.590625 0.4203125 0.13125 0.0859375
6 0.6203125 0.5046875 0.03359375 0.0734375
6 0.65078125 0.45625 0.09140625 0.03984375
6 0.4859375 0.4640625 0.1328125 0.11171875
6 0.55234375 0.5 0.13671875 0.10390625
8 0.72890625 0.53984375 0.2296875 0.2359375
8 0.56484375 0.65390625 0.58203125 0.23125