8 0.56328125 0.56953125 0.196875 0.11328125
8 0.7734375 0.66875 0.38125 0.3015625
8 0.3796875 0.3734375 0.465625 0.390625
1 0.86015625 0.82421875 0.05 0.0328125
8 0.6015625 0.7125 0.2171875 0.21875
8 0.88515625 0.8703125 0.228125 0.25859375
8 0.26015625 0.92265625 0.1296875 0.1015625
2 0.4375 0.7515625 0.38828125 0.2234375
6 0.365625 0.7171875 0.18125 0.04453125
3 0.52890625 0.78359375 0.0796875 0.03671875
8 0.65078125 0.88125 0.23671875 0.13671875
8 0.41015625 0.80078125 0.15546875 0.03828125
3 0.53046875 0.79453125 0.07734375 0.0234375
3 0.5328125 0.79609375 0.075 0.01953125
6 0.43203125 0.74765625 0.315625 0.134375