7 0.61640625 0.95859375 0.29375 0.0828125
7 0.61484375 0.94765625 0.2890625 0.1046875
7 0.35078125 0.76796875 0.2609375 0.2125
7 0.61484375 0.8671875 0.3078125 0.23359375
2 0.875 0.94375 0.24921875 0.11171875
8 0.29296875 0.68125 0.0375 0.04765625
8 0.3703125 0.684375 0.13125 0.07421875
8 0.396875 0.58046875 0.25390625 0.1765625
7 0.61953125 0.678125 0.38828125 0.26328125
7 0.815625 0.78359375 0.109375 0.33046875
7 0.9328125 0.88203125 0.134375 0.2296875
2 0.6984375 0.3984375 0.603125 0.4625
7 0.928125 0.64375 0.14375 0.30703125
8 0.95390625 0.47109375 0.09140625 0.20390625
1 0.4859375 0.77890625 0.05 0.03203125
1 0.91015625 0.30703125 0.17890625 0.22578125
1 0.96484375 0.34453125 0.034375 0.07265625
1 0.46484375 0.20546875 0.10703125 0.0796875
1 0.8359375 0.61015625 0.0296875 0.0390625