1 0.5 0.5 1 1
6 0.4328125 0.51875 0.0671875 0.0546875
6 0.35234375 0.52578125 0.12734375 0.03984375
6 0.23203125 0.56171875 0.06875 0.040625
6 0.265625 0.4953125 0.1578125 0.10390625
6 0.40625 0.6875 0.40390625 0.28828125
6 0.3046875 0.66953125 0.10625 0.0546875
6 0.49765625 0.68046875 0.07578125 0.01953125
6 0.30625 0.61171875 0.2015625 0.2171875
6 0.5015625 0.61171875 0.14375 0.1328125
6 0.403125 0.59453125 0.07421875 0.13515625
6 0.38671875 0.64609375 0.09765625 0.07421875
6 0.70390625 0.6078125 0.26640625 0.096875
6 0.7453125 0.41796875 0.08515625 0.06015625
6 0.75 0.44765625 0.059375 0.04453125
6 0.6953125 0.41640625 0.1078125 0.05703125
6 0.653125 0.525 0.4703125 0.18359375
6 0.4625 0.7375 0.3953125 0.17109375
8 0.315625 0.74375 0.1734375 0.15859375
8 0.54609375 0.4828125 0.1078125 0.02265625
6 0.49765625 0.4328125 0.38125 0.15625
6 0.5484375 0.34765625 0.1734375 0.06015625
2 0.1171875 0.8875 0.15390625 0.04765625