2 0.2140625 0.19375 0.42734375 0.38671875
2 0.35234375 0.5234375 0.3453125 0.3640625
2 0.36171875 0.596875 0.0703125 0.04375
2 0.30703125 0.53984375 0.16875 0.146875
2 0.21328125 0.4453125 0.05078125 0.034375
2 0.16953125 0.4 0.0484375 0.03359375
2 0.328125 0.50390625 0.33515625 0.25
2 0.35234375 0.415625 0.3890625 0.3984375
3 0.53125 0.37578125 0.07421875 0.05234375
2 0.69296875 0.565625 0.36796875 0.4875
2 0.44453125 0.38671875 0.146875 0.1484375
3 0.453125 0.25703125 0.0609375 0.06640625
2 0.696875 0.5046875 0.240625 0.18984375
2 0.6703125 0.52890625 0.2375 0.1828125
2 0.66171875 0.55078125 0.24296875 0.18984375
2 0.6546875 0.57421875 0.23984375 0.209375
2 0.35546875 0.3578125 0.28828125 0.18671875
2 0.3578125 0.33125 0.28515625 0.22578125