8 0.0578125 0.41640625 0.1140625 0.68984375
2 0.05078125 0.134375 0.1015625 0.04609375
2 0.16875 0.51328125 0.2046875 0.21171875
8 0.44609375 0.7125 0.096875 0.0390625
6 0.3359375 0.80859375 0.03359375 0.05625
8 0.46953125 0.89453125 0.10234375 0.05390625
6 0.4421875 0.7125 0.05234375 0.03046875
2 0.18046875 0.4484375 0.13203125 0.10390625
1 0.2859375 0.7890625 0.08125 0.00859375
1 0.309375 0.83125 0.05625 0.02890625
2 0.41796875 0.8265625 0.19296875 0.17265625
8 0.5625 0.8109375 0.33828125 0.26875
2 0.509375 0.890625 0.05078125 0.02890625
1 0.20625 0.440625 0.0890625 0.06640625
8 0.1671875 0.4875 0.06328125 0.03203125
2 0.1203125 0.4765625 0.0546875 0.0375
7 0.36328125 0.32265625 0.17109375 0.12734375
1 0.37109375 0.28203125 0.1015625 0.03359375
8 0.34296875 0.31640625 0.08984375 0.03359375
4 0.31640625 0.296875 0.05859375 0.02265625
2 0.03515625 0.090625 0.0703125 0.06796875