8 0.7171875 0.96640625 0.46796875 0.06640625
8 0.52265625 0.6171875 0.04140625 0.165625
8 0.51953125 0.30546875 0.41171875 0.17734375
8 0.6671875 0.4328125 0.375 0.1890625
8 0.3953125 0.45703125 0.30390625 0.15703125
7 0.25546875 0.8296875 0.26875 0.2328125
7 0.334375 0.72578125 0.35390625 0.22421875
8 0.68359375 0.83671875 0.6328125 0.278125
8 0.7421875 0.5953125 0.43828125 0.2125
7 0.3609375 0.5734375 0.32734375 0.21640625
8 0.5453125 0.17265625 0.4609375 0.34453125
1 0.4109375 0.61484375 0.1984375 0.334375