8 0.3515625 0.303125 0.21171875 0.28046875
1 0.63046875 0.7421875 0.0625 0.0578125
2 0.52890625 0.39453125 0.21953125 0.1921875
8 0.57421875 0.6078125 0.39609375 0.36875
8 0.83671875 0.59140625 0.24375 0.39453125
8 0.2625 0.4828125 0.2625 0.5046875
2 0.5984375 0.39609375 0.07265625 0.06484375
3 0.5734375 0.36171875 0.06328125 0.1015625
2 0.5390625 0.32890625 0.04140625 0.02890625
2 0.55859375 0.4234375 0.08671875 0.03515625
3 0.53125 0.38359375 0.03359375 0.09453125
2 0.08046875 0.346875 0.046875 0.0703125