1 0.48828125 0.27421875 0.05 0.05234375
2 0.77265625 0.559375 0.046875 0.06015625
8 0.85 0.01953125 0.29921875 0.0390625
8 0.8828125 0.1 0.23359375 0.1796875
8 0.28046875 0.45390625 0.1390625 0.159375
8 0.525 0.46796875 0.11015625 0.08984375
8 0.3703125 0.3515625 0.24375 0.23046875
2 0.45078125 0.29453125 0.0421875 0.03359375
1 0.46875 0.84140625 0.084375 0.04296875
1 0.4265625 0.6703125 0.25703125 0.22265625
8 0.30546875 0.64296875 0.27890625 0.17109375
8 0.4203125 0.90859375 0.040625 0.025
8 0.9359375 0.9578125 0.12734375 0.08359375
8 0.95703125 0.459375 0.0859375 0.1515625
6 0.890625 0.56875 0.21875 0.0765625
8 0.8609375 0.49453125 0.1546875 0.10078125
6 0.5859375 0.5296875 0.07421875 0.04453125
6 0.61640625 0.58828125 0.32734375 0.08515625
2 0.871875 0.515625 0.1078125 0.0484375
8 0.85546875 0.75546875 0.28828125 0.31796875
1 0.57109375 0.74609375 0.25390625 0.20078125
1 0.60234375 0.765625 0.09453125 0.15078125
1 0.58203125 0.746875 0.08828125 0.153125
7 0.95546875 0.18125 0.0890625 0.1453125
7 0.73984375 0.35078125 0.51953125 0.471875
3 0.69921875 0.0515625 0.0859375 0.04609375