1 0.03984375 0.0328125 0.0578125 0.065625
1 0.0125 0.06015625 0.025 0.1203125
2 0.31015625 0.240625 0.22109375 0.22578125
2 0.3671875 0.38046875 0.30234375 0.528125
2 0.23203125 0.315625 0.10546875 0.24296875
2 0.34375 0.32734375 0.2703125 0.42890625
2 0.3921875 0.2359375 0.0609375 0.1671875
2 0.43125 0.3140625 0.04453125 0.046875
2 0.3171875 0.2171875 0.1234375 0.1171875
2 0.34296875 0.29140625 0.0546875 0.1765625
3 0.40859375 0.25625 0.10078125 0.1203125
2 0.3890625 0.3125 0.05546875 0.090625
6 0.29765625 0.2609375 0.1359375 0.14296875
2 0.315625 0.334375 0.10390625 0.1125
1 0.39375 0.4328125 0.0515625 0.14375
2 0.65703125 0.5890625 0.4140625 0.39921875
2 0.659375 0.54140625 0.0859375 0.0984375
2 0.65546875 0.59765625 0.05 0.0296875
1 0.646875 0.61796875 0.35078125 0.06796875
2 0.01640625 0.77265625 0.0328125 0.06484375