6 0.12890625 0.4546875 0.14609375 0.1296875
1 0.81640625 0.2859375 0.10703125 0.05859375
8 0.72734375 0.36796875 0.02109375 0.05078125
8 0.82109375 0.4671875 0.19296875 0.3796875
8 0.925 0.52265625 0.14921875 0.35859375
7 0.278125 0.5421875 0.04140625 0.0609375
7 0.23671875 0.546875 0.04921875 0.07265625
7 0.28359375 0.365625 0.13359375 0.07734375
7 0.203125 0.440625 0.1515625 0.196875
7 0.36484375 0.48515625 0.13671875 0.1875
7 0.2546875 0.42890625 0.1890625 0.18671875
7 0.3796875 0.51328125 0.11328125 0.18671875
7 0.29296875 0.33125 0.12578125 0.14453125
7 0.30703125 0.3109375 0.03125 0.059375
7 0.3375 0.3203125 0.10546875 0.14375
7 0.334375 0.190625 0.175 0.22421875
7 0.3609375 0.34609375 0.03203125 0.11875
7 0.40234375 0.4171875 0.06015625 0.05390625
7 0.3921875 0.3125 0.07734375 0.2140625
7 0.42265625 0.36953125 0.078125 0.17421875
7 0.48046875 0.35625 0.134375 0.209375
7 0.534375 0.296875 0.12734375 0.2046875
7 0.5015625 0.1984375 0.19921875 0.1546875
7 0.49609375 0.14765625 0.16328125 0.12578125
7 0.4453125 0.49296875 0.19921875 0.1
7 0.45078125 0.5453125 0.23984375 0.1296875
7 0.43984375 0.6 0.17421875 0.1265625
7 0.51015625 0.66796875 0.1671875 0.23359375
7 0.459375 0.64609375 0.21875 0.23125
7 0.57890625 0.7484375 0.15625 0.28984375
7 0.6296875 0.77578125 0.22265625 0.2609375
7 0.67578125 0.6890625 0.203125 0.2265625
7 0.67421875 0.6578125 0.14921875 0.1125
7 0.5546875 0.47109375 0.0390625 0.0734375
7 0.58203125 0.3640625 0.12421875 0.15078125
7 0.63515625 0.3921875 0.19453125 0.14453125
7 0.63359375 0.33203125 0.04921875 0.025
7 0.69609375 0.4734375 0.25234375 0.16328125
7 0.6640625 0.57265625 0.19296875 0.1078125
1 0.27578125 0.384375 0.07734375 0.07109375
1 0.39296875 0.18203125 0.09296875 0.10078125
1 0.39375 0.45859375 0.021875 0.06015625
1 0.36328125 0.46328125 0.0734375 0.075
1 0.5078125 0.41015625 0.06171875 0.096875
1 0.64609375 0.5484375 0.01640625 0.07578125