8 0.58046875 0.403125 0.31015625 0.50234375
8 0.38203125 0.390625 0.11953125 0.12265625
8 0.49609375 0.60703125 0.1859375 0.36015625
6 0.3625 0.39765625 0.04296875 0.02890625
6 0.4875 0.5921875 0.07265625 0.096875
6 0.45625 0.5125 0.0734375 0.05625
6 0.50859375 0.57734375 0.08203125 0.08828125
6 0.5234375 0.55859375 0.0578125 0.04296875
2 0.2421875 0.59921875 0.36171875 0.4765625
2 0.23515625 0.56171875 0.3671875 0.36640625
2 0.38203125 0.52421875 0.0546875 0.16484375
2 0.32890625 0.42578125 0.125 0.18203125
2 0.31015625 0.38671875 0.05 0.07265625
2 0.303125 0.43203125 0.1375 0.14921875
2 0.32421875 0.4453125 0.08359375 0.12734375
2 0.29765625 0.4375 0.125 0.1703125
2 0.28203125 0.45234375 0.06484375 0.1359375
2 0.271875 0.47578125 0.06015625 0.09609375
2 0.25390625 0.471875 0.06015625 0.1046875
2 0.321875 0.5171875 0.04296875 0.04140625
2 0.228125 0.45546875 0.065625 0.13046875
2 0.2390625 0.54453125 0.02265625 0.0875
2 0.15625 0.40625 0.1046875 0.13203125
2 0.18046875 0.49921875 0.121875 0.18984375
2 0.11875 0.45390625 0.03359375 0.05
2 0.16171875 0.52734375 0.08828125 0.103125
2 0.15625 0.55859375 0.134375 0.2
2 0.1609375 0.56640625 0.12421875 0.18828125
2 0.1375 0.5734375 0.1609375 0.21953125
2 0.15546875 0.58125 0.1390625 0.20859375
2 0.13203125 0.5015625 0.06328125 0.0734375
2 0.21640625 0.58203125 0.03046875 0.0421875
2 0.1640625 0.48046875 0.03828125 0.0953125
2 0.20625 0.47109375 0.04296875 0.053125
2 0.26171875 0.55078125 0.0296875 0.06171875
2 0.2859375 0.54921875 0.059375 0.0578125
1 0.47734375 0.5359375 0.04296875 0.07734375