3 0.771875 0.76015625 0.096875 0.053125
3 0.80234375 0.75546875 0.0453125 0.04765625
3 0.80625 0.74140625 0.034375 0.0421875
6 0.8015625 0.4375 0.11875 0.11171875
1 0.57265625 0.890625 0.215625 0.16953125
1 0.44375 0.8765625 0.12109375 0.07109375
1 0.9390625 0.8765625 0.11171875 0.06328125
1 0.8703125 0.83125 0.24140625 0.08046875
1 0.80703125 0.82265625 0.10546875 0.10078125
3 0.678125 0.8125 0.20078125 0.1125
1 0.7578125 0.45703125 0.0453125 0.06171875
1 0.82578125 0.540625 0.1765625 0.14140625
1 0.89921875 0.69140625 0.20078125 0.259375
8 0.5390625 0.52578125 0.5921875 0.68046875
1 0.75546875 0.9296875 0.19140625 0.121875
6 0.9 0.6296875 0.09453125 0.19296875
1 0.85234375 0.7015625 0.08359375 0.103125