4 0.25234375 0.20859375 0.2296875 0.2984375
1 0.325 0.3703125 0.1 0.0546875
8 0.534375 0.06484375 0.21328125 0.11640625
8 0.60859375 0.19921875 0.20625 0.20078125
8 0.4640625 0.34921875 0.25078125 0.6859375
6 0.759375 0.38515625 0.271875 0.403125
6 0.7 0.48359375 0.27734375 0.3921875
1 0.68359375 0.42265625 0.05234375 0.22265625
6 0.41796875 0.55546875 0.303125 0.30546875
2 0.41484375 0.553125 0.2265625 0.309375
1 0.65234375 0.59140625 0.2796875 0.23046875
6 0.16171875 0.53984375 0.3234375 0.43125
1 0.13828125 0.58984375 0.06640625 0.184375
6 0.3328125 0.834375 0.21015625 0.27890625
1 0.109375 0.83203125 0.13984375 0.15703125
1 0.55546875 0.240625 0.0875 0.2046875
1 0.36796875 0.9078125 0.0671875 0.08203125
2 0.559375 0.81015625 0.2734375 0.3