2 0.434375 0.13046875 0.04609375 0.0234375
8 0.521875 0.159375 0.08359375 0.046875
8 0.46171875 0.3046875 0.103125 0.33125
8 0.56796875 0.2875 0.29140625 0.23515625
8 0.3921875 0.5625 0.11484375 0.13515625
2 0.346875 0.5328125 0.0265625 0.0609375
7 0.32265625 0.8 0.2640625 0.23125
8 0.1765625 0.5078125 0.3359375 0.4015625
8 0.628125 0.4453125 0.38515625 0.3875
2 0.39765625 0.63359375 0.04140625 0.01328125
2 0.4828125 0.69453125 0.10078125 0.1953125
8 0.69921875 0.64921875 0.459375 0.4828125
2 0.33046875 0.6640625 0.23359375 0.0515625
2 0.521875 0.9640625 0.0515625 0.04296875