8 0.39453125 0.38125 0.07421875 0.0484375
2 0.36328125 0.73671875 0.0609375 0.06171875
8 0.52734375 0.4015625 0.20234375 0.20625
2 0.625 0.7859375 0.18515625 0.1828125
2 0.72890625 0.65390625 0.303125 0.39375
2 0.515625 0.7171875 0.29296875 0.11171875
2 0.55390625 0.709375 0.1234375 0.05390625
2 0.55703125 0.5921875 0.2875 0.2453125
2 0.42109375 0.67890625 0.20703125 0.1390625
2 0.31796875 0.55390625 0.1015625 0.21796875
2 0.29140625 0.596875 0.26953125 0.23046875
2 0.4953125 0.590625 0.171875 0.209375
8 0.3234375 0.378125 0.19921875 0.10625
8 0.1953125 0.4609375 0.1765625 0.16953125
1 0.72734375 0.2875 0.2 0.23125
8 0.66015625 0.42890625 0.059375 0.0828125
1 0.78671875 0.428125 0.2578125 0.15390625
1 0.7828125 0.56640625 0.23203125 0.36015625
8 0.96640625 0.5046875 0.06640625 0.06796875
8 0.8359375 0.2109375 0.05078125 0.0671875
2 0.83125 0.10859375 0.03828125 0.03359375
2 0.86484375 0.0703125 0.06953125 0.04375