7 0.0390625 0.88828125 0.078125 0.2234375
7 0.228125 0.89140625 0.34609375 0.21640625
7 0.96796875 0.9109375 0.06328125 0.178125
7 0.865625 0.90234375 0.2171875 0.19375
1 0.3109375 0.8953125 0.059375 0.209375
7 0.50234375 0.9015625 0.20546875 0.19609375
7 0.68203125 0.9 0.16953125 0.1984375
1 0.73125 0.90078125 0.05859375 0.19765625
7 0.93125 0.14765625 0.134375 0.2953125
7 0.8390625 0.140625 0.17265625 0.28046875
7 0.67265625 0.1390625 0.23671875 0.278125
7 0.440625 0.14140625 0.27890625 0.28203125
7 0.09375 0.1125 0.1875 0.225
7 0.16796875 0.11640625 0.26640625 0.23203125
1 0.7296875 0.1390625 0.10546875 0.278125
7 0.946875 0.58828125 0.10546875 0.47265625
7 0.83671875 0.7984375 0.09921875 0.04296875
7 0.88828125 0.5546875 0.19453125 0.51015625
7 0.76328125 0.54296875 0.15078125 0.53671875
7 0.1453125 0.51796875 0.290625 0.5390625
1 0.15625 0.5234375 0.25546875 0.52734375
7 0.24609375 0.5375 0.290625 0.5453125
1 0.09453125 0.6390625 0.08046875 0.1140625
7 0.52890625 0.55 0.39375 0.56484375