6 0.03828125 0.5265625 0.0765625 0.0625
1 0.2140625 0.5015625 0.38515625 0.434375
2 0.9796875 0.59609375 0.040625 0.1140625
2 0.93671875 0.396875 0.12578125 0.0609375
2 0.965625 0.434375 0.06796875 0.0328125
2 0.65078125 0.59609375 0.66875 0.559375
2 0.76796875 0.6796875 0.090625 0.0484375
2 0.86640625 0.5625 0.2671875 0.23203125
2 0.759375 0.38984375 0.28515625 0.18359375
2 0.73828125 0.5375 0.39375 0.2875
8 0.55390625 0.5421875 0.17421875 0.11953125
6 0.87578125 0.525 0.13046875 0.115625
4 0.77421875 0.51796875 0.13203125 0.0421875
2 0.8078125 0.540625 0.03671875 0.0234375
4 0.684375 0.528125 0.06015625 0.03671875
4 0.39765625 0.4046875 0.1203125 0.04921875
4 0.33046875 0.3265625 0.0890625 0.05859375
4 0.31640625 0.334375 0.06875 0.0375
4 0.30546875 0.32890625 0.0421875 0.0203125
4 0.04375 0.48515625 0.08359375 0.0265625
4 0.0453125 0.46171875 0.090625 0.009375
4 0.1 0.3921875 0.2 0.2375