6 0.5796875 0.359375 0.234375 0.10078125
5 0.62890625 0.6578125 0.4375 0.10546875
5 0.26484375 0.703125 0.4703125 0.1390625
5 0.52578125 0.7453125 0.29140625 0.11328125
8 0.0890625 0.440625 0.17734375 0.5328125
6 0.2328125 0.56328125 0.26640625 0.14296875
6 0.63203125 0.7296875 0.3203125 0.13125
5 0.69453125 0.5890625 0.41484375 0.09375
5 0.75625 0.5171875 0.29765625 0.059375
5 0.42890625 0.33671875 0.1203125 0.1109375
5 0.61328125 0.4609375 0.3828125 0.16328125
6 0.57109375 0.515625 0.11171875 0.078125
6 0.4125 0.52109375 0.2140625 0.046875
4 0.3515625 0.54453125 0.12734375 0.059375
5 0.3703125 0.440625 0.19453125 0.10390625
8 0.15546875 0.265625 0.3109375 0.253125
2 0.0625 0.08125 0.125 0.16171875