6 0.9234375 0.54296875 0.0484375 0.0390625
6 0.47890625 0.40625 0.03046875 0.07578125
8 0.184375 0.3296875 0.3515625 0.503125
8 0.17734375 0.1046875 0.08671875 0.0515625
8 0.1171875 0.115625 0.0453125 0.0375
8 0.41953125 0.58203125 0.23515625 0.42734375
6 0.38515625 0.39296875 0.04609375 0.11953125
6 0.44609375 0.34140625 0.08828125 0.20390625
8 0.6625 0.465625 0.28359375 0.278125
8 0.79375 0.64453125 0.33203125 0.45078125
6 0.67578125 0.71796875 0.07109375 0.21875
6 0.57421875 0.4203125 0.07265625 0.0703125