5 0.3953125 0.746875 0.38125 0.13515625
8 0.61953125 0.5421875 0.25 0.19140625
1 0.40546875 0.29140625 0.09765625 0.06875
3 0.64453125 0.175 0.1765625 0.0421875
3 0.91015625 0.17421875 0.17890625 0.08046875
1 0.80703125 0.2375 0.1953125 0.1859375
8 0.684375 0.5125 0.09296875 0.07734375
1 0.85 0.72734375 0.0484375 0.0390625
3 0.9359375 0.696875 0.12734375 0.16640625
0 0.840625 0.77421875 0.17734375 0.05546875
1 0.353125 0.66796875 0.3984375 0.05546875
1 0.1203125 0.6078125 0.0546875 0.0859375
8 0.36171875 0.29765625 0.0609375 0.0625
1 0.46484375 0.2671875 0.228125 0.1984375
1 0.70625 0.4328125 0.08984375 0.03515625
3 0.63671875 0.30859375 0.3046875 0.25703125
4 0.496875 0.43359375 0.32890625 0.24140625
3 0.234375 0.3171875 0.23203125 0.17109375
3 0.2109375 0.45859375 0.2765625 0.25234375
3 0.36171875 0.5421875 0.3015625 0.2125
8 0.6546875 0.71328125 0.24375 0.20625
6 0.80859375 0.4484375 0.38203125 0.55546875