1 0.253125 0.43203125 0.0640625 0.06484375
8 0.2296875 0.47890625 0.1171875 0.13359375
6 0.52265625 0.4953125 0.5546875 0.26171875
8 0.39765625 0.2734375 0.27265625 0.23671875
8 0.51171875 0.3625 0.059375 0.046875
4 0.4703125 0.378125 0.0578125 0.03203125
8 0.50859375 0.38828125 0.06875 0.0171875
2 0.3484375 0.43125 0.02578125 0.0484375
1 0.3140625 0.47265625 0.071875 0.08203125
2 0.4921875 0.46328125 0.0625 0.03046875
2 0.4125 0.4859375 0.196875 0.07421875
8 0.3953125 0.421875 0.07578125 0.0640625
2 0.40234375 0.48203125 0.128125 0.021875
6 0.64453125 0.44140625 0.05390625 0.01953125
5 0.546875 0.4421875 0.14140625 0.03828125
2 0.4296875 0.4359375 0.15234375 0.09296875
6 0.9234375 0.49765625 0.15234375 0.28515625
8 0.9390625 0.45703125 0.121875 0.1484375
6 0.77890625 0.4671875 0.30859375 0.14765625
6 0.590625 0.48984375 0.1421875 0.0828125
8 0.72421875 0.3421875 0.3921875 0.1875
1 0.35859375 0.79453125 0.10859375 0.08515625
1 0.8125 0.79296875 0.0484375 0.059375
1 0.86484375 0.64296875 0.078125 0.04140625
1 0.97890625 0.69609375 0.04140625 0.075
8 0.64921875 0.6765625 0.60390625 0.39765625
6 0.1328125 0.42109375 0.13671875 0.08125
6 0.528125 0.56484375 0.05703125 0.025
1 0.4484375 0.56875 0.1125 0.028125