1 0.8625 0.47734375 0.04375 0.04453125
2 0.846875 0.4859375 0.04140625 0.02421875
1 0.60859375 0.4375 0.78125 0.14765625
2 0.69296875 0.603125 0.07734375 0.025
6 0.6765625 0.58359375 0.22890625 0.09921875
6 0.71640625 0.5046875 0.32734375 0.25859375
2 0.6421875 0.4390625 0.075 0.1484375
2 0.7234375 0.55859375 0.03984375 0.0125
2 0.67890625 0.5390625 0.090625 0.0625
1 0.7515625 0.55390625 0.0484375 0.03125
6 0.7 0.5328125 0.08125 0.0578125
1 0.70390625 0.5015625 0.06875 0.04453125
0 0.75 0.521875 0.04375 0.0328125
6 0.6234375 0.4421875 0.03046875 0.03671875
5 0.67109375 0.4703125 0.075 0.040625
1 0.7296875 0.6359375 0.096875 0.04296875
8 0.41484375 0.5203125 0.37265625 0.41953125
8 0.46015625 0.90390625 0.09296875 0.08828125
6 0.39921875 0.43515625 0.0765625 0.07109375
3 0.5015625 0.3609375 0.0875 0.053125