8 0.06328125 0.72109375 0.12578125 0.55703125
7 0.19140625 0.521875 0.2265625 0.18515625
0 0.03828125 0.2921875 0.04140625 0.20625
8 0.13515625 0.32890625 0.16328125 0.10546875
8 0.2390625 0.42265625 0.06953125 0.0875
7 0.13125 0.4421875 0.21796875 0.234375
8 0.203125 0.7703125 0.23671875 0.459375
2 0.8203125 0.67109375 0.2703125 0.2859375
2 0.771875 0.509375 0.26796875 0.17265625
2 0.81875 0.5234375 0.1546875 0.06875
3 0.80703125 0.51640625 0.08203125 0.034375
2 0.775 0.4484375 0.17734375 0.09140625
8 0.6125 0.75078125 0.21953125 0.49765625
7 0.5046875 0.54609375 0.28671875 0.25703125
2 0.62890625 0.62578125 0.11484375 0.2203125
2 0.70390625 0.31015625 0.27890625 0.23828125
2 0.7453125 0.18984375 0.25703125 0.2234375
1 0.4390625 0.79921875 0.26328125 0.40078125
2 0.49296875 0.3390625 0.22109375 0.23203125
7 0.52421875 0.38125 0.196875 0.171875
1 0.78125 0.49375 0.0390625 0.20078125