2 0.0265625 0.4390625 0.053125 0.121875
8 0.11015625 0.53828125 0.21953125 0.1265625
2 0.30703125 0.76640625 0.4203125 0.2859375
6 0.29609375 0.7203125 0.08125 0.140625
8 0.325 0.71796875 0.09296875 0.15234375
1 0.21953125 0.78125 0.04609375 0.04453125
3 0.22734375 0.8140625 0.103125 0.07265625
2 0.2625 0.2875 0.290625 0.15078125
1 0.24375 0.31484375 0.24921875 0.1015625
8 0.59140625 0.20625 0.1859375 0.15390625
2 0.31484375 0.24296875 0.08828125 0.0875
8 0.5546875 0.32421875 0.44765625 0.26171875
6 0.26875 0.21171875 0.0578125 0.040625
6 0.2796875 0.27890625 0.07890625 0.06328125
6 0.25234375 0.25078125 0.059375 0.04296875
2 0.28671875 0.28359375 0.05546875 0.04453125
8 0.1265625 0.41015625 0.22578125 0.1453125
8 0.2328125 0.4359375 0.14453125 0.16875
8 0.1640625 0.4609375 0.16953125 0.115625
8 0.41328125 0.47890625 0.35703125 0.26484375
8 0.6078125 0.57109375 0.2609375 0.19140625
2 0.16796875 0.48828125 0.09375 0.04921875
1 0.20390625 0.50546875 0.07109375 0.0578125