8 0.453125 0.51953125 0.0578125 0.090625
7 0.3609375 0.41015625 0.1953125 0.14140625
7 0.3359375 0.4390625 0.17890625 0.10546875
7 0.31640625 0.43671875 0.18515625 0.09140625
7 0.28515625 0.44375 0.2046875 0.0671875
7 0.2625 0.471875 0.190625 0.0390625
7 0.19140625 0.5796875 0.2796875 0.21640625
8 0.52734375 0.3953125 0.15390625 0.16171875
1 0.2375 0.65078125 0.18203125 0.06328125
1 0.2 0.60390625 0.190625 0.06953125
1 0.17421875 0.53671875 0.2265625 0.11484375
1 0.19296875 0.59453125 0.26328125 0.14375
1 0.20234375 0.63359375 0.2015625 0.08828125
6 0.3390625 0.52109375 0.17109375 0.08984375
6 0.353125 0.5359375 0.16015625 0.084375
6 0.365625 0.5453125 0.14921875 0.07734375
6 0.375 0.55078125 0.16953125 0.0921875
6 0.38828125 0.5734375 0.17265625 0.084375
6 0.39609375 0.59921875 0.1703125 0.0875
6 0.4125 0.63046875 0.16484375 0.07265625
6 0.4203125 0.6453125 0.14921875 0.06328125
6 0.41953125 0.67265625 0.14921875 0.04609375
8 0.7078125 0.53671875 0.49765625 0.528125
8 0.6171875 0.35 0.04375 0.0265625
1 0.35859375 0.415625 0.17890625 0.11484375
1 0.41796875 0.43828125 0.046875 0.0765625
6 0.67421875 0.33125 0.05625 0.05078125