7 0.36171875 0.33125 0.13359375 0.18515625
8 0.83125 0.6171875 0.2703125 0.52265625
1 0.3390625 0.3953125 0.06171875 0.02890625
8 0.6796875 0.4796875 0.02109375 0.0359375
8 0.67890625 0.52265625 0.0609375 0.1078125
8 0.70859375 0.634375 0.04609375 0.2140625
8 0.49921875 0.53046875 0.05859375 0.1328125
8 0.6 0.45703125 0.19921875 0.26875
2 0.2046875 0.43828125 0.21328125 0.0578125
1 0.32578125 0.43515625 0.0625 0.04921875
2 0.2078125 0.4109375 0.20546875 0.090625
8 0.29609375 0.60234375 0.20234375 0.33515625
2 0.20625 0.40625 0.18359375 0.09453125
8 0.44921875 0.64453125 0.115625 0.2359375
2 0.1953125 0.3765625 0.17890625 0.12734375
8 0.53671875 0.678125 0.06875 0.23515625
2 0.16953125 0.29453125 0.171875 0.17265625
8 0.48125 0.72109375 0.11484375 0.2953125
8 0.64375 0.7109375 0.21953125 0.37421875
1 0.4 0.3890625 0.05703125 0.0265625