8 0.8953125 0.63203125 0.209375 0.4890625
2 0.14765625 0.321875 0.0734375 0.0796875
6 0.26484375 0.37421875 0.06796875 0.0265625
8 0.44921875 0.46171875 0.3171875 0.18359375
8 0.49921875 0.49296875 0.13203125 0.10078125
3 0.85625 0.71171875 0.05390625 0.01953125
3 0.85859375 0.71484375 0.05390625 0.01875
3 0.8703125 0.7375 0.071875 0.05390625
8 0.534375 0.66171875 0.50546875 0.29296875
8 0.65390625 0.63046875 0.0796875 0.07578125
6 0.49609375 0.671875 0.05078125 0.04765625
8 0.5578125 0.6140625 0.18125 0.08828125
8 0.45234375 0.59921875 0.06796875 0.02734375
6 0.73515625 0.6328125 0.096875 0.1
8 0.64765625 0.56953125 0.21796875 0.078125
6 0.63984375 0.6625 0.1171875 0.0609375
3 0.6296875 0.68046875 0.06875 0.040625
8 0.709375 0.4140625 0.1140625 0.07578125