10 0.08125 0.25390625 0.16171875 0.28203125
10 0.13203125 0.10703125 0.2328125 0.2140625
4 0.19765625 0.16875 0.08828125 0.178125
2 0.0828125 0.465625 0.165625 0.15
8 0.23671875 0.7859375 0.1078125 0.1125
8 0.1359375 0.73046875 0.271875 0.3515625
8 0.34453125 0.734375 0.04375 0.1171875
6 0.7046875 0.7796875 0.0828125 0.09921875
6 0.7171875 0.69375 0.07890625 0.11171875
8 0.73828125 0.61640625 0.09921875 0.1546875
10 0.49609375 0.584375 0.3625 0.67109375
10 0.74375 0.41796875 0.203125 0.3421875
10 0.22109375 0.43515625 0.25546875 0.3953125