1 0.88203125 0.66484375 0.2359375 0.66953125
8 0.8328125 0.2703125 0.109375 0.12890625
1 0.684375 0.76015625 0.38203125 0.47890625
6 0.7046875 0.5328125 0.159375 0.3890625
2 0.85625 0.41484375 0.28671875 0.19375
2 0.91875 0.296875 0.1625 0.07578125
2 0.85078125 0.30390625 0.11796875 0.08203125
1 0.4703125 0.60234375 0.3484375 0.571875
5 0.56015625 0.5 0.2125 0.1578125
2 0.57421875 0.50234375 0.08671875 0.14140625
8 0.49765625 0.69921875 0.05078125 0.0515625
2 0.52578125 0.63125 0.07421875 0.12890625
1 0.509375 0.8703125 0.38359375 0.259375
1 0.23515625 0.6125 0.4703125 0.7734375