8 0.57109375 0.50078125 0.125 0.190625
2 0.753125 0.5046875 0.3578125 0.24140625
2 0.55546875 0.76328125 0.8890625 0.43515625
1 0.9796875 0.58828125 0.040625 0.07578125
10 0.57890625 0.75859375 0.4 0.33203125
2 0.28125 0.59453125 0.20078125 0.25
8 0.31875 0.68828125 0.26328125 0.40546875
1 0.6703125 0.83359375 0.65859375 0.33203125
1 0.8453125 0.7078125 0.1140625 0.1984375
2 0.90546875 0.790625 0.18828125 0.23359375
7 0.6296875 0.64140625 0.40546875 0.31796875
1 0.2796875 0.6109375 0.14609375 0.22109375
1 0.25 0.51015625 0.15234375 0.1609375
2 0.43125 0.49296875 0.2765625 0.40078125