1 0.3 0.67109375 0.5421875 0.6578125
2 0.028125 0.83125 0.05625 0.1765625
6 0.028125 0.72421875 0.05625 0.1171875
2 0.2078125 0.5109375 0.0953125 0.1140625
2 0.45390625 0.57421875 0.05390625 0.1046875
2 0.34140625 0.4859375 0.30078125 0.12421875
6 0.33984375 0.525 0.22109375 0.0875
6 0.203125 0.41328125 0.11953125 0.10859375
2 0.14140625 0.59765625 0.2796875 0.2046875
8 0.32578125 0.5265625 0.221875 0.27578125
8 0.4671875 0.6078125 0.05625 0.03515625
8 0.51328125 0.50546875 0.06328125 0.10234375
2 0.4875 0.57734375 0.134375 0.096875
8 0.721875 0.46953125 0.396875 0.51640625
1 0.240625 0.74375 0.1125 0.04375
6 0.26640625 0.3875 0.03671875 0.075