1 0.81171875 0.528125 0.2140625 0.1109375
2 0.5 0.7171875 1 0.565625
6 0.915625 0.16953125 0.16796875 0.16953125
3 0.87734375 0.08515625 0.2109375 0.1703125
7 0.20234375 0.14140625 0.23828125 0.078125
7 0.13828125 0.06796875 0.16484375 0.1359375
1 0.31796875 0.24375 0.22265625 0.2046875
8 0.25 0.37421875 0.365625 0.16640625
8 0.43515625 0.2703125 0.20390625 0.2171875
1 0.36953125 0.16796875 0.35859375 0.1015625
7 0.42265625 0.06796875 0.453125 0.1359375
4 0.63984375 0.2515625 0.28046875 0.13984375
1 0.24140625 0.8515625 0.0625 0.2890625
1 0.42734375 0.51328125 0.20234375 0.28359375
3 0.1953125 0.58671875 0.26328125 0.26328125
6 0.665625 0.640625 0.45546875 0.22578125
3 0.82890625 0.36328125 0.0859375 0.1734375
3 0.66484375 0.36484375 0.3703125 0.1765625