2 0.734375 0.53671875 0.1796875 0.04765625
2 0.725 0.62578125 0.23671875 0.15078125
2 0.746875 0.6390625 0.1984375 0.028125
2 0.7484375 0.621875 0.20859375 0.03359375
2 0.7484375 0.6125 0.20859375 0.02890625
2 0.72578125 0.55625 0.2 0.0625
2 0.72734375 0.575 0.2 0.0546875
2 0.74609375 0.58515625 0.20859375 0.05859375
2 0.74765625 0.603125 0.20859375 0.03359375
2 0.5796875 0.55703125 0.11171875 0.07890625
2 0.5796875 0.5 0.1140625 0.09296875
2 0.62578125 0.5046875 0.034375 0.0625
2 0.709375 0.49921875 0.3265625 0.2609375
2 0.68515625 0.37421875 0.22578125 0.11484375
2 0.365625 0.2921875 0.38359375 0.375
2 0.39453125 0.509375 0.40625 0.46015625
2 0.6875 0.3203125 0.1453125 0.084375