2 0.61875 0.18203125 0.13828125 0.0453125
2 0.62109375 0.28671875 0.12265625 0.2125
8 0.84375 0.7109375 0.28515625 0.32734375
8 0.81484375 0.275 0.36953125 0.5046875
8 0.50703125 0.31484375 0.1765625 0.346875
8 0.6515625 0.5859375 0.25234375 0.39765625
2 0.28125 0.6328125 0.56171875 0.7328125
4 0.36640625 0.61328125 0.0703125 0.08203125
3 0.384375 0.834375 0.06875 0.071875
4 0.434375 0.78828125 0.04609375 0.08828125
1 0.43046875 0.7671875 0.05 0.0765625
2 0.27734375 0.715625 0.31328125 0.28203125
6 0.45 0.2671875 0.071875 0.24609375
6 0.4734375 0.21796875 0.06484375 0.19921875
6 0.53515625 0.26796875 0.06015625 0.1109375
6 0.5296875 0.2109375 0.07578125 0.1109375
8 0.8875 0.83359375 0.225 0.33203125
8 0.93828125 0.4609375 0.12265625 0.309375
1 0.390625 0.6734375 0.0796875 0.05390625