7 0.25390625 0.521875 0.04453125 0.0765625
7 0.3796875 0.603125 0.21796875 0.178125
7 0.18671875 0.71796875 0.37265625 0.12734375
8 0.11953125 0.4390625 0.2390625 0.2625
4 0.371875 0.546875 0.2984375 0.14609375
7 0.321875 0.4140625 0.25703125 0.15
7 0.7421875 0.6984375 0.51484375 0.3140625
7 0.76171875 0.5328125 0.41484375 0.20859375
7 0.75546875 0.4359375 0.3765625 0.09453125
8 0.92578125 0.78984375 0.14765625 0.35390625
0 0.98984375 0.9640625 0.01953125 0.07109375
7 0.8375 0.3609375 0.32421875 0.221875
2 0.46640625 0.47109375 0.20703125 0.15390625
3 0.115625 0.34140625 0.03125 0.03828125
3 0.15 0.3421875 0.06328125 0.04921875
1 0.134375 0.3234375 0.07578125 0.05625
8 0.35859375 0.51171875 0.04921875 0.0390625
1 0.27421875 0.45078125 0.15859375 0.1234375
1 0.375 0.67109375 0.11171875 0.0484375
1 0.72265625 0.65546875 0.46875 0.153125
1 0.43125 0.4515625 0.11796875 0.09609375
1 0.46796875 0.43828125 0.0796875 0.02421875