1 0.703125 0.31484375 0.59375 0.62890625
4 0.17265625 0.92265625 0.23515625 0.153125
4 0.39453125 0.4890625 0.1265625 0.12421875
4 0.49375 0.2265625 0.1375 0.14609375
4 0.48671875 0.115625 0.15390625 0.2015625
4 0.3046875 0.06015625 0.12734375 0.1203125
4 0.40390625 0.04609375 0.1328125 0.0921875
4 0.51796875 0.38671875 0.253125 0.28125
4 0.86875 0.384375 0.2421875 0.4515625
4 0.65234375 0.4484375 0.3578125 0.14453125
4 0.3515625 0.2640625 0.2359375 0.440625
4 0.33828125 0.53828125 0.12578125 0.13515625
4 0.6453125 0.7140625 0.70859375 0.571875
4 0.04375 0.90703125 0.08671875 0.184375
4 0.03671875 0.4125 0.07265625 0.2875
4 0.64296875 0.234375 0.22890625 0.32109375
4 0.16875 0.1390625 0.225 0.278125
4 0.03359375 0.1703125 0.06640625 0.33984375
4 0.1578125 0.55390625 0.315625 0.659375