6 0.3671875 0.32890625 0.04140625 0.11640625
6 0.79921875 0.95078125 0.1984375 0.0984375
6 0.2375 0.90234375 0.21015625 0.19453125
6 0.25078125 0.52890625 0.228125 0.50859375
6 0.27578125 0.79140625 0.0953125 0.23671875
1 0.2078125 0.7859375 0.15 0.16796875
6 0.28203125 0.85703125 0.08984375 0.13984375
6 0.51015625 0.83515625 0.40859375 0.328125
6 0.79140625 0.7609375 0.4171875 0.36484375
1 0.8640625 0.45859375 0.12578125 0.58828125
6 0.50859375 0.95 0.1875 0.1
6 0.62578125 0.52578125 0.53359375 0.6046875
6 0.553125 0.57421875 0.27265625 0.60390625
6 0.68828125 0.31796875 0.62265625 0.5875
6 0.31796875 0.3796875 0.3390625 0.75859375