1 0.96171875 0.390625 0.0765625 0.03046875
6 0.90625 0.74921875 0.1875 0.05703125
10 0.909375 0.68125 0.18046875 0.1828125
8 0.92421875 0.5859375 0.15078125 0.14453125
6 0.88125 0.80625 0.2375 0.08984375
1 0.95703125 0.45625 0.084375 0.17578125
1 0.51015625 0.78671875 0.63359375 0.21015625
2 0.1015625 0.32890625 0.09140625 0.13203125
4 0.12265625 0.2828125 0.06328125 0.0265625
6 0.04765625 0.26328125 0.0953125 0.0453125
1 0.5390625 0.2890625 0.92109375 0.46015625
8 0.2890625 0.3921875 0.32734375 0.2875
7 0.41484375 0.0421875 0.8296875 0.084375
2 0.0421875 0.30234375 0.084375 0.0765625
8 0.30859375 0.3828125 0.2375 0.17578125
8 0.35 0.35 0.13125 0.1546875
8 0.19765625 0.36015625 0.175 0.19296875
8 0.19765625 0.28671875 0.090625 0.06875
8 0.19296875 0.5140625 0.13203125 0.20546875
1 0.08046875 0.63984375 0.1609375 0.6921875
10 0.95546875 0.72109375 0.03671875 0.08046875
1 0.8171875 0.65625 0.365625 0.103125