2 0.9015625 0.65546875 0.19609375 0.20234375
2 0.8375 0.8671875 0.15703125 0.22421875
8 0.78359375 0.95859375 0.0953125 0.0828125
7 0.853125 0.73671875 0.096875 0.0390625
1 0.090625 0.953125 0.18125 0.09296875
8 0.33515625 0.92890625 0.33046875 0.1421875
2 0.078125 0.58359375 0.15625 0.19140625
8 0.20234375 0.7921875 0.40390625 0.259375
2 0.2015625 0.6015625 0.1296875 0.25546875
2 0.67734375 0.60859375 0.58984375 0.68984375
2 0.2984375 0.68046875 0.3046875 0.140625
2 0.675 0.7703125 0.36796875 0.459375
8 0.52734375 0.4375 0.078125 0.08984375
2 0.35859375 0.50234375 0.46171875 0.4265625
2 0.39296875 0.49453125 0.29140625 0.15859375
8 0.46171875 0.4890625 0.0421875 0.059375
2 0.3796875 0.51171875 0.1921875 0.11484375
8 0.36171875 0.50703125 0.1390625 0.0796875
2 0.37265625 0.53671875 0.11015625 0.05859375
1 0.37578125 0.54765625 0.07734375 0.03359375
1 0.50234375 0.33984375 0.10546875 0.0640625
8 0.91328125 0.903125 0.17265625 0.19375
2 0.8671875 0.834375 0.05078125 0.0546875
2 0.37890625 0.55234375 0.05 0.0203125
2 0.628125 0.828125 0.3359375 0.3421875
1 0.49921875 0.8109375 0.0953125 0.18046875