8 0.6015625 0.3609375 0.434375 0.3125
1 0.47734375 0.84140625 0.13359375 0.19296875
1 0.5234375 0.6171875 0.1 0.04765625
8 0.40703125 0.5234375 0.17109375 0.20546875
8 0.65859375 0.46328125 0.0375 0.015625
6 0.61171875 0.3703125 0.3015625 0.22421875
8 0.68984375 0.29296875 0.25234375 0.140625
8 0.70234375 0.4984375 0.09921875 0.12109375
6 0.59140625 0.53125 0.2859375 0.13984375
1 0.41015625 0.5140625 0.06953125 0.0671875
6 0.40390625 0.68046875 0.1609375 0.1484375
6 0.36171875 0.840625 0.1546875 0.18515625
6 0.478125 0.96875 0.04765625 0.01875
2 0.9640625 0.8546875 0.0703125 0.25078125
8 0.3765625 0.8265625 0.06484375 0.10625