1 0.1015625 0.3953125 0.05390625 0.03203125
1 0.3390625 0.36484375 0.09921875 0.05
2 0.21640625 0.37734375 0.27734375 0.25546875
2 0.3703125 0.58828125 0.209375 0.23828125
2 0.36953125 0.51171875 0.15 0.17265625
2 0.26953125 0.51875 0.06875 0.0765625
2 0.2515625 0.4765625 0.08046875 0.14453125
1 0.24765625 0.57421875 0.04140625 0.04921875
8 0.14296875 0.571875 0.184375 0.29140625
6 0.771875 0.15625 0.0609375 0.09375
8 0.68671875 0.54453125 0.2296875 0.3734375
2 0.3296875 0.43203125 0.059375 0.06484375
2 0.39296875 0.41171875 0.09609375 0.040625
2 0.3625 0.60625 0.0640625 0.06484375
2 0.415625 0.51640625 0.05625 0.09921875
8 0.49921875 0.571875 0.13203125 0.19609375
6 0.515625 0.51484375 0.0328125 0.04140625
1 0.49140625 0.49375 0.03359375 0.0421875
8 0.46328125 0.503125 0.02734375 0.03671875
8 0.48984375 0.6296875 0.1296875 0.14453125
7 0.28984375 0.68359375 0.25546875 0.2015625
8 0.5 0.79375 0.22890625 0.25234375
1 0.21015625 0.4796875 0.09375 0.1
1 0.18359375 0.3015625 0.0203125 0.096875