1 0.39921875 0.66640625 0.0296875 0.0796875
8 0.36875 0.3453125 0.13828125 0.17109375
2 0.77109375 0.365625 0.45703125 0.59921875
8 0.12421875 0.2890625 0.19296875 0.43828125
7 0.446875 0.4671875 0.1953125 0.2734375
8 0.2359375 0.3875 0.2359375 0.3375
8 0.17578125 0.2609375 0.1046875 0.103125
7 0.48671875 0.56171875 0.21328125 0.2109375
2 0.746875 0.6 0.1140625 0.10703125
8 0.73203125 0.56953125 0.15078125 0.17890625
1 0.7328125 0.67578125 0.18046875 0.0671875
7 0.25703125 0.72421875 0.26484375 0.34140625
1 0.36953125 0.42890625 0.03984375 0.1296875
1 0.48671875 0.5796875 0.21328125 0.16796875