1 0.7375 0.7671875 0.04453125 0.02890625
2 0.79375 0.56796875 0.090625 0.0546875
2 0.88515625 0.65234375 0.22890625 0.15
7 0.65546875 0.4296875 0.090625 0.07265625
1 0.30625 0.47265625 0.040625 0.01875
6 0.21640625 0.053125 0.13828125 0.08671875
6 0.203125 0.209375 0.03984375 0.0265625
6 0.275 0.209375 0.11640625 0.09296875
6 0.31328125 0.2328125 0.10390625 0.0984375
6 0.38046875 0.30390625 0.13046875 0.05078125
6 0.4265625 0.2546875 0.14140625 0.071875
5 0.46640625 0.290625 0.04765625 0.059375
2 0.4125 0.47109375 0.0921875 0.0578125
2 0.41640625 0.4703125 0.05390625 0.0171875
2 0.39375 0.40625 0.07734375 0.11796875
2 0.48046875 0.3328125 0.16328125 0.04609375
3 0.57265625 0.33359375 0.0421875 0.03671875
2 0.49921875 0.54921875 0.06484375 0.07890625
2 0.50859375 0.4953125 0.228125 0.19609375
2 0.44296875 0.38359375 0.17578125 0.0875
2 0.54765625 0.37265625 0.1890625 0.0984375
2 0.4203125 0.5453125 0.0921875 0.0734375
6 0.47109375 0.62578125 0.1109375 0.08828125
8 0.34296875 0.57265625 0.14921875 0.1984375
6 0.771875 0.6109375 0.0625 0.05390625
8 0.828125 0.6609375 0.21484375 0.175
2 0.56796875 0.4703125 0.1375 0.10859375
6 0.6140625 0.46484375 0.1625 0.0875
8 0.62734375 0.6390625 0.215625 0.33046875
1 0.2578125 0.34296875 0.0390625 0.01796875
6 0.853125 0.43203125 0.2921875 0.2125