8 0.94453125 0.38125 0.11015625 0.0765625
8 0.85 0.51328125 0.29921875 0.20859375
2 0.403125 0.43828125 0.67890625 0.2125
8 0.85546875 0.20390625 0.28828125 0.28984375
8 0.77109375 0.3625 0.31640625 0.3578125
1 0.5 0.28515625 0.3171875 0.14609375
2 0.52734375 0.75390625 0.7046875 0.315625
2 0.57734375 0.7796875 0.44375 0.14296875
2 0.353125 0.796875 0.03203125 0.06484375
2 0.6921875 0.77109375 0.1921875 0.05703125
2 0.503125 0.64453125 0.5578125 0.26953125
2 0.53046875 0.63203125 0.2328125 0.0328125
3 0.5046875 0.25546875 0.07734375 0.05