8 0.78125 0.33046875 0.14375 0.275
1 0.753125 0.2265625 0.05859375 0.05546875
8 0.7125 0.45234375 0.21640625 0.43203125
0 0.47578125 0.64765625 0.0171875 0.05703125
8 0.55078125 0.56640625 0.2203125 0.4109375
8 0.22265625 0.253125 0.21484375 0.32890625
1 0.15234375 0.19140625 0.05546875 0.03203125
8 0.39453125 0.690625 0.2453125 0.4609375
8 0.628125 0.253125 0.2703125 0.25859375
8 0.76015625 0.06640625 0.13359375 0.1328125
8 0.41171875 0.34765625 0.16796875 0.34453125
8 0.3828125 0.528125 0.025 0.034375
1 0.36640625 0.525 0.0359375 0.05859375