9 0.64375 0.221875 0.5125 0.2828125
9 0.971875 0.96484375 0.05625 0.0703125
9 0.86484375 0.81015625 0.26953125 0.09921875
6 0.08359375 0.890625 0.1671875 0.153125
9 0.2421875 0.96640625 0.1 0.06640625
9 0.54765625 0.76640625 0.2375 0.228125
9 0.3546875 0.7859375 0.39140625 0.3421875
9 0.21640625 0.49453125 0.3859375 0.3578125
9 0.39140625 0.50390625 0.04609375 0.03359375
9 0.90703125 0.56484375 0.18515625 0.0765625
9 0.70390625 0.5765625 0.2703125 0.165625
9 0.8640625 0.70390625 0.08125 0.05234375
9 0.74921875 0.89453125 0.2109375 0.17578125
9 0.85078125 0.76328125 0.29765625 0.10859375
9 0.5546875 0.4109375 0.4921875 0.28359375
9 0.6390625 0.78828125 0.240625 0.2296875
9 0.6671875 0.93984375 0.1078125 0.11953125
9 0.73359375 0.94296875 0.203125 0.1125
9 0.91640625 0.8859375 0.16640625 0.2265625
9 0.87890625 0.43046875 0.1921875 0.225
9 0.875 0.64609375 0.2484375 0.11640625