2 0.4796875 0.559375 0.959375 0.88125
1 0.89765625 0.21953125 0.203125 0.3
2 0.11640625 0.11484375 0.2328125 0.07890625
2 0.51640625 0.5 0.728125 1
2 0.134375 0.06171875 0.26875 0.1234375
2 0.62578125 0.0734375 0.5453125 0.14609375
2 0.68046875 0.73671875 0.159375 0.2265625
2 0.6875 0.54609375 0.26171875 0.47109375
2 0.7015625 0.52109375 0.11875 0.3359375
1 0.753125 0.21328125 0.1484375 0.359375
1 0.69921875 0.2453125 0.15546875 0.365625
1 0.678125 0.30234375 0.10390625 0.20234375
1 0.628125 0.32265625 0.07109375 0.20703125
2 0.609375 0.3015625 0.05390625 0.13203125
2 0.59296875 0.30234375 0.05859375 0.1265625
3 0.53984375 0.359375 0.1640625 0.06015625
3 0.5359375 0.3546875 0.165625 0.06640625
3 0.5109375 0.2859375 0.20078125 0.14921875
2 0.30234375 0.64921875 0.08125 0.24609375
2 0.02890625 0.1609375 0.0578125 0.1125
2 0.15703125 0.2078125 0.1484375 0.13046875
2 0.14296875 0.18671875 0.17265625 0.0734375
2 0.046875 0.61640625 0.09296875 0.3234375
2 0.4046875 0.63203125 0.1671875 0.46171875
2 0.471875 0.6828125 0.12578125 0.225
2 0.5125 0.675 0.12734375 0.16484375
2 0.29609375 0.3984375 0.065625 0.57421875
2 0.3828125 0.3 0.1859375 0.6
3 0.53203125 0.47578125 0.28203125 0.20234375
3 0.540625 0.56484375 0.27890625 0.1953125
2 0.534375 0.2203125 0.18359375 0.1109375
1 0.33828125 0.0765625 0.11171875 0.06171875
1 0.821875 0.48671875 0.15390625 0.2890625