2 0.5 0.8828125 0.0765625 0.115625
6 0.09609375 0.790625 0.02890625 0.04296875
2 0.1125 0.73359375 0.05390625 0.01640625
2 0.46796875 0.6765625 0.3578125 0.4359375
8 0.54296875 0.5828125 0.0359375 0.04765625
2 0.48984375 0.678125 0.290625 0.18203125
6 0.47890625 0.5953125 0.06953125 0.0390625
2 0.409375 0.6390625 0.19765625 0.1046875
8 0.78203125 0.3671875 0.42734375 0.528125
2 0.7171875 0.215625 0.27890625 0.22890625
2 0.71953125 0.22265625 0.13359375 0.15078125
6 0.7109375 0.19921875 0.06875 0.1421875
2 0.76640625 0.1796875 0.07109375 0.121875
8 0.8125 0.20625 0.07578125 0.12890625
8 0.6984375 0.30859375 0.06953125 0.03125
2 0.4 0.596875 0.06640625 0.04765625
2 0.19921875 0.77421875 0.21640625 0.334375
2 0.47265625 0.8984375 0.0921875 0.08984375