8 0.7375 0.128125 0.21796875 0.25390625
8 0.81953125 0.40625 0.36015625 0.55
8 0.53671875 0.140625 0.18828125 0.2234375
8 0.59609375 0.40078125 0.25 0.52421875
8 0.38515625 0.40078125 0.2171875 0.44296875
1 0.453125 0.24296875 0.021875 0.0640625
8 0.21484375 0.31484375 0.2296875 0.3734375
2 0.45625 0.7859375 0.315625 0.3875
8 0.4890625 0.834375 0.21328125 0.309375
1 0.16015625 0.19453125 0.02890625 0.0453125
1 0.15234375 0.2203125 0.04453125 0.04921875
1 0.1640625 0.2953125 0.09765625 0.07421875
1 0.4609375 0.25390625 0.0234375 0.04921875
1 0.38984375 0.609375 0.04921875 0.0453125
1 0.58359375 0.2703125 0.15625 0.08359375
1 0.5734375 0.06640625 0.04453125 0.06640625