8 0.11484375 0.1296875 0.2296875 0.259375
2 0.17578125 0.2203125 0.04921875 0.10546875
2 0.27734375 0.12421875 0.3 0.1703125
2 0.2140625 0.1171875 0.075 0.05
2 0.2609375 0.109375 0.09453125 0.04765625
2 0.26796875 0.15234375 0.1453125 0.09296875
2 0.19921875 0.36875 0.103125 0.1359375
2 0.359375 0.2390625 0.41015625 0.234375
2 0.58359375 0.25078125 0.03046875 0.0421875
2 0.43515625 0.35625 0.4203125 0.31953125
2 0.36875 0.22265625 0.3296875 0.25
2 0.5 0.26015625 0.17265625 0.0796875
2 0.46640625 0.2625 0.1296875 0.053125
0 0.3078125 0.6171875 0.0859375 0.10078125
2 0.54921875 0.3875 0.4140625 0.178125
2 0.6328125 0.33125 0.09921875 0.059375
2 0.55078125 0.39921875 0.30390625 0.10390625
2 0.4875 0.63984375 0.34765625 0.4671875
2 0.69140625 0.37890625 0.1859375 0.1015625
1 0.6421875 0.42890625 0.03125 0.034375
2 0.6890625 0.396875 0.034375 0.02578125
2 0.7125 0.45546875 0.05625 0.02890625
3 0.68125 0.421875 0.040625 0.0390625
3 0.66953125 0.4390625 0.06328125 0.0453125
3 0.70390625 0.4640625 0.059375 0.0203125
2 0.9265625 0.6140625 0.13828125 0.14375
3 0.7796875 0.5015625 0.040625 0.025
2 0.94453125 0.50703125 0.11015625 0.1171875
2 0.88125 0.52578125 0.03984375 0.0453125
2 0.8421875 0.41875 0.30625 0.2125
2 0.940625 0.57578125 0.04765625 0.0359375
2 0.91875 0.54921875 0.0796875 0.0703125
3 0.83828125 0.52265625 0.08125 0.0421875
8 0.75625 0.796875 0.27109375 0.240625
2 0.46953125 0.48515625 0.0859375 0.13203125
3 0.73515625 0.4828125 0.0625 0.02890625
2 0.60078125 0.428125 0.07109375 0.034375
2 0.64375 0.63125 0.571875 0.459375
1 0.47109375 0.625 0.0578125 0.05546875
1 0.453125 0.58515625 0.040625 0.059375
2 0.39453125 0.571875 0.1203125 0.09140625