2 0.5 0.5 1 1
2 0.83828125 0.5421875 0.1640625 0.1625
1 0.8796875 0.56015625 0.19140625 0.13125
2 0.6015625 0.6546875 0.0921875 0.07421875
2 0.59375 0.7765625 0.21015625 0.20390625
2 0.45390625 0.89296875 0.1203125 0.075
2 0.8171875 0.34140625 0.3640625 0.24765625
2 0.76640625 0.32734375 0.3046875 0.33203125
8 0.78671875 0.4796875 0.059375 0.07109375
2 0.71953125 0.32578125 0.1796875 0.128125
3 0.7078125 0.559375 0.12421875 0.19140625
2 0.525 0.79296875 0.20078125 0.18359375
2 0.40546875 0.825 0.10546875 0.0890625
2 0.70546875 0.37734375 0.26484375 0.23828125
2 0.50234375 0.28203125 0.35625 0.26640625
2 0.371875 0.55859375 0.74375 0.6265625
3 0.69609375 0.6609375 0.10625 0.0421875