2 0.675 0.6125 0.3328125 0.1671875
2 0.7828125 0.47734375 0.08515625 0.15
2 0.76328125 0.49921875 0.04453125 0.10703125
2 0.759375 0.48984375 0.0234375 0.053125
2 0.7296875 0.34453125 0.1625 0.1828125
2 0.7734375 0.36875 0.03203125 0.0609375
2 0.659375 0.39453125 0.22265625 0.31796875
2 0.6734375 0.54765625 0.08828125 0.02890625
2 0.659375 0.43515625 0.19765625 0.21015625
2 0.61796875 0.4375 0.07578125 0.0921875
2 0.41796875 0.40546875 0.4328125 0.3640625
2 0.41640625 0.33984375 0.20703125 0.29921875
2 0.375 0.42109375 0.21953125 0.215625
2 0.31953125 0.425 0.25703125 0.24765625
8 0.83203125 0.8140625 0.33515625 0.371875
8 0.28984375 0.925 0.5796875 0.14921875