6 0.0125 0.10234375 0.025 0.0453125
6 0.01015625 0.078125 0.01953125 0.04140625
6 0.0046875 0.05 0.009375 0.03125
6 0.0171875 0.0828125 0.0140625 0.0359375
6 0.01640625 0.05703125 0.0296875 0.03515625
6 0.03828125 0.01328125 0.0765625 0.0265625
8 0.09140625 0.10078125 0.1421875 0.20078125
6 0.0234375 0.03671875 0.046875 0.0359375
8 0.1640625 0.1109375 0.12265625 0.221875
8 0.16640625 0.13359375 0.09765625 0.23046875
8 0.21015625 0.16875 0.06015625 0.25234375
8 0.4703125 0.13984375 0.07265625 0.125
8 0.221875 0.3046875 0.08125 0.1515625
8 0.35078125 0.24140625 0.25 0.41875
8 0.59765625 0.48984375 0.05 0.06484375
8 0.465625 0.46171875 0.296875 0.61484375
3 0.52578125 0.46328125 0.16328125 0.278125
8 0.70703125 0.36875 0.21328125 0.24921875
8 0.834375 0.2953125 0.04296875 0.1296875
8 0.6078125 0.7234375 0.31328125 0.55234375
8 0.978125 0.65625 0.04296875 0.06796875
8 0.80546875 0.6515625 0.3609375 0.63046875
2 0.70625 0.45078125 0.1140625 0.14296875
6 0.78359375 0.40390625 0.08359375 0.1640625
2 0.7203125 0.48203125 0.0484375 0.04453125
6 0.6859375 0.5 0.04296875 0.03984375
7 0.94921875 0.83984375 0.1015625 0.31875
8 0.97421875 0.615625 0.0515625 0.10234375
8 0.23671875 0.171875 0.04140625 0.0671875
6 0.88828125 0.8921875 0.059375 0.07734375