2 0.31171875 0.6125 0.6234375 0.19921875
2 0.31328125 0.57890625 0.5875 0.2
2 0.32890625 0.50390625 0.35 0.05625
2 0.47421875 0.4140625 0.78203125 0.228125
2 0.2234375 0.340625 0.25 0.0328125
2 0.35 0.30390625 0.4859375 0.08515625
2 0.5703125 0.3671875 0.421875 0.1578125
2 0.58203125 0.34296875 0.359375 0.12890625
2 0.2734375 0.36953125 0.1765625 0.04609375
8 0.58984375 0.2078125 0.14296875 0.178125
1 0.29921875 0.1921875 0.30546875 0.1421875
1 0.4515625 0.13515625 0.13203125 0.06640625
1 0.31953125 0.10546875 0.221875 0.13828125
1 0.428125 0.05546875 0.19609375 0.1109375