6 0.8640625 0.309375 0.27109375 0.275
6 0.7765625 0.25 0.08046875 0.09609375
6 0.79921875 0.26796875 0.0515625 0.06171875
6 0.9015625 0.31015625 0.05859375 0.0734375
2 0.7109375 0.57890625 0.1515625 0.18125
2 0.73046875 0.5703125 0.15859375 0.0796875
2 0.73125 0.553125 0.1671875 0.0921875
2 0.728125 0.4328125 0.15859375 0.296875
2 0.41484375 0.5234375 0.6234375 0.7125
1 0.34609375 0.5734375 0.06484375 0.125
2 0.2984375 0.58984375 0.146875 0.16953125
2 0.32109375 0.49609375 0.0515625 0.06640625
7 0.2515625 0.4375 0.1828125 0.18203125
4 0.3859375 0.53125 0.11875 0.109375
2 0.3125 0.3359375 0.02578125 0.0609375
8 0.5328125 0.29140625 0.41796875 0.4484375
2 0.34765625 0.24375 0.05 0.0625
2 0.890625 0.175 0.16875 0.35