8 0.77421875 0.7046875 0.05859375 0.01953125
8 0.82578125 0.70703125 0.03203125 0.0484375
8 0.80703125 0.6671875 0.02890625 0.05390625
8 0.7265625 0.671875 0.0421875 0.034375
2 0.8203125 0.665625 0.034375 0.034375
8 0.84375 0.6890625 0.0375 0.03984375
7 0.2875 0.76484375 0.33359375 0.19765625
7 0.5421875 0.546875 0.128125 0.1953125
8 0.2890625 0.6703125 0.296875 0.1296875
8 0.384375 0.5921875 0.29765625 0.14296875
7 0.52265625 0.32734375 0.1796875 0.06953125
8 0.5078125 0.390625 0.265625 0.178125
8 0.5234375 0.26328125 0.21640625 0.15859375
7 0.378125 0.46953125 0.2984375 0.1703125
8 0.67421875 0.57890625 0.21171875 0.1671875
6 0.27734375 0.5484375 0.0625 0.05703125
6 0.33203125 0.5765625 0.11484375 0.07578125
6 0.38828125 0.603125 0.0546875 0.0296875
3 0.40703125 0.58125 0.0640625 0.0390625
2 0.45078125 0.615625 0.0671875 0.04453125
8 0.58125 0.24296875 0.084375 0.08046875
8 0.47109375 0.2453125 0.0421875 0.07890625
6 0.5 0.2109375 0.0578125 0.03359375
6 0.5203125 0.28125 0.0640625 0.07109375
8 0.16328125 0.68046875 0.02265625 0.0546875
8 0.48359375 0.334375 0.06171875 0.0265625
8 0.36484375 0.57890625 0.04609375 0.05
6 0.80703125 0.7765625 0.05546875 0.03046875
6 0.76953125 0.7484375 0.121875 0.04140625
6 0.70546875 0.72109375 0.146875 0.0390625
8 0.71328125 0.74296875 0.0484375 0.0234375
8 0.65859375 0.75 0.128125 0.0359375
8 0.60625 0.7171875 0.071875 0.0640625
2 0.728125 0.77421875 0.08515625 0.02265625
2 0.77890625 0.63125 0.06015625 0.02734375
8 0.76171875 0.659375 0.08984375 0.0828125
2 0.85 0.67734375 0.025 0.0421875
3 0.85234375 0.72890625 0.02734375 0.04375
2 0.778125 0.615625 0.053125 0.009375