2 0.2125 0.48828125 0.15234375 0.0796875
2 0.22890625 0.53203125 0.09921875 0.04140625
2 0.3546875 0.5828125 0.165625 0.28671875
8 0.04140625 0.5359375 0.0828125 0.3421875
8 0.05390625 0.68671875 0.0328125 0.18984375
2 0.2828125 0.63984375 0.05 0.17421875
8 0.1640625 0.646875 0.228125 0.4640625
8 0.14140625 0.51171875 0.0609375 0.04453125
2 0.27734375 0.48125 0.0328125 0.046875
2 0.35625 0.48515625 0.11640625 0.071875
3 0.325 0.4578125 0.0546875 0.03125
2 0.8125 0.65859375 0.33828125 0.3578125
2 0.5421875 0.64375 0.246875 0.290625
8 0.56328125 0.45 0.3078125 0.303125
1 0.63984375 0.6421875 0.021875 0.07421875
2 0.80546875 0.56328125 0.20546875 0.15546875
4 0.92265625 0.63046875 0.0515625 0.10859375
2 0.80703125 0.62578125 0.1828125 0.09609375
2 0.69765625 0.596875 0.08828125 0.1078125
2 0.71171875 0.596875 0.04921875 0.02109375
2 0.8203125 0.6421875 0.18046875 0.0984375