4 0.69375 0.371875 0.0890625 0.07578125
1 0.178125 0.82734375 0.0703125 0.09375
2 0.9265625 0.5625 0.146875 0.875
2 0.7671875 0.56640625 0.2796875 0.4125
2 0.83046875 0.4609375 0.0578125 0.04609375
2 0.60546875 0.40390625 0.1859375 0.24921875
1 0.1328125 0.78359375 0.0640625 0.0484375
8 0.215625 0.44140625 0.34453125 0.7296875
8 0.50234375 0.69296875 0.290625 0.55390625
3 0.609375 0.33828125 0.06875 0.0984375
2 0.75625 0.41640625 0.10703125 0.1046875
2 0.409375 0.24921875 0.20625 0.3609375
8 0.34375 0.24375 0.0421875 0.1
3 0.40078125 0.26484375 0.0921875 0.11953125
6 0.434375 0.22265625 0.1515625 0.19765625