2 0.96171875 0.53828125 0.07578125 0.1859375
2 0.81015625 0.6109375 0.24375 0.06796875
2 0.8109375 0.54453125 0.27890625 0.11015625
2 0.803125 0.45 0.30859375 0.11640625
2 0.96484375 0.48125 0.03828125 0.06796875
2 0.94453125 0.334375 0.1109375 0.2265625
2 0.9421875 0.371875 0.04375 0.07890625
2 0.5328125 0.44375 0.2609375 0.10859375
2 0.50078125 0.4015625 0.22578125 0.15
2 0.2265625 0.30546875 0.2109375 0.10859375
2 0.45234375 0.2765625 0.31875 0.21171875
2 0.41953125 0.26484375 0.1921875 0.05859375
2 0.45703125 0.28046875 0.08203125 0.0234375
1 0.43515625 0.27734375 0.11171875 0.0328125
2 0.41796875 0.2765625 0.103125 0.03359375
1 0.40234375 0.27578125 0.1234375 0.034375
2 0.5484375 0.75234375 0.42109375 0.30234375
2 0.51484375 0.65390625 0.38671875 0.3421875
2 0.19921875 0.7453125 0.30625 0.1265625
7 0.040625 0.728125 0.08125 0.228125
2 0.20234375 0.55703125 0.4046875 0.3609375
2 0.3484375 0.45625 0.09765625 0.28984375
2 0.3078125 0.409375 0.08671875 0.19609375
2 0.2953125 0.40703125 0.0890625 0.20078125
2 0.2546875 0.4171875 0.11171875 0.18046875
2 0.190625 0.475 0.0390625 0.065625
2 0.196875 0.421875 0.1265625 0.17109375
2 0.16015625 0.3890625 0.1015625 0.14140625
2 0.20703125 0.3734375 0.065625 0.08671875
2 0.121875 0.4125 0.1390625 0.1890625
2 0.1078125 0.40078125 0.171875 0.2109375
2 0.0671875 0.36796875 0.13359375 0.275
1 0.39921875 0.271875 0.0921875 0.0296875
2 0.78203125 0.22265625 0.05078125 0.03125
2 0.91953125 0.259375 0.0609375 0.05859375
2 0.78671875 0.29453125 0.3671875 0.253125
2 0.765625 0.31171875 0.21875 0.0171875
2 0.7984375 0.27734375 0.2046875 0.08046875