2 0.43125 0.7125 0.70078125 0.575
2 0.17109375 0.8890625 0.3421875 0.221875
6 0.53046875 0.24296875 0.19296875 0.10625
1 0.0234375 0.865625 0.046875 0.1
1 0.05625 0.709375 0.11171875 0.1890625
2 0.33671875 0.56875 0.3421875 0.1390625
2 0.36015625 0.53125 0.584375 0.18359375
6 0.565625 0.36015625 0.64453125 0.23984375
6 0.42578125 0.63359375 0.75078125 0.4
2 0.6671875 0.79140625 0.53125 0.4171875
6 0.89375 0.8765625 0.0859375 0.10625
7 0.375 0.33671875 0.75 0.6734375
7 0.1703125 0.21875 0.340625 0.42421875