2 0.6734375 0.35546875 0.31875 0.25625
8 0.5640625 0.4890625 0.19140625 0.17734375
8 0.53125 0.584375 0.22421875 0.21015625
8 0.35078125 0.4765625 0.22421875 0.09921875
8 0.35546875 0.6484375 0.25234375 0.29921875
2 0.67421875 0.30078125 0.25078125 0.08515625
2 0.6640625 0.30625 0.1734375 0.08046875
2 0.7640625 0.30078125 0.05234375 0.0703125
2 0.678125 0.2578125 0.1515625 0.09609375
2 0.7125 0.3015625 0.1203125 0.06796875
2 0.25546875 0.5109375 0.06015625 0.04296875
1 0.66171875 0.28984375 0.05859375 0.0546875