8 0.56640625 0.38203125 0.1859375 0.14375
8 0.478125 0.403125 0.0828125 0.09609375
8 0.58203125 0.503125 0.16171875 0.2015625
2 0.79609375 0.590625 0.2890625 0.42578125
2 0.73125 0.4296875 0.14453125 0.075
2 0.74375 0.4359375 0.140625 0.06953125
2 0.7671875 0.4421875 0.13828125 0.07890625
2 0.778125 0.45546875 0.096875 0.06328125
2 0.796875 0.46015625 0.07578125 0.05546875
2 0.859375 0.45078125 0.096875 0.0546875
7 0.171875 0.64609375 0.1765625 0.2625
7 0.28359375 0.4796875 0.3359375 0.1328125
7 0.2875 0.40859375 0.3015625 0.15078125
1 0.17578125 0.54453125 0.05234375 0.3828125
1 0.3796875 0.43671875 0.015625 0.1328125
8 0.29921875 0.26328125 0.334375 0.23515625
2 0.37578125 0.678125 0.4328125 0.48125
8 0.63515625 0.76015625 0.284375 0.34296875