4 0.1390625 0.4890625 0.1359375 0.21328125
4 0.21640625 0.49296875 0.13046875 0.2234375
8 0.22734375 0.4453125 0.10234375 0.11875
4 0.2953125 0.52109375 0.13984375 0.2265625
4 0.38046875 0.57578125 0.15 0.26015625
2 0.51328125 0.6453125 0.26875 0.43125
2 0.54453125 0.57265625 0.153125 0.215625
2 0.50234375 0.66484375 0.1046875 0.17421875
2 0.6828125 0.31171875 0.1671875 0.1109375
8 0.63203125 0.3625 0.1890625 0.2421875
8 0.79609375 0.3890625 0.2109375 0.1703125
8 0.3765625 0.5078125 0.14921875 0.11171875
8 0.29296875 0.475 0.1265625 0.1484375
8 0.1359375 0.41953125 0.11875 0.07578125