2 0.4765625 0.63203125 0.51640625 0.66171875
2 0.52890625 0.47421875 0.41484375 0.54921875
1 0.0328125 0.76171875 0.06484375 0.32109375
8 0.05390625 0.39296875 0.10703125 0.4875
2 0.26953125 0.5125 0.4046875 0.7046875
2 0.37734375 0.32109375 0.07890625 0.040625
3 0.25390625 0.62578125 0.065625 0.09296875
1 0.27265625 0.4578125 0.13515625 0.234375
1 0.2734375 0.478125 0.1234375 0.1921875
2 0.33046875 0.63125 0.0625 0.11640625
2 0.3703125 0.62421875 0.01796875 0.0703125
2 0.38671875 0.49140625 0.11875 0.34921875