2 0.26640625 0.696875 0.33984375 0.16640625
2 0.26953125 0.7671875 0.35078125 0.09453125
2 0.2515625 0.6578125 0.2640625 0.1515625
2 0.19375 0.64296875 0.06796875 0.11484375
2 0.19609375 0.59765625 0.0484375 0.040625
2 0.3390625 0.63984375 0.31328125 0.16953125
2 0.596875 0.61875 0.44140625 0.2171875
2 0.503125 0.6046875 0.14140625 0.14609375
2 0.50546875 0.58125 0.125 0.11484375
2 0.67421875 0.46015625 0.28203125 0.16953125
2 0.678125 0.34609375 0.2015625 0.14921875
2 0.78359375 0.3265625 0.1953125 0.09453125
2 0.734375 0.359375 0.25 0.1203125
2 0.6640625 0.484375 0.46953125 0.3140625
3 0.80390625 0.575 0.04765625 0.0265625
2 0.7671875 0.55078125 0.0328125 0.0328125
2 0.75078125 0.56171875 0.0953125 0.04921875
2 0.68046875 0.56328125 0.10546875 0.04296875
2 0.80234375 0.54453125 0.03671875 0.0453125