8 0.9640625 0.35390625 0.0703125 0.2140625
8 0.859375 0.23828125 0.05078125 0.03515625
8 0.7625 0.27578125 0.1515625 0.2359375
8 0.87109375 0.33125 0.1359375 0.1890625
8 0.21328125 0.475 0.1453125 0.16640625
8 0.0390625 0.534375 0.04921875 0.0625
8 0.1609375 0.68359375 0.26875 0.3734375
8 0.42109375 0.415625 0.27109375 0.221875
8 0.32109375 0.57265625 0.21484375 0.3859375
3 0.665625 0.54765625 0.0421875 0.05859375
6 0.66640625 0.60390625 0.03984375 0.10078125
8 0.51484375 0.55546875 0.271875 0.1921875
8 0.56484375 0.75234375 0.29609375 0.40859375
8 0.59296875 0.29375 0.30234375 0.47578125
2 0.70625 0.65859375 0.05078125 0.109375
6 0.5515625 0.74453125 0.0328125 0.0703125