2 0.1984375 0.8890625 0.19765625 0.221875
2 0.3328125 0.68828125 0.3109375 0.221875
2 0.2609375 0.61328125 0.42109375 0.29140625
2 0.62421875 0.734375 0.2484375 0.31796875
2 0.60234375 0.6390625 0.24609375 0.23125
2 0.66171875 0.690625 0.11875 0.08984375
2 0.70078125 0.678125 0.0265625 0.05703125
2 0.58046875 0.6703125 0.04375 0.05234375
2 0.6078125 0.68203125 0.025 0.05078125
8 0.9515625 0.07890625 0.096875 0.10546875
2 0.9546875 0.165625 0.08984375 0.1296875
2 0.8484375 0.14453125 0.14140625 0.24453125
2 0.89609375 0.12734375 0.01875 0.0515625
2 0.8640625 0.134375 0.02890625 0.071875
2 0.85390625 0.1453125 0.03046875 0.07734375
2 0.815625 0.14609375 0.01796875 0.09453125
2 0.79609375 0.125 0.034375 0.13359375
2 0.8203125 0.1265625 0.03984375 0.1234375
8 0.92578125 0.26875 0.14765625 0.225
8 0.84609375 0.3078125 0.1328125 0.115625
2 0.87734375 0.54921875 0.2453125 0.36875
2 0.76484375 0.4234375 0.078125 0.26328125
2 0.81484375 0.4546875 0.103125 0.21484375
2 0.91171875 0.45234375 0.14765625 0.2421875
8 0.59921875 0.4453125 0.33671875 0.3296875
2 0.34921875 0.3171875 0.3390625 0.39296875