8 0.95546875 0.73984375 0.08828125 0.159375
3 0.82578125 0.69296875 0.08984375 0.0828125
2 0.44296875 0.62890625 0.07734375 0.05078125
3 0.30078125 0.40234375 0.053125 0.0203125
3 0.36484375 0.390625 0.05390625 0.04375
3 0.40703125 0.53359375 0.0296875 0.0765625
3 0.3921875 0.4140625 0.06171875 0.0375
3 0.40390625 0.46328125 0.03984375 0.06640625
3 0.41171875 0.51484375 0.0203125 0.06484375
2 0.3203125 0.509375 0.1640625 0.19375
8 0.87734375 0.496875 0.2453125 0.29140625
2 0.6921875 0.49375 0.19140625 0.24765625
2 0.51796875 0.46875 0.19453125 0.19375
3 0.690625 0.4125 0.05234375 0.06875
5 0.7078125 0.45546875 0.04296875 0.028125
3 0.7328125 0.49453125 0.046875 0.0546875
3 0.6484375 0.40703125 0.05546875 0.0640625
8 0.64296875 0.45078125 0.0703125 0.0546875
3 0.684375 0.4875 0.08203125 0.07265625