6 0.73515625 0.1875 0.0671875 0.1640625
6 0.59765625 0.203125 0.18515625 0.1703125
6 0.5984375 0.321875 0.22578125 0.1359375
6 0.50859375 0.58046875 0.23203125 0.209375
6 0.7828125 0.528125 0.259375 0.24296875
6 0.81484375 0.65234375 0.2125 0.184375
6 0.66875 0.36640625 0.240625 0.171875
2 0.571875 0.678125 0.37890625 0.471875
6 0.26875 0.8234375 0.2453125 0.353125
6 0.44296875 0.41796875 0.05703125 0.1921875
2 0.55703125 0.73203125 0.040625 0.0375
6 0.3515625 0.4734375 0.13828125 0.29375
6 0.54609375 0.65546875 0.2390625 0.184375
6 0.52734375 0.765625 0.11484375 0.13984375
8 0.59765625 0.5921875 0.0625 0.07890625