7 0.58515625 0.803125 0.69609375 0.31015625
7 0.615625 0.71015625 0.68515625 0.32265625
7 0.60078125 0.6234375 0.57578125 0.2203125
7 0.56953125 0.6 0.459375 0.1296875
7 0.61796875 0.50234375 0.46953125 0.240625
7 0.665625 0.453125 0.3453125 0.08671875
7 0.521875 0.403125 0.10703125 0.02265625
7 0.67890625 0.428125 0.34453125 0.06953125
6 0.55390625 0.390625 0.4546875 0.08828125
1 0.63359375 0.62421875 0.27109375 0.459375
6 0.5984375 0.38046875 0.38046875 0.06328125
7 0.51796875 0.35234375 0.33515625 0.0484375
8 0.51484375 0.36484375 0.3796875 0.0625
7 0.603125 0.35390625 0.61875 0.1015625
7 0.58671875 0.3265625 0.58828125 0.1234375
6 0.60859375 0.28203125 0.5203125 0.0734375
8 0.621875 0.29453125 0.1453125 0.02890625
1 0.55625 0.31015625 0.209375 0.06171875
6 0.6421875 0.2640625 0.60546875 0.0625
6 0.64375 0.24375 0.6125 0.065625
6 0.65390625 0.21484375 0.59453125 0.0671875
7 0.6515625 0.18984375 0.284375 0.03984375
8 0.6546875 0.18671875 0.28671875 0.03828125
1 0.59765625 0.27109375 0.24453125 0.22421875