8 0.26953125 0.2953125 0.165625 0.1578125
8 0.4109375 0.259375 0.23984375 0.19453125
2 0.18984375 0.2015625 0.2078125 0.06484375
8 0.12734375 0.27734375 0.19375 0.13046875
2 0.3921875 0.44296875 0.38828125 0.20625
6 0.3609375 0.3109375 0.13984375 0.07578125
6 0.49296875 0.38203125 0.1109375 0.05703125
6 0.36015625 0.3765625 0.0640625 0.04453125
6 0.41796875 0.3953125 0.0625 0.0328125
3 0.43984375 0.3484375 0.11640625 0.0828125
6 0.475 0.41484375 0.14140625 0.07109375
3 0.42734375 0.45 0.10625 0.07109375
6 0.3015625 0.40234375 0.1671875 0.13671875
2 0.30234375 0.428125 0.25234375 0.13984375
8 0.221875 0.559375 0.275 0.2265625
8 0.1859375 0.77421875 0.31328125 0.36875
2 0.75078125 0.5796875 0.4953125 0.3703125
8 0.46875 0.6703125 0.31875 0.2984375
6 0.79296875 0.43828125 0.13203125 0.1515625
6 0.7078125 0.40390625 0.0625 0.06796875
6 0.60078125 0.48984375 0.09296875 0.1171875
6 0.796875 0.4984375 0.0578125 0.08125
6 0.57890625 0.54296875 0.03671875 0.02890625
6 0.85234375 0.59453125 0.0796875 0.05078125
6 0.7953125 0.6140625 0.16015625 0.08515625
6 0.69609375 0.5125 0.21328125 0.196875
3 0.7953125 0.55625 0.08203125 0.0546875
6 0.878125 0.49765625 0.10546875 0.1640625