1 0.05625 0.478125 0.11171875 0.09609375
2 0.54453125 0.8484375 0.31484375 0.303125
2 0.51171875 0.8484375 0.23203125 0.2984375
2 0.79453125 0.71484375 0.06328125 0.14296875
2 0.70625 0.678125 0.2375 0.0984375
1 0.65703125 0.86796875 0.09921875 0.15
1 0.7265625 0.83671875 0.040625 0.04765625
1 0.72421875 0.80078125 0.11328125 0.20546875
2 0.43046875 0.2953125 0.05546875 0.034375
2 0.47421875 0.60078125 0.61015625 0.24296875
2 0.68203125 0.4578125 0.52890625 0.3515625
1 0.5625 0.66015625 0.0953125 0.103125
2 0.2609375 0.3390625 0.21328125 0.24375
2 0.31953125 0.2859375 0.58515625 0.46171875
2 0.69375 0.23984375 0.603125 0.2703125
2 0.775 0.15234375 0.19765625 0.0703125
1 0.43359375 0.265625 0.09296875 0.03125
2 0.2734375 0.75 0.546875 0.5
4 0.66171875 0.21640625 0.3671875 0.16484375
6 0.6234375 0.35546875 0.3390625 0.2375
2 0.26328125 0.425 0.090625 0.1671875
4 0.47890625 0.453125 0.4609375 0.30625
2 0.165625 0.4796875 0.159375 0.07421875
1 0.17109375 0.58671875 0.19296875 0.1234375
2 0.14765625 0.73515625 0.209375 0.13828125
1 0.12734375 0.76015625 0.1140625 0.06875
1 0.5875 0.86484375 0.29921875 0.2703125