2 0.484375 0.12109375 0.034375 0.11328125
2 0.28671875 0.51171875 0.37734375 0.62421875
2 0.640625 0.66953125 0.4609375 0.38359375
2 0.34453125 0.16953125 0.034375 0.134375
2 0.41171875 0.4109375 0.0203125 0.059375
2 0.38046875 0.26953125 0.06875 0.31328125
2 0.36484375 0.23671875 0.071875 0.2046875
2 0.71328125 0.56015625 0.24140625 0.13046875
2 0.6046875 0.45390625 0.31640625 0.20625
2 0.61953125 0.353125 0.29453125 0.3421875
2 0.78515625 0.4953125 0.04140625 0.0265625
2 0.7671875 0.40625 0.09921875 0.1703125
2 0.67109375 0.396875 0.15546875 0.23046875
2 0.68046875 0.375 0.1671875 0.26640625
2 0.0390625 0.5484375 0.071875 0.0546875
6 0.0171875 0.565625 0.034375 0.08984375
2 0.20546875 0.39921875 0.12578125 0.28515625
2 0.27734375 0.303125 0.05078125 0.4625
2 0.2984375 0.31328125 0.05 0.43984375
2 0.33828125 0.234375 0.0453125 0.1984375
2 0.31796875 0.48515625 0.0328125 0.08828125
2 0.3296875 0.34609375 0.0625 0.23125
2 0.35703125 0.40390625 0.0796875 0.2484375
2 0.36484375 0.3625 0.021875 0.0796875
2 0.378125 0.37890625 0.04765625 0.17578125
2 0.47578125 0.275 0.021875 0.128125
2 0.41640625 0.2484375 0.0390625 0.3859375
2 0.4578125 0.221875 0.0375 0.2875
2 0.4171875 0.12578125 0.02109375 0.12109375
2 0.43515625 0.28125 0.0421875 0.28359375
2 0.48359375 0.2875 0.0234375 0.1359375
2 0.40078125 0.27890625 0.0421875 0.35078125