8 0.7125 0.61953125 0.11953125 0.08359375
3 0.715625 0.6859375 0.109375 0.08046875
6 0.60546875 0.6828125 0.09609375 0.04140625
2 0.6671875 0.4734375 0.11484375 0.06796875
8 0.51875 0.7484375 0.1 0.096875
2 0.97578125 0.37109375 0.04765625 0.04375
8 0.55234375 0.3359375 0.1484375 0.178125
8 0.7484375 0.31875 0.42734375 0.35078125
6 0.79296875 0.16640625 0.06328125 0.021875
6 0.89296875 0.19296875 0.06640625 0.0484375
6 0.92734375 0.215625 0.05078125 0.02890625
6 0.51875 0.45 0.11796875 0.065625
8 0.26796875 0.25546875 0.36953125 0.26015625
2 0.0234375 0.209375 0.046875 0.04921875
3 0.028125 0.27890625 0.05625 0.10859375
8 0.134375 0.30859375 0.25 0.16796875
8 0.10546875 0.425 0.21015625 0.17734375
8 0.18515625 0.17734375 0.16484375 0.1375
6 0.24375 0.125 0.06328125 0.02421875
8 0.37265625 0.41328125 0.278125 0.23671875
8 0.40703125 0.40859375 0.08671875 0.0421875
8 0.3828125 0.43125 0.0484375 0.03203125
3 0.42421875 0.55546875 0.0640625 0.12734375
8 0.4921875 0.525 0.23203125 0.1171875
8 0.50234375 0.54765625 0.07734375 0.06875
3 0.4890625 0.559375 0.04140625 0.07578125
3 0.47890625 0.503125 0.0671875 0.04375
6 0.58984375 0.55859375 0.115625 0.0703125
6 0.50078125 0.6609375 0.1078125 0.08671875
8 0.440625 0.6625 0.05390625 0.09609375
8 0.3734375 0.61953125 0.096875 0.13125
1 0.53046875 0.60546875 0.2234375 0.1015625
1 0.67109375 0.66640625 0.04609375 0.009375