2 0.42421875 0.2421875 0.35625 0.13203125
7 0.6484375 0.79296875 0.271875 0.103125
2 0.61796875 0.621875 0.125 0.02421875
1 0.74453125 0.52265625 0.046875 0.06484375
2 0.87421875 0.67734375 0.25 0.2765625
2 0.740625 0.63671875 0.1203125 0.11015625
2 0.73046875 0.5171875 0.05546875 0.065625
8 0.7265625 0.41171875 0.06875 0.0796875
2 0.71171875 0.37109375 0.0453125 0.04453125
8 0.72890625 0.29296875 0.109375 0.11640625
8 0.71953125 0.3109375 0.08203125 0.07578125
2 0.58359375 0.39765625 0.03203125 0.1796875
1 0.60078125 0.3109375 0.01328125 0.05078125
8 0.38359375 0.2703125 0.15546875 0.096875
2 0.46875 0.265625 0.15078125 0.06640625
8 0.5265625 0.1453125 0.0359375 0.0890625
8 0.434375 0.125 0.18046875 0.12734375
2 0.65546875 0.4109375 0.10703125 0.4109375
6 0.42265625 0.23203125 0.0234375 0.0375
6 0.39375 0.2890625 0.0328125 0.06015625
8 0.46875 0.2875 0.05546875 0.02109375
2 0.59296875 0.48984375 0.0390625 0.196875
7 0.64140625 0.69140625 0.26875 0.128125
1 0.7140625 0.61484375 0.10078125 0.03984375
8 0.290625 0.70078125 0.4265625 0.4890625
2 0.5734375 0.4484375 0.02421875 0.11328125
1 0.6421875 0.72578125 0.2671875 0.02578125
1 0.65078125 0.78046875 0.27109375 0.0234375