1 0.83828125 0.346875 0.1015625 0.10546875
1 0.74296875 0.3046875 0.075 0.06796875
7 0.909375 0.240625 0.18125 0.2546875
2 0.81484375 0.62265625 0.0609375 0.05390625
2 0.8015625 0.65234375 0.040625 0.0359375
1 0.80703125 0.5875 0.04375 0.06640625
6 0.59140625 0.34296875 0.071875 0.0515625
3 0.61875 0.34296875 0.040625 0.04296875
1 0.60078125 0.3921875 0.08671875 0.0671875
1 0.715625 0.353125 0.0328125 0.04296875
8 0.76484375 0.459375 0.16796875 0.2890625
8 0.6921875 0.60859375 0.190625 0.36484375
8 0.4484375 0.5484375 0.315625 0.6234375
1 0.87890625 0.67734375 0.0296875 0.053125
1 0.97109375 0.70078125 0.05625 0.0859375
4 0.3890625 0.32109375 0.0265625 0.0453125