1 0.2234375 0.28828125 0.06875 0.0578125
2 0.9078125 0.6671875 0.0984375 0.0640625
2 0.8140625 0.83671875 0.26640625 0.32578125
2 0.9375 0.64140625 0.0515625 0.05390625
2 0.53671875 0.6390625 0.03828125 0.00859375
2 0.79296875 0.44765625 0.04140625 0.01640625
2 0.8265625 0.740625 0.12265625 0.18203125
2 0.94453125 0.60625 0.05546875 0.08671875
2 0.9640625 0.578125 0.071875 0.0953125
2 0.9671875 0.54765625 0.06484375 0.1
2 0.97421875 0.5484375 0.0515625 0.05546875
2 0.9171875 0.415625 0.08046875 0.05625
2 0.94921875 0.490625 0.10078125 0.14609375
2 0.77890625 0.62265625 0.33828125 0.3484375
2 0.75390625 0.46875 0.04375 0.06953125
2 0.86640625 0.4421875 0.0984375 0.0578125
2 0.73203125 0.5765625 0.228125 0.18203125
2 0.81328125 0.35078125 0.1796875 0.15703125
2 0.77578125 0.38515625 0.1671875 0.1453125
2 0.7203125 0.4953125 0.1453125 0.27421875
8 0.5234375 0.53046875 0.39453125 0.21171875
1 0.72734375 0.33046875 0.0296875 0.04921875
2 0.5609375 0.4609375 0.43828125 0.26015625
2 0.5609375 0.4125 0.2890625 0.18828125
2 0.540625 0.38359375 0.484375 0.284375
2 0.38828125 0.44375 0.296875 0.0734375
2 0.40859375 0.40703125 0.3671875 0.11875
2 0.40078125 0.37265625 0.3546875 0.08671875
2 0.50078125 0.35078125 0.13828125 0.03203125
2 0.3359375 0.71484375 0.5796875 0.56875
2 0.46640625 0.2796875 0.51015625 0.1421875
2 0.459375 0.25625 0.51875 0.16796875
2 0.4890625 0.2359375 0.40703125 0.12734375
2 0.95078125 0.46953125 0.0984375 0.140625
2 0.93984375 0.80546875 0.11953125 0.3796875
2 0.77578125 0.94609375 0.075 0.10625
2 0.903125 0.94921875 0.19375 0.1015625
2 0.60859375 0.9859375 0.03671875 0.028125