8 0.25078125 0.5421875 0.24765625 0.46953125
8 0.11171875 0.61953125 0.215625 0.40078125
8 0.58671875 0.35390625 0.1671875 0.21953125
8 0.42734375 0.5109375 0.21015625 0.5203125
8 0.76875 0.4890625 0.18984375 0.43359375
8 0.77578125 0.3015625 0.14140625 0.1015625
8 0.7390625 0.3296875 0.08203125 0.03359375
8 0.60390625 0.59921875 0.23984375 0.4203125
8 0.6140625 0.4515625 0.04921875 0.05
8 0.428125 0.2984375 0.1015625 0.06875
8 0.1984375 0.3609375 0.13515625 0.09140625
8 0.36640625 0.31796875 0.0484375 0.04453125