2 0.87578125 0.70234375 0.19765625 0.090625
2 0.58984375 0.83359375 0.46171875 0.21171875
2 0.8671875 0.67578125 0.26484375 0.1265625
2 0.20234375 0.68984375 0.32890625 0.36640625
2 0.5625 0.7453125 0.8734375 0.3578125
8 0.87109375 0.39140625 0.25625 0.4609375
2 0.5875 0.68984375 0.61640625 0.22109375
2 0.609375 0.53046875 0.63828125 0.4015625
2 0.5234375 0.43359375 0.2359375 0.0828125
2 0.73359375 0.40078125 0.1265625 0.05703125
2 0.659375 0.39921875 0.06953125 0.0265625
2 0.696875 0.3703125 0.06875 0.04140625
2 0.675 0.415625 0.065625 0.02734375
2 0.66015625 0.4171875 0.0515625 0.0234375
2 0.68125 0.421875 0.053125 0.01328125
2 0.3328125 0.4484375 0.034375 0.04140625
2 0.38125 0.496875 0.10625 0.1375
2 0.42265625 0.56953125 0.053125 0.065625
2 0.46796875 0.51328125 0.17265625 0.1359375
2 0.67109375 0.47890625 0.26953125 0.10390625
8 0.74296875 0.27109375 0.11015625 0.14609375
2 0.4875 0.28515625 0.45703125 0.2953125