2 0.16015625 0.5640625 0.2640625 0.31953125
8 0.41875 0.51484375 0.3390625 0.46640625
7 0.61171875 0.621875 0.196875 0.19921875
2 0.2984375 0.0796875 0.04140625 0.10859375
2 0.30234375 0.07578125 0.03828125 0.1140625
7 0.60703125 0.52421875 0.19921875 0.275
2 0.94140625 0.0640625 0.11640625 0.128125
2 0.86796875 0.040625 0.05078125 0.08046875
2 0.98046875 0.084375 0.03828125 0.0734375
2 0.975 0.1671875 0.05 0.1109375
7 0.98515625 0.3078125 0.02890625 0.2
2 0.771875 0.0671875 0.225 0.134375
2 0.7671875 0.05 0.11171875 0.09921875
8 0.73984375 0.0640625 0.0984375 0.1078125
8 0.80859375 0.4859375 0.38203125 0.83125
8 0.17265625 0.3046875 0.3453125 0.25
1 0.15390625 0.75234375 0.0484375 0.05625
6 0.2359375 0.78046875 0.059375 0.0734375
2 0.3125 0.0875 0.01796875 0.06015625
2 0.30546875 0.0375 0.025 0.06953125
10 0.6796875 0.17578125 0.1 0.0921875
8 0.765625 0.1484375 0.2765625 0.1421875