1 0.234375 0.63984375 0.103125 0.1203125
2 0.41328125 0.53671875 0.365625 0.16875
8 0.74921875 0.47578125 0.12109375 0.23125
1 0.590625 0.29296875 0.165625 0.16484375
1 0.69140625 0.3453125 0.1125 0.06171875
1 0.7015625 0.509375 0.10703125 0.18828125
1 0.63359375 0.4828125 0.12421875 0.2203125
8 0.671875 0.22265625 0.1640625 0.08046875
1 0.2546875 0.3046875 0.0875 0.1125
1 0.3875 0.32109375 0.18125 0.18828125
3 0.41953125 0.43828125 0.22734375 0.11484375
3 0.51484375 0.3421875 0.21875 0.2015625
1 0.25234375 0.4171875 0.1875 0.17265625
1 0.3109375 0.26875 0.07890625 0.07890625
1 0.50859375 0.58671875 0.18125 0.196875
1 0.3421875 0.59296875 0.18125 0.2046875
1 0.38359375 0.671875 0.071875 0.04140625