6 0.50546875 0.81171875 0.9890625 0.37578125
0 0.41328125 0.7625 0.35390625 0.084375
8 0.10703125 0.63828125 0.2140625 0.72265625
2 0.3859375 0.5421875 0.5765625 0.48046875
6 0.4796875 0.44296875 0.3578125 0.240625
6 0.70703125 0.70625 0.23828125 0.29453125
2 0.596875 0.82578125 0.0515625 0.03828125
1 0.259375 0.35546875 0.12890625 0.04609375
6 0.378125 0.5828125 0.41953125 0.38984375
6 0.39375 0.53828125 0.2015625 0.4578125
1 0.4828125 0.62890625 0.05546875 0.02265625
1 0.240625 0.48671875 0.08359375 0.0765625
1 0.21171875 0.4109375 0.1265625 0.0328125