6 0.76015625 0.8140625 0.28828125 0.184375
8 0.7640625 0.434375 0.29375 0.42421875
8 0.56328125 0.2609375 0.39765625 0.490625
2 0.70078125 0.7828125 0.228125 0.1328125
2 0.6953125 0.76484375 0.2390625 0.16015625
2 0.30859375 0.74140625 0.45078125 0.36640625
1 0.57421875 0.7734375 0.10546875 0.30625
8 0.38828125 0.6984375 0.7328125 0.60234375
2 0.27578125 0.6640625 0.43046875 0.11328125
2 0.32421875 0.63046875 0.2890625 0.14375
2 0.4375 0.69453125 0.03046875 0.046875
1 0.875 0.853125 0.24921875 0.134375
1 0.77421875 0.96796875 0.296875 0.0640625