1 0.10234375 0.7515625 0.2046875 0.49609375
1 0.44765625 0.83828125 0.79765625 0.31953125
6 0.0609375 0.5171875 0.11796875 0.059375
6 0.0890625 0.24140625 0.07421875 0.0625
6 0.1828125 0.31171875 0.05078125 0.059375
6 0.0890625 0.2890625 0.178125 0.07421875
2 0.12265625 0.284375 0.0671875 0.04453125
6 0.115625 0.34140625 0.10703125 0.09375
6 0.10703125 0.3921875 0.05234375 0.02265625
1 0.090625 0.421875 0.06015625 0.05
6 0.0390625 0.45859375 0.078125 0.14375
6 0.046875 0.35703125 0.0921875 0.0875
6 0.02265625 0.36640625 0.0453125 0.05859375
6 0.0421875 0.25390625 0.084375 0.10390625
6 0.2453125 0.31328125 0.0875 0.0359375
6 0.19765625 0.42890625 0.19609375 0.22734375
8 0.18671875 0.4328125 0.16953125 0.0828125
6 0.25703125 0.615625 0.16328125 0.05859375
6 0.2875 0.53046875 0.178125 0.1828125
8 0.3 0.44140625 0.03359375 0.03671875
6 0.50859375 0.346875 0.06796875 0.053125
6 0.5265625 0.52109375 0.1265625 0.21328125
6 0.5328125 0.67578125 0.30234375 0.10546875
8 0.5265625 0.66875 0.1796875 0.09140625
6 0.39921875 0.590625 0.13515625 0.13984375
8 0.39453125 0.59296875 0.11875 0.0828125
8 0.43984375 0.425 0.2921875 0.21640625
6 0.67734375 0.41953125 0.2734375 0.16796875
6 0.79765625 0.4515625 0.20625 0.1359375
6 0.63984375 0.5453125 0.20234375 0.1890625
2 0.821875 0.51328125 0.04453125 0.021875
6 0.6171875 0.46953125 0.08828125 0.09921875
8 0.62265625 0.48203125 0.09296875 0.07265625
8 0.75078125 0.59140625 0.34296875 0.2421875
6 0.75234375 0.64921875 0.16953125 0.0859375
6 0.75625 0.72265625 0.15 0.0828125
1 0.7578125 0.653125 0.15625 0.0921875
8 0.921875 0.45625 0.03828125 0.01875
8 0.92734375 0.62890625 0.14453125 0.34765625
1 0.94375 0.69765625 0.11171875 0.26640625
1 0.9796875 0.56953125 0.03984375 0.06875
1 0.0375 0.6171875 0.075 0.175
8 0.753125 0.8796875 0.38359375 0.240625
8 0.96484375 0.9640625 0.06953125 0.071875
0 0.28125 0.62421875 0.059375 0.01953125