8 0.94609375 0.36328125 0.1078125 0.03828125
2 0.41171875 0.859375 0.0796875 0.0390625
8 0.41484375 0.859375 0.01640625 0.00625
2 0.4234375 0.8359375 0.09296875 0.07265625
6 0.45625 0.80625 0.1515625 0.14296875
2 0.54609375 0.7375 0.28359375 0.23359375
6 0.94765625 0.6796875 0.0546875 0.05703125
2 0.92890625 0.61875 0.1421875 0.13828125
8 0.91640625 0.46640625 0.165625 0.1921875
7 0.7265625 0.5234375 0.4265625 0.2109375
7 0.4484375 0.2921875 0.3546875 0.26875
5 0.23203125 0.0296875 0.11171875 0.05859375