7 0.46015625 0.47109375 0.52578125 0.34921875
1 0.34296875 0.53046875 0.1015625 0.0765625
1 0.45625 0.52890625 0.4890625 0.15234375
2 0.51640625 0.4234375 0.06484375 0.0421875
6 0.0875 0.41171875 0.17421875 0.2671875
6 0.559375 0.140625 0.34765625 0.19140625
7 0.3625 0.3390625 0.509375 0.3875
2 0.2546875 0.215625 0.175 0.11484375
2 0.09375 0.1953125 0.1875 0.21015625
8 0.0640625 0.290625 0.053125 0.0515625
2 0.03984375 0.26171875 0.0796875 0.1296875
2 0.23203125 0.31640625 0.03515625 0.0171875
1 0.271875 0.25546875 0.32109375 0.21953125
8 0.24609375 0.19453125 0.14375 0.06328125
1 0.36328125 0.38359375 0.49375 0.22109375
1 0.76328125 0.39140625 0.11328125 0.01328125
1 0.8359375 0.53671875 0.075 0.05078125
1 0.06171875 0.6078125 0.12265625 0.06484375
1 0.09296875 0.5453125 0.02109375 0.05
1 0.15078125 0.48671875 0.05390625 0.02890625
6 0.04609375 0.35078125 0.0921875 0.0890625
6 0.9375 0.028125 0.121875 0.05625