1 0.56484375 0.05078125 0.20078125 0.1015625
2 0.765625 0.0765625 0.26328125 0.153125
2 0.90546875 0.06328125 0.0640625 0.1265625
2 0.6953125 0.1859375 0.38828125 0.23359375
2 0.88125 0.2109375 0.1828125 0.11640625
2 0.93828125 0.115625 0.12265625 0.23125
2 0.9125 0.2125 0.17421875 0.08359375
2 0.78046875 0.36484375 0.225 0.35859375
2 0.90859375 0.57734375 0.18125 0.63984375
2 0.9421875 0.39375 0.115625 0.290625
2 0.9671875 0.5265625 0.06484375 0.2
2 0.5375 0.64375 0.7140625 0.67421875
2 0.3234375 0.3328125 0.325 0.415625
2 0.64609375 0.28984375 0.1296875 0.07890625
2 0.56171875 0.43515625 0.26328125 0.1640625
2 0.63359375 0.5515625 0.1671875 0.1328125
2 0.459375 0.54453125 0.38984375 0.13984375
2 0.45546875 0.51796875 0.0859375 0.0140625
2 0.6359375 0.59765625 0.1546875 0.03984375
2 0.5859375 0.53359375 0.12890625 0.0609375