8 0.9546875 0.18828125 0.0875 0.3765625
8 0.86953125 0.32265625 0.21875 0.39609375
6 0.82734375 0.63359375 0.05546875 0.1203125
8 0.73671875 0.43984375 0.20078125 0.446875
8 0.365625 0.63046875 0.04296875 0.01640625
8 0.18828125 0.62265625 0.17578125 0.13984375
6 0.096875 0.48671875 0.10703125 0.1046875
8 0.27265625 0.44296875 0.271875 0.375
8 0.60546875 0.2421875 0.1375 0.15078125
8 0.05625 0.5375 0.059375 0.0453125
8 0.0375 0.75390625 0.05 0.1265625
2 0.08984375 0.74609375 0.03515625 0.046875
1 0.15546875 0.94453125 0.01953125 0.1109375
2 0.15625 0.83984375 0.028125 0.08125
2 0.6078125 0.9734375 0.0453125 0.0515625
2 0.62109375 0.7890625 0.0453125 0.04375
8 0.66640625 0.79296875 0.08125 0.08828125
2 0.7078125 0.659375 0.02421875 0.04609375
8 0.91484375 0.54296875 0.0515625 0.05859375
8 0.2859375 0.7859375 0.234375 0.3453125
8 0.55234375 0.49140625 0.3359375 0.59296875
8 0.06796875 0.85078125 0.075 0.1265625
6 0.59921875 0.234375 0.03828125 0.02578125