1 0.95546875 0.42265625 0.03984375 0.03984375
2 0.65859375 0.1703125 0.0453125 0.16640625
1 0.9546875 0.484375 0.08984375 0.21015625
2 0.33125 0.115625 0.11328125 0.18046875
2 0.4953125 0.1546875 0.284375 0.24140625
2 0.4765625 0.79921875 0.15078125 0.09921875
2 0.8 0.32109375 0.36015625 0.35234375
2 0.03828125 0.76796875 0.0671875 0.14296875
2 0.08671875 0.7859375 0.07578125 0.071875
2 0.12109375 0.76875 0.14921875 0.15390625
2 0.1265625 0.5109375 0.253125 0.3953125
2 0.6734375 0.79375 0.22421875 0.184375
2 0.08046875 0.41875 0.1609375 0.19765625
2 0.20390625 0.65078125 0.315625 0.3984375
2 0.93984375 0.6921875 0.11953125 0.23515625
2 0.18515625 0.3359375 0.12421875 0.18046875
2 0.75625 0.57734375 0.31796875 0.3390625
2 0.4484375 0.48046875 0.53203125 0.728125
2 0.41015625 0.43671875 0.3421875 0.4953125