8 0.93984375 0.475 0.11953125 0.15859375
2 0.78125 0.50859375 0.28515625 0.1609375
8 0.93359375 0.61875 0.13203125 0.17578125
2 0.7453125 0.49453125 0.22109375 0.10546875
8 0.759375 0.6328125 0.24453125 0.23828125
1 0.9703125 0.79375 0.059375 0.10546875
8 0.8515625 0.73046875 0.2953125 0.23828125
2 0.7078125 0.6859375 0.13671875 0.13203125
6 0.3984375 0.2890625 0.28828125 0.1546875
6 0.4390625 0.31640625 0.22109375 0.1125
6 0.4203125 0.35546875 0.18359375 0.046875
2 0.44375 0.49296875 0.4296875 0.25859375
7 0.20234375 0.45078125 0.15625 0.1140625
2 0.44453125 0.44765625 0.17421875 0.1203125
6 0.61484375 0.59140625 0.0328125 0.10859375
2 0.33046875 0.48359375 0.1796875 0.08515625
2 0.36875 0.5421875 0.4828125 0.228125
2 0.42265625 0.7328125 0.44609375 0.22890625
2 0.17890625 0.78828125 0.3578125 0.15
1 0.690625 0.6609375 0.09296875 0.1171875
1 0.4203125 0.6765625 0.07578125 0.0328125