8 0.503125 0.36953125 0.075 0.059375
1 0.7859375 0.70078125 0.06953125 0.03359375
8 0.5546875 0.55703125 0.471875 0.4125
8 0.32578125 0.66640625 0.5171875 0.40859375
2 0.565625 0.846875 0.86796875 0.30625
1 0.625 0.82265625 0.05546875 0.02265625
1 0.85703125 0.73671875 0.05625 0.01640625
1 0.97578125 0.69375 0.04765625 0.02109375
3 0.49375 0.54765625 0.09453125 0.078125
6 0.51484375 0.5859375 0.1 0.06953125
2 0.496875 0.55234375 0.09453125 0.0703125
8 0.79375 0.55234375 0.0625 0.065625
1 0.7984375 0.55 0.05703125 0.0328125
1 0.06484375 0.73125 0.0671875 0.01953125
6 0.37421875 0.475 0.1046875 0.0296875
1 0.4140625 0.52734375 0.053125 0.0609375
2 0.4453125 0.5125 0.07734375 0.07421875
6 0.38046875 0.6328125 0.13203125 0.18828125
3 0.34375 0.50859375 0.090625 0.05546875
6 0.28046875 0.51171875 0.13828125 0.0875
6 0.41328125 0.371875 0.11171875 0.1109375
7 0.39140625 0.4234375 0.140625 0.025
1 0.42734375 0.41796875 0.14453125 0.06015625