1 0.4765625 0.315625 0.26328125 0.28359375
1 0.659375 0.52421875 0.19921875 0.19609375
2 0.471875 0.65859375 0.38515625 0.30390625
1 0.49609375 0.59375 0.159375 0.0765625
1 0.53984375 0.59375 0.11953125 0.08125
1 0.41015625 0.64765625 0.11953125 0.1453125
1 0.54765625 0.6640625 0.10859375 0.07421875
1 0.515625 0.68828125 0.11875 0.09375
1 0.46640625 0.61484375 0.046875 0.0390625
1 0.484375 0.6203125 0.05234375 0.046875
1 0.41796875 0.69140625 0.21640625 0.08359375
8 0.51875 0.67578125 0.1765625 0.11796875