5 0.13984375 0.34375 0.03984375 0.1078125
5 0.475 0.3609375 0.02578125 0.10625
5 0.46015625 0.3578125 0.01640625 0.121875
5 0.45 0.3453125 0.03046875 0.16640625
5 0.42265625 0.32734375 0.06328125 0.22578125
5 0.3828125 0.3140625 0.1203125 0.32734375
5 0.065625 0.5046875 0.13046875 0.7296875
5 0.24453125 0.50078125 0.3578125 0.99765625
5 0.69140625 0.33671875 0.01953125 0.06484375
5 0.71015625 0.34375 0.034375 0.121875
5 0.7390625 0.34375 0.04296875 0.18046875
5 0.76640625 0.33828125 0.053125 0.265625
5 0.82421875 0.28984375 0.0796875 0.30390625
5 0.88046875 0.50234375 0.2390625 0.9953125
5 0.59375 0.5 0.35234375 1