8 0.6953125 0.09765625 0.05625 0.02890625
6 0.87890625 0.6 0.03515625 0.21875
2 0.7859375 0.61640625 0.05546875 0.14296875
8 0.6875 0.62109375 0.20234375 0.1578125
8 0.63359375 0.0625 0.06484375 0.1109375
8 0.67109375 0.09140625 0.1046875 0.07265625
8 0.609375 0.44609375 0.4984375 0.69765625
2 0.1609375 0.18125 0.12734375 0.07109375
8 0.2421875 0.1578125 0.08359375 0.0578125
8 0.42421875 0.234375 0.0359375 0.0484375
2 0.1984375 0.90859375 0.23359375 0.16484375
2 0.07109375 0.290625 0.1421875 0.2421875
2 0.02265625 0.5234375 0.0296875 0.146875
8 0.084375 0.39296875 0.09765625 0.41953125
8 0.1078125 0.328125 0.05625 0.046875
2 0.0578125 0.896875 0.115625 0.128125
2 0.04453125 0.8546875 0.0890625 0.0796875
2 0.0375 0.828125 0.075 0.084375
2 0.0359375 0.70625 0.07109375 0.25703125
2 0.02890625 0.6609375 0.05703125 0.10078125
2 0.015625 0.69609375 0.03125 0.0546875
2 0.35 0.45390625 0.59921875 0.759375