6 0.8015625 0.10625 0.05 0.090625
8 0.7078125 0.1296875 0.18203125 0.1203125
1 0.4625 0.27109375 0.30078125 0.14609375
8 0.59921875 0.153125 0.13515625 0.11875
6 0.8625 0.20234375 0.0453125 0.034375
8 0.81953125 0.1984375 0.2390625 0.15234375
8 0.88828125 0.34375 0.04140625 0.0265625
6 0.91953125 0.371875 0.11484375 0.059375
6 0.54296875 0.38046875 0.071875 0.13203125
1 0.53125 0.31171875 0.03359375 0.03984375
6 0.4890625 0.46875 0.07734375 0.06484375
6 0.24765625 0.64453125 0.0875 0.07890625
2 0.0703125 0.64140625 0.1 0.08203125
2 0.4828125 0.66171875 0.44453125 0.309375
8 0.6921875 0.4546875 0.3859375 0.340625
8 0.76015625 0.35234375 0.2375 0.1578125
8 0.7375 0.42734375 0.1015625 0.0421875
1 0.46484375 0.07265625 0.45 0.14453125
6 0.39765625 0.63984375 0.11484375 0.07109375
1 0.7875 0.65625 0.08125 0.0640625
6 0.90078125 0.49609375 0.1421875 0.12890625
6 0.190625 0.50078125 0.21171875 0.15859375
6 0.3359375 0.53203125 0.20234375 0.1953125
8 0.2546875 0.48671875 0.409375 0.25
6 0.22421875 0.41796875 0.12109375 0.0328125