8 0.296875 0.57421875 0.4796875 0.41171875
8 0.31484375 0.38984375 0.1671875 0.07578125
6 0.36640625 0.42578125 0.0546875 0.0375
6 0.2265625 0.43984375 0.28125 0.04375
2 0.6890625 0.5734375 0.4921875 0.46171875
7 0.696875 0.66015625 0.078125 0.03046875
1 0.8546875 0.5796875 0.04140625 0.0546875
2 0.89609375 0.475 0.0453125 0.06796875
7 0.58671875 0.63671875 0.23125 0.13359375
2 0.6140625 0.4640625 0.25859375 0.2203125
2 0.6390625 0.48515625 0.29453125 0.22578125
7 0.58828125 0.63125 0.23046875 0.12890625
2 0.8203125 0.4796875 0.17421875 0.17578125
2 0.7140625 0.59765625 0.26171875 0.12734375
2 0.603125 0.45625 0.12265625 0.1953125
2 0.6875 0.4484375 0.1140625 0.1890625
6 0.95 0.6703125 0.1 0.11171875