1 0.903125 0.36484375 0.040625 0.0484375
1 0.56171875 0.7625 0.1265625 0.08125
6 0.51953125 0.74375 0.0984375 0.053125
6 0.38359375 0.60078125 0.10703125 0.05390625
1 0.853125 0.51875 0.059375 0.0421875
6 0.6578125 0.46328125 0.16328125 0.0578125
1 0.50703125 0.215625 0.234375 0.17578125
8 0.7546875 0.275 0.2953125 0.2109375
6 0.4984375 0.3703125 0.2828125 0.2671875
1 0.42421875 0.4671875 0.0953125 0.03515625
6 0.44140625 0.53671875 0.21015625 0.12421875
3 0.825 0.5640625 0.0953125 0.07890625
1 0.88828125 0.55625 0.04765625 0.0359375
6 0.7234375 0.64921875 0.09453125 0.06328125
6 0.82109375 0.66953125 0.14609375 0.15546875