8 0.20078125 0.4015625 0.271875 0.23828125
10 0.2921875 0.34609375 0.06796875 0.02890625
8 0.178125 0.58515625 0.28359375 0.25234375
1 0.2734375 0.69375 0.1296875 0.0453125
8 0.40625 0.62890625 0.2453125 0.315625
8 0.40859375 0.50234375 0.23984375 0.084375
8 0.3921875 0.48984375 0.04296875 0.0265625
8 0.7578125 0.50546875 0.30078125 0.2625
6 0.871875 0.65546875 0.12890625 0.08359375
5 0.86953125 0.65390625 0.1078125 0.0625
8 0.6921875 0.64296875 0.3796875 0.2796875
1 0.5953125 0.59140625 0.0453125 0.02890625