8 0.65625 0.17578125 0.128125 0.1375
8 0.771875 0.28203125 0.13359375 0.2296875
1 0.5578125 0.1765625 0.12734375 0.14921875
8 0.6796875 0.21953125 0.12734375 0.1
4 0.59765625 0.24375 0.05078125 0.07421875
8 0.56015625 0.321875 0.1125 0.18515625
8 0.6953125 0.48203125 0.4671875 0.54609375
2 0.43671875 0.3484375 0.12421875 0.2265625
2 0.48828125 0.309375 0.184375 0.39296875
8 0.4890625 0.465625 0.13046875 0.33125
2 0.528125 0.425 0.025 0.040625
2 0.4421875 0.53984375 0.08203125 0.12265625
2 0.296875 0.65859375 0.39375 0.55625