2 0.39375 0.31171875 0.225 0.153125
1 0.71015625 0.85546875 0.5796875 0.2890625
0 0.56015625 0.82890625 0.0453125 0.03828125
2 0.70078125 0.846875 0.2453125 0.08984375
8 0.4984375 0.740625 0.2015625 0.2859375
2 0.44765625 0.39609375 0.2546875 0.071875
2 0.1640625 0.86953125 0.0609375 0.0671875
2 0.428125 0.41796875 0.28828125 0.096875
2 0.28515625 0.89765625 0.35 0.13046875
2 0.4203125 0.4578125 0.28203125 0.11484375
2 0.4421875 0.81328125 0.11015625 0.215625
2 0.34609375 0.51796875 0.153125 0.14609375
2 0.25390625 0.70625 0.46015625 0.5015625
2 0.6015625 0.79296875 0.31953125 0.20625
2 0.54296875 0.584375 0.11875 0.0578125
2 0.5546875 0.66171875 0.1609375 0.17109375
2 0.96015625 0.7375 0.0640625 0.06015625
2 0.98359375 0.6671875 0.0328125 0.08828125
2 0.4328125 0.54140625 0.04140625 0.040625
2 0.55390625 0.36484375 0.19765625 0.11953125
8 0.7953125 0.4375 0.40859375 0.328125
8 0.275 0.43828125 0.0734375 0.11328125
2 0.4765625 0.57421875 0.2171875 0.11171875
2 0.9421875 0.56875 0.11484375 0.13125
2 0.48515625 0.534375 0.1359375 0.07734375
2 0.4734375 0.52578125 0.04140625 0.02421875
2 0.76875 0.59609375 0.44609375 0.49375
10 0.14765625 0.94765625 0.2953125 0.10390625
0 0.34609375 0.975 0.23203125 0.04921875