2 0.634375 0.1140625 0.01328125 0.034375
8 0.9046875 0.47890625 0.190625 0.32265625
8 0.89375 0.659375 0.21171875 0.10546875
7 0.46484375 0.91484375 0.30546875 0.16875
7 0.46328125 0.875 0.3125 0.17421875
7 0.4921875 0.81640625 0.37578125 0.21171875
7 0.4984375 0.7734375 0.378125 0.21953125
7 0.47890625 0.73515625 0.3703125 0.2125
7 0.5140625 0.7109375 0.28515625 0.15625
7 0.47578125 0.6765625 0.38125 0.18515625
7 0.4765625 0.63984375 0.3859375 0.1828125
7 0.4671875 0.603125 0.38671875 0.171875
7 0.46015625 0.5703125 0.38828125 0.1546875
7 0.45390625 0.53359375 0.390625 0.14453125
7 0.45546875 0.49609375 0.39140625 0.14140625
7 0.4515625 0.46015625 0.396875 0.125
7 0.4625 0.41953125 0.39921875 0.11953125
7 0.45390625 0.390625 0.3984375 0.0859375
7 0.4859375 0.33984375 0.38984375 0.10078125
7 0.46796875 0.29921875 0.41484375 0.08828125
7 0.45859375 0.26171875 0.415625 0.08359375
7 0.465625 0.22421875 0.4203125 0.0828125
7 0.46640625 0.1875 0.41484375 0.07890625
1 0.49453125 0.51015625 0.35 0.82109375
8 0.7921875 0.84375 0.4140625 0.3125