9 0.234375 0.57890625 0.15 0.22890625
9 0.65625 0.43984375 0.1390625 0.30078125
9 0.86796875 0.41484375 0.10390625 0.16328125
9 0.8953125 0.2140625 0.209375 0.25078125
9 0.8625 0.24765625 0.228125 0.209375
9 0.95390625 0.3984375 0.0921875 0.19140625
9 0.43984375 0.1515625 0.28046875 0.125
9 0.14453125 0.29296875 0.2890625 0.2890625
9 0.04765625 0.1046875 0.09453125 0.18359375
9 0.21015625 0.7609375 0.26328125 0.23359375
9 0.0640625 0.928125 0.12734375 0.1421875
9 0.08125 0.553125 0.1625 0.45234375
9 0.06796875 0.81171875 0.13515625 0.19375
9 0.2140625 0.8671875 0.1484375 0.1078125
9 0.53515625 0.2640625 0.13359375 0.31875
9 0.5453125 0.5140625 0.16328125 0.3671875
9 0.38828125 0.75703125 0.21796875 0.25703125
9 0.41953125 0.80703125 0.1859375 0.1359375
9 0.65859375 0.58046875 0.35703125 0.41015625
9 0.821875 0.56875 0.3453125 0.28515625
9 0.86875 0.5953125 0.2625 0.20703125
9 0.7515625 0.7125 0.12421875 0.1109375
9 0.8671875 0.66484375 0.13359375 0.14140625
9 0.91953125 0.64609375 0.159375 0.159375
9 0.61640625 0.71484375 0.18359375 0.19375
9 0.34921875 0.44453125 0.28671875 0.4390625