8 0.94765625 0.18671875 0.1046875 0.37265625
8 0.6796875 0.03359375 0.05859375 0.06640625
1 0.6703125 0.07578125 0.0296875 0.053125
8 0.0390625 0.02265625 0.078125 0.0453125
8 0.575 0.10703125 0.175 0.2140625
8 0.7828125 0.153125 0.275 0.30625
7 0.24375 0.6078125 0.37734375 0.42578125
8 0.76953125 0.4375 0.29453125 0.371875
1 0.2328125 0.5703125 0.3546875 0.21484375
8 0.6015625 0.34453125 0.4234375 0.459375
8 0.0921875 0.628125 0.184375 0.2875
6 0.3046875 0.490625 0.12890625 0.05078125
8 0.26796875 0.25234375 0.5359375 0.5046875
7 0.659375 0.78984375 0.53984375 0.41875
6 0.16328125 0.6046875 0.040625 0.03125
6 0.21328125 0.5578125 0.0609375 0.11640625
6 0.29296875 0.54296875 0.15625 0.13828125
1 0.58984375 0.93828125 0.39296875 0.12265625