8 0.62578125 0.9125 0.13828125 0.15
8 0.3765625 0.33125 0.05546875 0.08515625
8 0.40546875 0.23984375 0.15703125 0.20546875
8 0.55 0.1078125 0.21796875 0.14140625
8 0.26640625 0.41328125 0.19140625 0.15234375
2 0.06484375 0.534375 0.1296875 0.0671875
2 0.153125 0.5359375 0.0625 0.028125
8 0.24140625 0.478125 0.1984375 0.13984375
8 0.2203125 0.46015625 0.1546875 0.059375
1 0.21875 0.421875 0.0421875 0.02578125
1 0.128125 0.47578125 0.04375 0.02890625
8 0.4328125 0.40859375 0.1890625 0.1390625
2 0.4171875 0.47109375 0.115625 0.0296875
2 0.46796875 0.52890625 0.24453125 0.12109375
2 0.4328125 0.53828125 0.07109375 0.04296875
2 0.39921875 0.48125 0.10703125 0.071875
2 0.49765625 0.62265625 0.1453125 0.06796875
2 0.4453125 0.68125 0.03359375 0.0359375
8 0.5171875 0.84375 0.30859375 0.3125
6 0.6609375 0.81953125 0.05390625 0.04140625
2 0.46328125 0.65859375 0.0515625 0.0609375
7 0.56640625 0.70390625 0.21796875 0.24921875
8 0.91171875 0.5171875 0.175 0.20703125
2 0.68125 0.53125 0.48984375 0.2125
2 0.54765625 0.5296875 0.10546875 0.0484375
2 0.83515625 0.60234375 0.18359375 0.1140625
2 0.603125 0.33125 0.5328125 0.425
8 0.4828125 0.24765625 0.04765625 0.02421875
2 0.49921875 0.2859375 0.11640625 0.0703125
2 0.56640625 0.29140625 0.1015625 0.09609375
2 0.571875 0.2421875 0.146875 0.071875
2 0.51484375 0.2484375 0.0359375 0.01328125
2 0.5546875 0.22578125 0.1078125 0.0484375
1 0.73046875 0.80546875 0.04140625 0.01015625
2 0.66796875 0.6921875 0.234375 0.22578125
6 0.965625 0.6796875 0.06875 0.02578125
0 0.97734375 0.67734375 0.04453125 0.02578125
6 0.95234375 0.640625 0.0953125 0.07578125
6 0.8796875 0.65234375 0.1203125 0.06796875
8 0.21640625 0.70625 0.4328125 0.36328125
6 0.84921875 0.9640625 0.0546875 0.07109375
6 0.88359375 0.9015625 0.04609375 0.07890625
8 0.7703125 0.8828125 0.21796875 0.1625
8 0.9328125 0.909375 0.13359375 0.18046875
8 0.884375 0.77734375 0.2296875 0.24296875
6 0.9625 0.8140625 0.06796875 0.05234375
6 0.93359375 0.83515625 0.05546875 0.0609375
6 0.88671875 0.80234375 0.084375 0.11171875
6 0.93203125 0.740625 0.13515625 0.1109375
6 0.83984375 0.78515625 0.08984375 0.115625
6 0.8921875 0.7515625 0.1625 0.11640625
2 0.975 0.35546875 0.04921875 0.04453125