2 0.109375 0.49765625 0.06328125 0.090625
8 0.084375 0.69140625 0.16796875 0.3625
2 0.06328125 0.1984375 0.1265625 0.3078125
2 0.009375 0.12734375 0.01875 0.0796875
2 0.00625 0.21796875 0.0125 0.096875
7 0.07265625 0.0578125 0.1453125 0.115625
7 0.2671875 0.0296875 0.2046875 0.059375
1 0.20546875 0.02578125 0.05859375 0.0515625
1 0.3125 0.02890625 0.05625 0.0578125
2 0.5828125 0.05625 0.25859375 0.1125
1 0.6640625 0.0265625 0.0171875 0.05
1 0.65703125 0.04140625 0.0140625 0.0828125
6 0.6828125 0.0453125 0.05703125 0.090625
2 0.478125 0.484375 0.859375 0.65625
1 0.365625 0.71484375 0.025 0.16171875
2 0.4375 0.46015625 0.2625 0.3453125
6 0.42109375 0.43125 0.27421875 0.3125
6 0.45 0.26015625 0.52734375 0.03671875
6 0.41953125 0.2515625 0.21171875 0.08515625
4 0.72421875 0.3703125 0.065625 0.0328125
2 0.40234375 0.33671875 0.58828125 0.16796875
6 0.40078125 0.42421875 0.284375 0.1359375