2 0.32734375 0.78515625 0.23046875 0.3328125
2 0.71953125 0.49921875 0.2296875 0.4296875
2 0.61875 0.365625 0.01796875 0.0390625
2 0.6546875 0.27265625 0.06484375 0.0796875
2 0.67890625 0.29453125 0.07265625 0.05859375
2 0.690625 0.3265625 0.0890625 0.09921875
2 0.721875 0.31484375 0.03671875 0.10234375
2 0.74609375 0.33203125 0.03671875 0.08671875
2 0.5265625 0.63515625 0.32421875 0.51953125
2 0.6640625 0.56953125 0.01796875 0.0375
2 0.6609375 0.5359375 0.01875 0.05
2 0.52421875 0.51015625 0.2734375 0.34921875
2 0.66328125 0.590625 0.01875 0.05390625
2 0.61015625 0.62109375 0.10390625 0.13203125
2 0.55234375 0.675 0.0109375 0.040625
2 0.5328125 0.684375 0.03984375 0.04375
1 0.6796875 0.34140625 0.0296875 0.0625
2 0.62734375 0.32890625 0.0390625 0.0453125
3 0.65390625 0.3578125 0.07734375 0.07890625
6 0.1484375 0.6359375 0.15859375 0.4984375
6 0.71015625 0.3796875 0.04296875 0.03046875