8 0.453125 0.48203125 0.5171875 0.9640625
1 0.47734375 0.44765625 0.021875 0.03359375
1 0.5359375 0.45859375 0.04296875 0.059375
2 0.4796875 0.528125 0.15546875 0.11796875
2 0.49921875 0.4578125 0.09140625 0.10546875
3 0.46328125 0.35 0.15703125 0.1484375
3 0.35234375 0.33671875 0.07578125 0.06015625
6 0.35859375 0.27890625 0.11171875 0.14609375
1 0.34921875 0.23046875 0.02265625 0.05390625
6 0.35078125 0.378125 0.07109375 0.11796875
1 0.37265625 0.38515625 0.03125 0.0453125
1 0.453125 0.46953125 0.13984375 0.06015625
2 0.46171875 0.56328125 0.0671875 0.11171875
1 0.565625 0.4875 0.02265625 0.05859375
1 0.54765625 0.50625 0.03984375 0.0546875
1 0.428125 0.4328125 0.06015625 0.03984375