2 0.165625 0.5625 0.28046875 0.20234375
2 0.2453125 0.534375 0.06171875 0.03203125
2 0.80703125 0.3453125 0.1421875 0.16640625
2 0.16171875 0.44453125 0.3234375 0.1890625
2 0.3328125 0.8234375 0.1703125 0.17578125
2 0.53984375 0.91640625 0.465625 0.14296875
2 0.42109375 0.875 0.22734375 0.09453125
2 0.39296875 0.83828125 0.165625 0.10234375
2 0.37265625 0.45 0.1234375 0.10078125
2 0.2109375 0.35078125 0.421875 0.14296875
2 0.5890625 0.88828125 0.4296875 0.15078125
2 0.609375 0.9234375 0.1578125 0.08671875
2 0.3046875 0.7828125 0.06171875 0.08515625
2 0.34140625 0.7671875 0.0328125 0.04609375
2 0.5703125 0.84921875 0.46328125 0.19453125
2 0.6421875 0.6046875 0.4828125 0.23125
1 0.5765625 0.8828125 0.1328125 0.090625
1 0.72578125 0.81953125 0.13125 0.04921875
2 0.53515625 0.70546875 0.61875 0.2859375
2 0.5953125 0.65234375 0.35546875 0.1359375
2 0.353125 0.5234375 0.15546875 0.13515625
2 0.4515625 0.428125 0.16953125 0.14453125
2 0.7796875 0.5046875 0.2234375 0.14453125
2 0.68828125 0.46328125 0.371875 0.18515625
2 0.56328125 0.353125 0.3046875 0.075
2 0.49765625 0.321875 0.28515625 0.06953125
2 0.7734375 0.34765625 0.3234375 0.08046875
2 0.56484375 0.29921875 0.2515625 0.034375
2 0.56640625 0.28125 0.2484375 0.02421875
2 0.59375 0.2765625 0.2765625 0.08203125
2 0.66171875 0.55078125 0.2609375 0.0921875