2 0.53046875 0.6984375 0.12265625 0.07109375
2 0.5625 0.64921875 0.16015625 0.08984375
2 0.71328125 0.515625 0.20703125 0.184375
2 0.28359375 0.52421875 0.56640625 0.1
2 0.91015625 0.521875 0.0828125 0.05625
2 0.86015625 0.5171875 0.1 0.09921875
3 0.7796875 0.5046875 0.07578125 0.1015625
6 0.78828125 0.45078125 0.075 0.05390625
2 0.78125 0.4984375 0.07421875 0.08828125
2 0.63359375 0.38515625 0.19765625 0.10078125
2 0.58671875 0.45703125 0.04765625 0.05390625
2 0.64140625 0.38984375 0.11953125 0.04765625
2 0.68515625 0.4234375 0.22734375 0.06796875
2 0.68203125 0.51796875 0.11875 0.1375
2 0.48828125 0.6296875 0.29921875 0.334375
2 0.68828125 0.52109375 0.10078125 0.11640625
2 0.46328125 0.459375 0.11015625 0.03671875
2 0.72734375 0.5703125 0.13046875 0.05625
2 0.7390625 0.65546875 0.22421875 0.13125
2 0.75 0.65390625 0.171875 0.13046875
2 0.11875 0.55625 0.10703125 0.15078125
2 0.12890625 0.63046875 0.18671875 0.25546875
2 0.178125 0.65546875 0.05703125 0.0421875
2 0.25859375 0.53359375 0.37578125 0.56796875