6 0.77265625 0.39140625 0.0859375 0.090625
6 0.671875 0.8046875 0.078125 0.21015625
6 0.6015625 0.89765625 0.24140625 0.2046875
6 0.38359375 0.62265625 0.3875 0.50078125
6 0.596875 0.70234375 0.0828125 0.1921875
6 0.7984375 0.71640625 0.40234375 0.5671875
6 0.6375 0.3828125 0.20859375 0.31875
6 0.07265625 0.803125 0.1453125 0.39375
6 0.19140625 0.92265625 0.22578125 0.1546875
6 0.4015625 0.91875 0.225 0.16171875
1 0.49921875 0.72890625 0.3203125 0.396875
6 0.21015625 0.61796875 0.41953125 0.69140625
6 0.16328125 0.23046875 0.234375 0.2921875
6 0.44140625 0.41171875 0.43515625 0.60390625
1 0.5 0.5 1 1