2 0.5828125 0.5265625 0.6171875 0.55859375
8 0.18515625 0.38984375 0.28984375 0.25
2 0.665625 0.29921875 0.42265625 0.18671875
1 0.69375 0.28828125 0.31015625 0.13828125
1 0.16015625 0.6390625 0.03828125 0.01484375
2 0.13671875 0.690625 0.0671875 0.08046875
1 0.16796875 0.7828125 0.0546875 0.06171875
2 0.35234375 0.70859375 0.41328125 0.45703125
1 0.52734375 0.9125 0.38125 0.175
8 0.73515625 0.30703125 0.07109375 0.0765625
8 0.68515625 0.27578125 0.05390625 0.03828125
1 0.40703125 0.5859375 0.28046875 0.209375