2 0.69375 0.634375 0.3703125 0.2609375
2 0.21640625 0.63828125 0.04375 0.06484375
8 0.5171875 0.40234375 0.36796875 0.3140625
8 0.2234375 0.4328125 0.040625 0.06328125
2 0.4484375 0.44609375 0.03984375 0.02578125
8 0.34296875 0.58984375 0.32109375 0.2953125
0 0.41015625 0.50390625 0.09453125 0.0609375
3 0.4078125 0.46640625 0.075 0.04609375
1 0.4796875 0.490625 0.05625 0.0203125
0 0.32421875 0.4609375 0.1109375 0.05078125
1 0.40078125 0.46640625 0.05234375 0.0328125
8 0.41171875 0.48125 0.028125 0.05078125