2 0.98828125 0.4 0.02265625 0.0453125
2 0.965625 0.44296875 0.06875 0.04296875
8 0.9375 0.46171875 0.10859375 0.0640625
2 0.978125 0.47109375 0.04296875 0.0421875
2 0.9484375 0.58828125 0.103125 0.0890625
1 0.95859375 0.596875 0.0828125 0.07578125
2 0.96796875 0.51875 0.0640625 0.05703125
2 0.86796875 0.63359375 0.0640625 0.103125
2 0.7125 0.66328125 0.38046875 0.2109375
8 0.46953125 0.7265625 0.28125 0.2359375
1 0.7671875 0.72421875 0.04765625 0.03828125
2 0.64296875 0.57578125 0.18984375 0.1171875
2 0.7609375 0.52734375 0.44296875 0.2265625