8 0.5421875 0.48046875 0.17109375 0.35390625
8 0.371875 0.7296875 0.26171875 0.234375
2 0.3015625 0.46953125 0.3984375 0.4
6 0.38671875 0.38359375 0.06953125 0.1
6 0.29921875 0.51640625 0.121875 0.26640625
2 0.2890625 0.62265625 0.0390625 0.0125
6 0.22265625 0.59609375 0.05625 0.06875
1 0.39140625 0.440625 0.0921875 0.090625
6 0.3875 0.47734375 0.0765625 0.08515625
6 0.26953125 0.49375 0.08671875 0.1875
8 0.3375 0.5453125 0.1296875 0.2015625
6 0.43125 0.55390625 0.184375 0.29375
6 0.3328125 0.35234375 0.0953125 0.06171875
6 0.22890625 0.48359375 0.0890625 0.18828125
6 0.27265625 0.3890625 0.04453125 0.02109375
6 0.30078125 0.3984375 0.04296875 0.0375
6 0.24765625 0.3921875 0.0671875 0.07890625
6 0.21953125 0.47421875 0.04453125 0.08046875
8 0.471875 0.57421875 0.121875 0.18828125
8 0.71640625 0.490625 0.03203125 0.06171875
6 0.7 0.5359375 0.0234375 0.078125
6 0.55234375 0.578125 0.04921875 0.07109375
3 0.58046875 0.3890625 0.08984375 0.0890625