2 0.94609375 0.93359375 0.10703125 0.1328125
2 0.5 0.5 1 1
2 0.23046875 0.63359375 0.07890625 0.14921875
1 0.303125 0.74765625 0.1328125 0.0875
2 0.2796875 0.59609375 0.12109375 0.0953125
2 0.35703125 0.62421875 0.1640625 0.1328125
1 0.35390625 0.565625 0.08828125 0.03359375
2 0.509375 0.58828125 0.11015625 0.0546875
2 0.71875 0.78203125 0.5265625 0.434375
2 0.346875 0.27890625 0.68671875 0.28125
2 0.41171875 0.70859375 0.225 0.196875
2 0.48984375 0.38046875 0.70234375 0.4546875
1 0.50078125 0.53828125 0.04296875 0.0640625
1 0.52109375 0.5359375 0.01953125 0.03515625
1 0.6078125 0.54921875 0.115625 0.1015625
3 0.46875 0.6265625 0.17890625 0.1296875
3 0.55078125 0.48203125 0.18671875 0.125