2 0.76796875 0.08203125 0.02578125 0.0578125
8 0.61640625 0.11640625 0.3390625 0.2328125
8 0.859375 0.3734375 0.1796875 0.32421875
1 0.934375 0.6109375 0.13046875 0.20625
8 0.63359375 0.58515625 0.61015625 0.77734375
4 0.4875 0.53046875 0.1640625 0.21328125
6 0.44296875 0.64921875 0.18515625 0.334375
6 0.70390625 0.38671875 0.17578125 0.28984375
6 0.55 0.453125 0.22421875 0.3375
4 0.6953125 0.5546875 0.11328125 0.153125
6 0.56484375 0.696875 0.16953125 0.1734375
4 0.68359375 0.71171875 0.1 0.209375
7 0.76640625 0.5953125 0.13671875 0.57109375
4 0.634375 0.7984375 0.13046875 0.13046875
3 0.878125 0.75 0.16015625 0.17578125
8 0.5875 0.853125 0.82421875 0.29375