2 0.565625 0.2640625 0.6171875 0.36640625
7 0.48515625 0.58203125 0.621875 0.43203125
2 0.59140625 0.25703125 0.19609375 0.1078125
2 0.54296875 0.2828125 0.0515625 0.040625
2 0.45703125 0.26328125 0.13359375 0.10546875
2 0.5796875 0.31328125 0.16875 0.0953125
1 0.33515625 0.46953125 0.14296875 0.06640625
1 0.671875 0.575 0.15546875 0.0765625
1 0.559375 0.4578125 0.09609375 0.078125
1 0.44609375 0.6203125 0.12265625 0.14375
1 0.42421875 0.65625 0.48125 0.1828125
1 0.5609375 0.76640625 0.0484375 0.03671875
1 0.4328125 0.69140625 0.43515625 0.16796875
1 0.296875 0.66796875 0.0484375 0.03125
1 0.4078125 0.70390625 0.06484375 0.04453125