8 0.63359375 0.49453125 0.52890625 0.76328125
8 0.4171875 0.83515625 0.17734375 0.075
1 0.26796875 0.9375 0.04140625 0.04609375
6 0.8203125 0.62890625 0.08359375 0.2046875
6 0.8125 0.6296875 0.078125 0.2078125
6 0.80546875 0.6328125 0.08125 0.209375
6 0.79921875 0.634375 0.078125 0.209375
6 0.79140625 0.6390625 0.0734375 0.2078125
6 0.7734375 0.6484375 0.09296875 0.2265625
6 0.78359375 0.64453125 0.08359375 0.23203125
6 0.7890625 0.73046875 0.02890625 0.08828125
6 0.7421875 0.7140625 0.071875 0.19140625
6 0.71171875 0.57265625 0.07578125 0.09375
6 0.4875 0.51875 0.06015625 0.1109375
6 0.71953125 0.4640625 0.1140625 0.1671875
6 0.5796875 0.6359375 0.165625 0.3734375
6 0.70078125 0.734375 0.121875 0.2421875
1 0.684375 0.53125 0.053125 0.08828125
6 0.65 0.52734375 0.0484375 0.07421875
6 0.68203125 0.309375 0.103125 0.18671875
1 0.7109375 0.2515625 0.084375 0.35
6 0.58359375 0.35703125 0.18203125 0.22734375
6 0.534375 0.32578125 0.06953125 0.0796875
6 0.5515625 0.27421875 0.06796875 0.11953125
6 0.553125 0.40703125 0.08203125 0.11875
6 0.53671875 0.46796875 0.11953125 0.07578125
6 0.47578125 0.27421875 0.0953125 0.146875
4 0.46484375 0.42890625 0.09921875 0.12578125
6 0.4234375 0.31484375 0.19140625 0.2171875
1 0.5171875 0.72734375 0.0609375 0.06484375
2 0.47265625 0.77109375 0.0390625 0.06484375
6 0.5296875 0.68359375 0.05546875 0.1421875
8 0.32578125 0.803125 0.04453125 0.08828125
8 0.3171875 0.85859375 0.03203125 0.03984375
2 0.2859375 0.7921875 0.05703125 0.1359375
8 0.27578125 0.56171875 0.484375 0.70078125
2 0.1578125 0.4125 0.05234375 0.0421875
8 0.26171875 0.2453125 0.11171875 0.20234375
8 0.18359375 0.36640625 0.13125 0.06640625
2 0.0953125 0.46640625 0.01875 0.065625
2 0.1171875 0.4546875 0.0546875 0.0484375
2 0.01953125 0.70234375 0.0390625 0.5953125
8 0.15625 0.76796875 0.25 0.40625
2 0.10078125 0.98515625 0.04375 0.0296875
2 0.19140625 0.9171875 0.14140625 0.165625
8 0.084375 0.484375 0.03671875 0.07734375
2 0.09140625 0.509375 0.02265625 0.0359375
2 0.1203125 0.41796875 0.0703125 0.05546875
8 0.1203125 0.46640625 0.04453125 0.0625
2 0.17734375 0.29296875 0.0828125 0.12265625
8 0.1953125 0.31953125 0.0609375 0.05546875
1 0.190625 0.278125 0.0640625 0.15078125
1 0.51875 0.784375 0.0734375 0.11953125
6 0.64140625 0.43671875 0.096875 0.1203125
6 0.62109375 0.34140625 0.11015625 0.27109375
6 0.61875 0.62265625 0.1703125 0.23671875
1 0.684375 0.5359375 0.140625 0.15390625
1 0.68046875 0.47734375 0.01796875 0.203125
6 0.70234375 0.60546875 0.04453125 0.0671875