6 0.728125 0.67265625 0.21015625 0.165625
6 0.54375 0.809375 0.1 0.28828125
2 0.57421875 0.37109375 0.44765625 0.59296875
6 0.77890625 0.359375 0.1796875 0.328125
6 0.29140625 0.540625 0.07421875 0.19609375
2 0.38203125 0.14375 0.01484375 0.03515625
6 0.42265625 0.13046875 0.07734375 0.1265625
8 0.35234375 0.39140625 0.23828125 0.2875
8 0.4109375 0.21484375 0.115625 0.12109375
8 0.2703125 0.14375 0.2125 0.2875
6 0.2765625 0.728125 0.18125 0.14921875
1 0.1078125 0.7859375 0.09765625 0.096875
8 0.65703125 0.51015625 0.0875 0.115625
3 0.60234375 0.5515625 0.0875 0.034375
6 0.4796875 0.60625 0.0828125 0.07109375
8 0.603125 0.5421875 0.090625 0.08203125