2 0.08671875 0.38203125 0.0703125 0.1953125
2 0.0671875 0.58046875 0.134375 0.20390625
1 0.9359375 0.5 0.12734375 0.365625
7 0.57578125 0.4546875 0.05078125 0.03828125
7 0.55859375 0.28828125 0.28515625 0.31171875
2 0.80859375 0.47421875 0.11171875 0.1296875
2 0.76171875 0.43125 0.1875 0.16484375
2 0.84765625 0.628125 0.178125 0.24375
2 0.68828125 0.58046875 0.2640625 0.35546875
2 0.10078125 0.8109375 0.1328125 0.0890625
8 0.28984375 0.6 0.35859375 0.3859375
8 0.27265625 0.40234375 0.328125 0.37421875
2 0.5421875 0.646875 0.171875 0.30703125
2 0.5 0.490625 0.14375 0.25625
8 0.059375 0.11875 0.11796875 0.23671875
2 0.4875 0.3671875 0.06875 0.06953125
2 0.47109375 0.3796875 0.075 0.075
8 0.3125 0.13359375 0.06640625 0.1734375
7 0.1921875 0.159375 0.2265625 0.28203125
0 0.3359375 0.2453125 0.18984375 0.315625
8 0.0515625 0.44921875 0.103125 0.375
2 0.36640625 0.80234375 0.390625 0.3953125
2 0.21015625 0.01484375 0.08046875 0.0296875
2 0.65859375 0.5671875 0.19375 0.22421875
1 0.33203125 0.25703125 0.09375 0.06484375
8 0.34765625 0.90234375 0.140625 0.0890625
8 0.3484375 0.778125 0.06875 0.16328125
6 0.47265625 0.828125 0.12265625 0.071875
2 0.465625 0.853125 0.04609375 0.0640625
8 0.39140625 0.83203125 0.046875 0.040625
8 0.06484375 0.25625 0.1296875 0.07734375
2 0.51640625 0.87578125 0.0296875 0.034375
8 0.521875 0.92890625 0.02265625 0.078125
1 0.49921875 0.9421875 0.02734375 0.04765625
1 0.359375 0.20625 0.08671875 0.07578125