1 0.5890625 0.3 0.04375 0.17578125
2 0.7640625 0.44921875 0.30390625 0.22578125
6 0.803125 0.30859375 0.16484375 0.1703125
2 0.65625 0.46328125 0.34921875 0.1671875
2 0.865625 0.42734375 0.06328125 0.07734375
7 0.39296875 0.58125 0.3640625 0.271875
7 0.19296875 0.71953125 0.3859375 0.31015625
1 0.66484375 0.2671875 0.125 0.13828125
1 0.11953125 0.68984375 0.18984375 0.08359375
1 0.33984375 0.5484375 0.1546875 0.07421875
1 0.35859375 0.08515625 0.05859375 0.0828125
1 0.43125 0.21484375 0.05859375 0.16796875