8 0.09609375 0.35 0.0796875 0.0125
1 0.16796875 0.3390625 0.0515625 0.02421875
8 0.20234375 0.3546875 0.05 0.01953125
2 0.1421875 0.37421875 0.08515625 0.053125
8 0.56484375 0.85859375 0.1296875 0.14453125
1 0.41796875 0.56328125 0.0859375 0.08359375
6 0.3703125 0.62265625 0.15546875 0.10078125
8 0.29296875 0.71484375 0.20078125 0.21015625
8 0.1140625 0.54375 0.059375 0.04765625
6 0.2453125 0.44765625 0.17109375 0.1390625
8 0.26484375 0.53359375 0.0390625 0.01953125
8 0.2234375 0.5859375 0.059375 0.0390625
6 0.41796875 0.6921875 0.11484375 0.20625
6 0.5609375 0.54296875 0.3265625 0.16328125
1 0.67109375 0.52578125 0.04609375 0.025
8 0.5328125 0.4984375 0.26875 0.20078125
8 0.4640625 0.7421875 0.084375 0.02578125
2 0.4734375 0.74375 0.04921875 0.025
1 0.47734375 0.6890625 0.13125 0.090625
1 0.4421875 0.76171875 0.0546875 0.03125
1 0.4078125 0.79140625 0.0390625 0.03515625
2 0.48828125 0.7890625 0.1640625 0.109375
8 0.56171875 0.75703125 0.10625 0.1890625
8 0.0890625 0.61640625 0.178125 0.2515625
4 0.03984375 0.56484375 0.0796875 0.1
7 0.12265625 0.8078125 0.12734375 0.19375
0 0.93984375 0.70546875 0.1203125 0.09921875
1 0.55078125 0.6609375 0.0390625 0.02265625