1 0.97109375 0.921875 0.05703125 0.05078125
2 0.72109375 0.69609375 0.55625 0.40703125
2 0.2375 0.4765625 0.4359375 0.55390625
1 0.48359375 0.8890625 0.1515625 0.04296875
2 0.68828125 0.6578125 0.4546875 0.45703125
1 0.46015625 0.7828125 0.26953125 0.1734375
2 0.76171875 0.68828125 0.47578125 0.409375
1 0.52265625 0.703125 0.06015625 0.0453125
2 0.7328125 0.5375 0.49296875 0.434375
2 0.68359375 0.58046875 0.3359375 0.20078125
2 0.73984375 0.46484375 0.4 0.4296875
1 0.7921875 0.346875 0.1453125 0.07578125
2 0.75859375 0.5265625 0.1921875 0.12890625
4 0.97265625 0.78671875 0.05390625 0.14921875