1 0.81328125 0.80703125 0.05234375 0.05390625
8 0.67578125 0.41015625 0.63671875 0.346875
2 0.1625 0.3765625 0.2125 0.1078125
3 0.73203125 0.82578125 0.1046875 0.1078125
2 0.48359375 0.3734375 0.403125 0.421875
2 0.21484375 0.4953125 0.11171875 0.1421875
2 0.27109375 0.49375 0.1703125 0.13046875
2 0.31015625 0.24921875 0.50546875 0.2546875
2 0.3515625 0.421875 0.30703125 0.209375
8 0.73515625 0.3390625 0.16171875 0.090625
8 0.78046875 0.61875 0.43828125 0.5453125
8 0.571875 0.76015625 0.27265625 0.284375