8 0.28203125 0.30078125 0.109375 0.25546875
2 0.584375 0.23203125 0.40625 0.18828125
2 0.5921875 0.309375 0.35 0.14140625
2 0.628125 0.40234375 0.37265625 0.25625
1 0.62421875 0.35859375 0.33671875 0.06484375
2 0.60625 0.48203125 0.33203125 0.13984375
1 0.66640625 0.54140625 0.1 0.01796875
2 0.446875 0.73984375 0.6140625 0.3890625
6 0.45390625 0.8390625 0.221875 0.09609375
6 0.38515625 0.81171875 0.19296875 0.08046875
1 0.396875 0.82734375 0.03671875 0.04375
1 0.4296875 0.75390625 0.13828125 0.159375
1 0.55546875 0.70625 0.13515625 0.15390625
1 0.4625 0.61640625 0.09296875 0.05625
1 0.7203125 0.66953125 0.07265625 0.2140625