8 0.45234375 0.37265625 0.14765625 0.08671875
8 0.5578125 0.48203125 0.2234375 0.32421875
4 0.534375 0.35703125 0.0203125 0.04453125
4 0.5640625 0.39140625 0.03671875 0.02890625
4 0.4609375 0.36796875 0.04453125 0.03203125
6 0.478125 0.43125 0.09609375 0.05234375
2 0.47109375 0.44375 0.05390625 0.04375
2 0.5296875 0.4609375 0.0921875 0.0453125
2 0.72890625 0.45390625 0.28828125 0.2390625
2 0.6625 0.43125 0.1546875 0.1703125
6 0.66328125 0.440625 0.0703125 0.1
6 0.69296875 0.43203125 0.1078125 0.09921875
2 0.40625 0.609375 0.30859375 0.428125
2 0.2765625 0.54453125 0.521875 0.4671875
8 0.0265625 0.75078125 0.05234375 0.046875
1 0.37734375 0.7078125 0.340625 0.13828125