6 0.51484375 0.28515625 0.06796875 0.10390625
8 0.54921875 0.39296875 0.04921875 0.13046875
2 0.68671875 0.57890625 0.15390625 0.1890625
2 0.61796875 0.63828125 0.1203125 0.06484375
2 0.62109375 0.53359375 0.22578125 0.15390625
8 0.5328125 0.57734375 0.03984375 0.0640625
2 0.4875 0.48125 0.04140625 0.06328125
6 0.50390625 0.4328125 0.04609375 0.109375
6 0.52421875 0.3546875 0.046875 0.1125
1 0.5375 0.45546875 0.02109375 0.29296875
2 0.7015625 0.3953125 0.11484375 0.27890625
8 0.4953125 0.58203125 0.0703125 0.21640625
2 0.68515625 0.51796875 0.0625 0.115625
6 0.48515625 0.33046875 0.04765625 0.09140625
8 0.6015625 0.52578125 0.1296875 0.11484375
2 0.6515625 0.46484375 0.115625 0.0671875
6 0.56484375 0.465625 0.0796875 0.07734375
6 0.70390625 0.39609375 0.04609375 0.10390625
2 0.6203125 0.35546875 0.146875 0.18125
2 0.59609375 0.27109375 0.10546875 0.16484375
2 0.5890625 0.71640625 0.06640625 0.0765625
2 0.628125 0.740625 0.07109375 0.06015625
2 0.6578125 0.675 0.10703125 0.09609375
1 0.56953125 0.671875 0.1015625 0.146875
2 0.5046875 0.52734375 0.04296875 0.034375
1 0.50625 0.54765625 0.034375 0.05859375
8 0.3421875 0.59921875 0.271875 0.46328125
8 0.33984375 0.40859375 0.0453125 0.05703125
2 0.7015625 0.30078125 0.11875 0.134375