8 0.7875 0.4171875 0.33203125 0.3484375
8 0.7296875 0.4703125 0.24765625 0.19375
8 0.02890625 0.434375 0.05703125 0.07421875
2 0.1109375 0.2375 0.22109375 0.0703125
2 0.065625 0.23046875 0.13125 0.0203125
2 0.0265625 0.26640625 0.053125 0.0515625
2 0.0828125 0.3078125 0.13828125 0.028125
2 0.1078125 0.2625 0.18671875 0.08359375
2 0.103125 0.1875 0.0625 0.0296875
8 0.10234375 0.1921875 0.04921875 0.02265625
8 0.01953125 0.27265625 0.0390625 0.0375
8 0.10703125 0.3875 0.11015625 0.1515625
8 0.3984375 0.35078125 0.52421875 0.309375
8 0.20859375 0.56015625 0.4171875 0.3234375
8 0.61171875 0.59765625 0.6046875 0.43515625
1 0.39921875 0.43125 0.103125 0.0578125
2 0.01484375 0.4515625 0.0296875 0.0375