7 0.58515625 0.4453125 0.0890625 0.0859375
7 0.5234375 0.4734375 0.0859375 0.046875
7 0.45078125 0.421875 0.1828125 0.12265625
7 0.52421875 0.38359375 0.2296875 0.13984375
7 0.49453125 0.278125 0.2921875 0.23359375
7 0.51953125 0.128125 0.15234375 0.21953125
7 0.48046875 0.1484375 0.17109375 0.175
8 0.30078125 0.70078125 0.3734375 0.59765625
8 0.65390625 0.71875 0.42734375 0.56171875
6 0.4703125 0.83046875 0.03515625 0.06640625
6 0.50703125 0.90546875 0.10625 0.11015625
6 0.60546875 0.90234375 0.1828125 0.12421875
6 0.5359375 0.81796875 0.05078125 0.08984375
1 0.534375 0.92421875 0.16875 0.07890625
6 0.5828125 0.821875 0.09296875 0.1484375
6 0.76328125 0.81484375 0.0765625 0.09375
6 0.66640625 0.80390625 0.1484375 0.08515625
6 0.6484375 0.69296875 0.07109375 0.140625
6 0.71484375 0.8578125 0.09609375 0.03203125
6 0.80625 0.75859375 0.090625 0.13984375
6 0.75546875 0.68203125 0.0875 0.20078125
6 0.49296875 0.80546875 0.06328125 0.09921875