2 0.0734375 0.19453125 0.09921875 0.10390625
2 0.06328125 0.33203125 0.1265625 0.1828125
2 0.16953125 0.59453125 0.025 0.15234375
2 0.50390625 0.6 0.06484375 0.0890625
2 0.3734375 0.2984375 0.50234375 0.59609375
2 0.0640625 0.56328125 0.128125 0.28046875
2 0.5 0.81328125 0.99921875 0.37265625
1 0.4484375 0.85078125 0.89609375 0.2390625
1 0.05078125 0.46796875 0.1015625 0.09375
1 0.2234375 0.06640625 0.034375 0.096875
8 0.128125 0.5078125 0.08203125 0.32890625
6 0.334375 0.475 0.3390625 0.9234375
6 0.628125 0.4859375 0.209375 0.72265625