8 0.83671875 0.2125 0.071875 0.15859375
8 0.8265625 0.25234375 0.090625 0.14609375
8 0.80625 0.25390625 0.0546875 0.10625
8 0.79765625 0.31328125 0.05 0.20546875
8 0.7375 0.30234375 0.10546875 0.2921875
1 0.74375 0.1953125 0.034375 0.084375
7 0.6984375 0.4609375 0.08828125 0.18359375
2 0.71328125 0.315625 0.08125 0.15078125
2 0.68515625 0.3375 0.0671875 0.15
2 0.67890625 0.3125 0.01328125 0.06328125
2 0.61171875 0.55859375 0.1 0.13828125
2 0.609375 0.47734375 0.1359375 0.15390625
2 0.5875 0.44296875 0.13046875 0.08125
2 0.59609375 0.28046875 0.15625 0.35078125
2 0.22109375 0.63046875 0.2 0.33203125
1 0.16875 0.6859375 0.0234375 0.09375
2 0.21015625 0.57734375 0.17421875 0.16484375
2 0.240625 0.53203125 0.1015625 0.16484375
2 0.21875 0.60703125 0.0796875 0.08671875
8 0.4578125 0.63125 0.35546875 0.665625
2 0.5734375 0.8171875 0.0375 0.05859375
1 0.70625 0.4328125 0.06875 0.08984375
3 0.4171875 0.72578125 0.11875 0.08515625
4 0.375 0.61015625 0.084375 0.06171875