2 0.16171875 0.29453125 0.115625 0.09921875
1 0.32734375 0.759375 0.18515625 0.2984375
1 0.11875 0.36796875 0.15390625 0.10625
6 0.2765625 0.4453125 0.19765625 0.15078125
1 0.8265625 0.615625 0.2140625 0.275
4 0.83828125 0.54453125 0.2109375 0.2828125
1 0.9125 0.7203125 0.17421875 0.3015625
1 0.98671875 0.915625 0.0265625 0.10078125
2 0.62421875 0.7046875 0.25390625 0.3234375
6 0.36171875 0.3625 0.31640625 0.26796875
6 0.26171875 0.60546875 0.42734375 0.23125
2 0.38359375 0.85625 0.0828125 0.22265625