1 0.2171875 0.5484375 0.0421875 0.0328125
6 0.30234375 0.4859375 0.1796875 0.13828125
1 0.30703125 0.47421875 0.14921875 0.10234375
2 0.28984375 0.490625 0.10859375 0.065625
6 0.321875 0.5390625 0.109375 0.078125
6 0.23046875 0.584375 0.13984375 0.0515625
6 0.66171875 0.47734375 0.2109375 0.096875
1 0.56015625 0.453125 0.16953125 0.08046875
2 0.68515625 0.48359375 0.09296875 0.078125
6 0.34140625 0.60234375 0.13828125 0.0765625
4 0.43203125 0.64921875 0.08125 0.059375
6 0.53359375 0.7359375 0.1328125 0.12265625