8 0.065625 0.56796875 0.13125 0.27734375
8 0.22890625 0.41328125 0.2078125 0.4109375
8 0.165625 0.640625 0.153125 0.315625
8 0.5421875 0.5703125 0.3359375 0.4109375
6 0.31640625 0.47421875 0.19296875 0.1265625
6 0.440625 0.51015625 0.06484375 0.1828125
6 0.38359375 0.49140625 0.0671875 0.09375
8 0.81015625 0.52578125 0.23046875 0.2
6 0.83671875 0.240625 0.0359375 0.0171875
6 0.84140625 0.25546875 0.034375 0.02734375
6 0.78125 0.35625 0.03828125 0.06640625
6 0.803125 0.2921875 0.059375 0.0921875
8 0.634375 0.31171875 0.3703125 0.27734375
6 0.84921875 0.76484375 0.196875 0.09765625
6 0.678125 0.5375 0.1703125 0.21875
8 0.67734375 0.7296875 0.18359375 0.2921875
6 0.5953125 0.56328125 0.1671875 0.26015625
6 0.475 0.36171875 0.15 0.371875
8 0.871875 0.39765625 0.25625 0.29921875
6 0.90546875 0.42109375 0.1203125 0.0734375
6 0.89375 0.3703125 0.121875 0.11015625
1 0.9890625 0.39609375 0.02109375 0.053125
8 0.35234375 0.69921875 0.209375 0.359375