8 0.93203125 0.84296875 0.13515625 0.3140625
2 0.975 0.77265625 0.04921875 0.3
2 0.98203125 0.66328125 0.0359375 0.08359375
8 0.97890625 0.76171875 0.0421875 0.05546875
8 0.32578125 0.61953125 0.35234375 0.2328125
7 0.6078125 0.7484375 0.18984375 0.03515625
7 0.603125 0.67421875 0.20703125 0.15
7 0.6203125 0.703125 0.21640625 0.053125
7 0.6171875 0.63203125 0.240625 0.12890625
7 0.6140625 0.54296875 0.2765625 0.2421875
7 0.634375 0.603125 0.246875 0.03359375
1 0.5203125 0.56640625 0.05625 0.12578125
7 0.625 0.50546875 0.25625 0.19140625
7 0.6484375 0.56171875 0.26953125 0.059375
7 0.5140625 0.43828125 0.0234375 0.1875
7 0.67578125 0.50546875 0.30234375 0.06328125
7 0.68515625 0.4046875 0.33046875 0.15390625
7 0.70703125 0.36484375 0.3609375 0.0953125
7 0.6640625 0.228125 0.3234375 0.19765625
7 0.703125 0.2109375 0.384375 0.21328125
1 0.8359375 0.19453125 0.021875 0.0625
1 0.49453125 0.415625 0.01875 0.3984375
1 0.54453125 0.2125 0.06953125 0.19375
1 0.66953125 0.209375 0.33125 0.02890625
1 0.56640625 0.75546875 0.11171875 0.034375