8 0.7703125 0.190625 0.146875 0.31484375
8 0.70234375 0.29765625 0.2109375 0.1640625
8 0.90078125 0.37421875 0.19765625 0.21328125
8 0.59140625 0.33046875 0.084375 0.13046875
8 0.721875 0.4140625 0.25390625 0.25078125
8 0.4953125 0.39609375 0.2109375 0.28125
8 0.1875 0.69140625 0.375 0.46796875
8 0.05625 0.79453125 0.1125 0.409375
2 0.31640625 0.490625 0.090625 0.19765625
5 0.703125 0.91484375 0.03046875 0.078125
2 0.68203125 0.6078125 0.24296875 0.24296875
8 0.4984375 0.7234375 0.39140625 0.553125
6 0.8234375 0.2859375 0.046875 0.03359375