2 0.21328125 0.296875 0.01953125 0.06171875
8 0.203125 0.33359375 0.025 0.06953125
1 0.1703125 0.26328125 0.0625 0.17265625
1 0.1875 0.234375 0.04921875 0.0734375
1 0.09765625 0.34453125 0.14296875 0.11171875
2 0.14140625 0.409375 0.13125 0.034375
8 0.14921875 0.4078125 0.0734375 0.053125
2 0.16484375 0.3890625 0.04609375 0.046875
1 0.17265625 0.325 0.021875 0.12734375
8 0.26015625 0.4140625 0.10859375 0.20234375
8 0.96875 0.3046875 0.0625 0.12890625
2 0.95078125 0.26953125 0.03046875 0.046875
2 0.94609375 0.26640625 0.0234375 0.0515625
2 0.93828125 0.25 0.0234375 0.06328125
2 0.9328125 0.24140625 0.028125 0.0609375
8 0.7421875 0.16484375 0.11640625 0.16171875
2 0.79921875 0.21328125 0.090625 0.0734375
8 0.675 0.2375 0.1078125 0.05546875
8 0.99296875 0.43125 0.01328125 0.12578125
8 0.8890625 0.278125 0.1875 0.1484375
2 0.98359375 0.56015625 0.03203125 0.1328125
8 0.9140625 0.3921875 0.17109375 0.2046875
8 0.98125 0.54140625 0.03671875 0.14921875
8 0.73984375 0.3203125 0.21953125 0.15390625
2 0.72734375 0.396875 0.128125 0.0890625
8 0.90703125 0.515625 0.1734375 0.24375
8 0.9109375 0.540625 0.02578125 0.175
8 0.90234375 0.59921875 0.03125 0.0421875
8 0.59375 0.2015625 0.0828125 0.103125
8 0.6203125 0.49765625 0.08984375 0.11171875
8 0.77734375 0.51171875 0.26171875 0.26640625
8 0.56796875 0.30234375 0.27265625 0.43203125
8 0.51328125 0.38984375 0.07109375 0.06015625
7 0.53046875 0.46796875 0.12265625 0.11015625
8 0.39765625 0.36484375 0.18203125 0.36953125
1 0.9796875 0.69375 0.0390625 0.02265625
1 0.95625 0.70078125 0.0515625 0.02734375
1 0.9046875 0.67734375 0.05546875 0.0203125
1 0.76953125 0.65625 0.06875 0.028125