1 0.49140625 0.2375 0.0359375 0.0390625
2 0.7453125 0.81875 0.06484375 0.090625
1 0.7109375 0.728125 0.13671875 0.07890625
8 0.51796875 0.61640625 0.271875 0.446875
8 0.7546875 0.496875 0.3109375 0.41953125
8 0.715625 0.75 0.1109375 0.096875
2 0.77421875 0.83828125 0.04453125 0.03984375
2 0.59765625 0.7453125 0.0765625 0.090625
1 0.58671875 0.8265625 0.10546875 0.10859375
1 0.6203125 0.7421875 0.03125 0.040625
1 0.5921875 0.740625 0.04296875 0.06328125
2 0.66171875 0.878125 0.06640625 0.09296875
2 0.58046875 0.94375 0.096875 0.11171875
6 0.47265625 0.84140625 0.04375 0.0765625
6 0.5125 0.8734375 0.05078125 0.07109375
8 0.4328125 0.34140625 0.1328125 0.325
8 0.928125 0.80546875 0.05390625 0.05703125
8 0.2828125 0.4703125 0.2859375 0.60859375
1 0.1734375 0.69375 0.02734375 0.0375
2 0.91015625 0.93984375 0.059375 0.08515625
1 0.971875 0.98125 0.05546875 0.0375