2 0.03046875 0.24140625 0.0609375 0.1125
1 0.246875 0.5375 0.0421875 0.02109375
2 0.4078125 0.65 0.2 0.15078125
2 0.00703125 0.13046875 0.0140625 0.0359375
2 0.01171875 0.12578125 0.02265625 0.0625
2 0.025 0.13203125 0.01328125 0.03203125
2 0.0140625 0.0875 0.028125 0.08359375
2 0.4390625 0.7734375 0.17109375 0.1640625
8 0.41953125 0.7609375 0.07109375 0.06484375
2 0.0578125 0.0734375 0.11171875 0.08359375
2 0.05703125 0.11328125 0.06171875 0.028125
2 0.096875 0.16796875 0.1546875 0.1015625
2 0.153125 0.13046875 0.1734375 0.13671875
2 0.09453125 0.2171875 0.121875 0.0453125
2 0.06875 0.28359375 0.134375 0.12421875
1 0.0703125 0.234375 0.03359375 0.0171875
2 0.33046875 0.28984375 0.5875 0.5046875
8 0.07265625 0.27421875 0.1125 0.065625
1 0.3828125 0.62578125 0.01875 0.06640625