8 0.4765625 0.4671875 0.246875 0.5703125
8 0.7453125 0.25078125 0.26640625 0.22890625
2 0.8046875 0.49765625 0.275 0.45546875
2 0.38984375 0.77890625 0.09296875 0.1140625
8 0.62109375 0.51328125 0.12734375 0.14375
2 0.63203125 0.6734375 0.12578125 0.20234375
6 0.371875 0.60234375 0.08125 0.07421875
8 0.2640625 0.60234375 0.3375 0.60234375
6 0.3625 0.44140625 0.1265625 0.22421875
6 0.29765625 0.425 0.07421875 0.171875
6 0.2609375 0.43515625 0.1609375 0.25703125
6 0.8046875 0.38515625 0.0828125 0.103125