8 0.93828125 0.66640625 0.09296875 0.0734375
3 0.50390625 0.4765625 0.14921875 0.06796875
7 0.52578125 0.25390625 0.27421875 0.22734375
1 0.7859375 0.50390625 0.42578125 0.60078125
7 0.6640625 0.48359375 0.1703125 0.55859375
7 0.27265625 0.39296875 0.46171875 0.22734375
7 0.31328125 0.65859375 0.5546875 0.30625
1 0.3171875 0.775 0.5453125 0.05703125
7 0.36328125 0.30078125 0.090625 0.08984375
6 0.68515625 0.934375 0.11953125 0.075
8 0.8734375 0.925 0.25234375 0.14921875
7 0.33515625 0.18125 0.05546875 0.0921875