8 0.6640625 0.31796875 0.034375 0.09296875
8 0.6546875 0.359375 0.0234375 0.0859375
8 0.75390625 0.3140625 0.15859375 0.17734375
8 0.73984375 0.45703125 0.17265625 0.31875
6 0.50546875 0.4578125 0.021875 0.034375
8 0.41328125 0.4015625 0.18671875 0.25546875
8 0.6078125 0.2453125 0.1921875 0.209375
2 0.20546875 0.753125 0.309375 0.4453125
8 0.23203125 0.64375 0.0828125 0.08828125
3 0.18359375 0.653125 0.06953125 0.0796875
1 0.18046875 0.59609375 0.09609375 0.09921875
1 0.284375 0.6375 0.11328125 0.115625
8 0.6265625 0.48359375 0.2421875 0.3328125
8 0.31171875 0.5234375 0.1734375 0.096875
6 0.6265625 0.39765625 0.04296875 0.0734375
8 0.4328125 0.375 0.24765625 0.309375
8 0.53671875 0.61875 0.225 0.321875
6 0.56640625 0.4421875 0.1 0.1125
2 0.7296875 0.35546875 0.05859375 0.0515625
2 0.7484375 0.30703125 0.03046875 0.0453125
8 0.71484375 0.25078125 0.05859375 0.08046875
8 0.7796875 0.22890625 0.04140625 0.03515625