2 0.89921875 0.94453125 0.20078125 0.11015625
8 0.61171875 0.9328125 0.19921875 0.08828125
8 0.45625 0.6171875 0.425 0.08203125
2 0.29765625 0.58828125 0.0796875 0.0765625
2 0.3140625 0.5734375 0.075 0.0421875
2 0.3015625 0.503125 0.26328125 0.20859375
1 0.47890625 0.5578125 0.3625 0.17109375
1 0.4234375 0.4765625 0.121875 0.07265625
1 0.3140625 0.3609375 0.0734375 0.09609375
1 0.4671875 0.30625 0.06015625 0.03359375
2 0.49375 0.3859375 0.36875 0.23203125
8 0.109375 0.46171875 0.20078125 0.0953125
1 0.0796875 0.41953125 0.1078125 0.05234375
1 0.3796875 0.271875 0.096875 0.028125