7 0.29375 0.1125 0.15625 0.20390625
6 0.37421875 0.1390625 0.06953125 0.053125
1 0.3453125 0.23203125 0.12578125 0.07421875
1 0.52265625 0.11875 0.18515625 0.1453125
8 0.8546875 0.09375 0.290625 0.1875
1 0.7640625 0.1078125 0.06015625 0.0234375
8 0.734375 0.15625 0.11484375 0.07578125
1 0.6296875 0.13125 0.05078125 0.02578125
3 0.8203125 0.23984375 0.11484375 0.0734375
8 0.25625 0.30703125 0.17109375 0.0703125
2 0.2140625 0.26796875 0.05859375 0.1515625
7 0.4453125 0.3890625 0.0890625 0.09921875
1 0.453125 0.32421875 0.07109375 0.04375
1 0.31171875 0.5453125 0.24453125 0.28828125
2 0.271875 0.4390625 0.20703125 0.17890625
1 0.65390625 0.42109375 0.03984375 0.0203125
1 0.8859375 0.4546875 0.228125 0.1625
2 0.80390625 0.51640625 0.3234375 0.25703125
2 0.525 0.584375 0.53125 0.4125
1 0.753125 0.71328125 0.1734375 0.11953125
1 0.47734375 0.790625 0.1328125 0.10859375
1 0.640625 0.375 0.0390625 0.03203125
0 0.7140625 0.3046875 0.04453125 0.02109375
8 0.30390625 0.95625 0.20390625 0.08671875