3 0.30625 0.83984375 0.0984375 0.11484375
6 0.71484375 0.6609375 0.12109375 0.10703125
8 0.3359375 0.63828125 0.1828125 0.2921875
8 0.475 0.42578125 0.26328125 0.15390625
8 0.0875 0.26796875 0.17421875 0.353125
2 0.46953125 0.64375 0.40390625 0.39609375
6 0.671875 0.53671875 0.2203125 0.21953125
1 0.56171875 0.62109375 0.04296875 0.03203125
6 0.88515625 0.06875 0.04140625 0.08203125
6 0.978125 0.07578125 0.0296875 0.08203125
6 0.66171875 0.22578125 0.05234375 0.028125
1 0.77109375 0.06484375 0.04453125 0.0671875
6 0.6375 0.1453125 0.2734375 0.28203125
6 0.60625 0.1734375 0.11640625 0.1046875
6 0.7078125 0.10390625 0.01640625 0.03828125