1 0.7640625 0.58203125 0.33359375 0.83515625
7 0.6203125 0.46640625 0.53203125 0.6203125
8 0.0265625 0.79609375 0.05234375 0.2171875
8 0.178125 0.37421875 0.35625 0.2921875
6 0.0953125 0.65859375 0.1171875 0.17421875
8 0.1859375 0.78359375 0.371875 0.4296875
8 0.21875 0.584375 0.3421875 0.7046875
5 0.37890625 0.4953125 0.25703125 0.63828125
1 0.7671875 0.3609375 0.1796875 0.1890625
5 0.7171875 0.50859375 0.178125 0.54375
1 0.72890625 0.2703125 0.03984375 0.03515625
1 0.425 0.7625 0.1109375 0.109375
5 0.571875 0.4625 0.13828125 0.771875