2 0.2484375 0.7796875 0.11796875 0.1390625
2 0.50859375 0.74375 0.453125 0.36015625
2 0.525 0.75859375 0.140625 0.125
2 0.49140625 0.69296875 0.3390625 0.15546875
2 0.39375 0.6796875 0.5296875 0.2546875
2 0.3796875 0.63828125 0.45390625 0.15546875
2 0.6671875 0.403125 0.203125 0.2984375
2 0.3984375 0.603125 0.528125 0.2171875
2 0.4046875 0.56640625 0.5109375 0.19609375
2 0.43671875 0.54453125 0.31484375 0.1078125
2 0.33359375 0.55625 0.06953125 0.046875
2 0.2234375 0.46015625 0.2203125 0.16328125
2 0.2328125 0.44921875 0.15 0.11796875
2 0.4359375 0.42265625 0.52421875 0.33359375
6 0.071875 0.71328125 0.14296875 0.47421875