7 0.6359375 0.26328125 0.29921875 0.315625
8 0.159375 0.3953125 0.24765625 0.47734375
1 0.20546875 0.23984375 0.13515625 0.115625
1 0.6375 0.746875 0.0453125 0.02421875
1 0.22734375 0.7390625 0.4546875 0.521875
2 0.42734375 0.54765625 0.68828125 0.828125
7 0.546875 0.46328125 0.0671875 0.10390625
8 0.39296875 0.5375 0.3046875 0.33203125
8 0.44921875 0.61171875 0.0375 0.04921875
1 0.60625 0.8484375 0.1171875 0.228125
8 0.70390625 0.63515625 0.084375 0.2015625
5 0.88125 0.228125 0.04609375 0.03828125
1 0.49609375 0.846875 0.08125 0.23515625