7 0.146875 0.42421875 0.29375 0.2921875
6 0.340625 0.50546875 0.196875 0.26171875
6 0.33125 0.44765625 0.0484375 0.05078125
6 0.346875 0.4734375 0.06875 0.053125
6 0.765625 0.40703125 0.2390625 0.221875
7 0.40390625 0.28828125 0.50859375 0.3265625
8 0.5734375 0.66953125 0.2015625 0.16171875
6 0.58125 0.51171875 0.378125 0.221875
8 0.4359375 0.7875 0.35390625 0.34375
6 0.3765625 0.6546875 0.07109375 0.040625
6 0.3515625 0.61640625 0.16328125 0.08203125
6 0.5421875 0.728125 0.134375 0.090625
6 0.57109375 0.7875 0.07421875 0.06328125
6 0.45625 0.890625 0.0875 0.06953125
6 0.42265625 0.784375 0.24296875 0.1640625
6 0.4109375 0.71328125 0.13203125 0.0453125
8 0.77421875 0.7875 0.35546875 0.425