2 0.52265625 0.65859375 0.4546875 0.5640625
2 0.3578125 0.5453125 0.03046875 0.096875
2 0.37578125 0.57421875 0.02890625 0.0734375
2 0.6875 0.33828125 0.1953125 0.53046875
2 0.3328125 0.46796875 0.0640625 0.22578125
2 0.40625 0.315625 0.1546875 0.36171875
2 0.39375 0.41875 0.04609375 0.0578125
2 0.4671875 0.5703125 0.21640625 0.2703125
2 0.36015625 0.19296875 0.1046875 0.3
2 0.50234375 0.246875 0.04609375 0.053125
2 0.4015625 0.36015625 0.0484375 0.1296875
2 0.41484375 0.2203125 0.05859375 0.02578125
2 0.4359375 0.31328125 0.14296875 0.18125
2 0.60859375 0.23359375 0.03984375 0.03359375
2 0.51953125 0.4421875 0.23203125 0.43046875
2 0.56953125 0.33515625 0.0796875 0.3640625
2 0.59609375 0.590625 0.0953125 0.25234375
2 0.58984375 0.521875 0.0703125 0.15390625