8 0.959375 0.5734375 0.08125 0.36328125
8 0.93984375 0.59609375 0.11953125 0.37421875
2 0.74375 0.75546875 0.3265625 0.1953125
2 0.72578125 0.5546875 0.3484375 0.34296875
2 0.77734375 0.51875 0.18984375 0.040625
1 0.7453125 0.55703125 0.0296875 0.06015625
2 0.78125 0.43515625 0.19921875 0.190625
2 0.61171875 0.13359375 0.15625 0.15859375
8 0.34609375 0.41796875 0.10234375 0.14453125
8 0.41328125 0.5 0.0375 0.0859375
8 0.3453125 0.53125 0.09609375 0.175
8 0.43046875 0.4203125 0.13046875 0.1375
8 0.5 0.57890625 0.15078125 0.3109375
2 0.534375 0.3234375 0.0375 0.02265625
8 0.38125 0.640625 0.17109375 0.265625
6 0.38125 0.52578125 0.065625 0.0953125
8 0.428125 0.29296875 0.159375 0.1890625
2 0.64140625 0.50546875 0.1578125 0.234375
2 0.62109375 0.2875 0.31015625 0.35078125
2 0.621875 0.5390625 0.053125 0.028125
1 0.67734375 0.409375 0.034375 0.03515625