1 0.646875 0.68828125 0.70546875 0.62265625
1 0.209375 0.703125 0.41875 0.59296875
6 0.79140625 0.4875 0.03984375 0.046875
6 0.859375 0.64609375 0.171875 0.3
6 0.8203125 0.734375 0.11875 0.159375
8 0.34296875 0.7234375 0.0828125 0.1859375
6 0.37578125 0.73671875 0.03515625 0.04765625
6 0.5578125 0.628125 0.47421875 0.30859375
6 0.38828125 0.796875 0.025 0.078125
6 0.84765625 0.63984375 0.11875 0.13671875
6 0.59453125 0.82734375 0.39296875 0.3359375
6 0.515625 0.4109375 0.79140625 0.4078125
1 0.390625 0.4765625 0.78125 0.665625