2 0.8484375 0.80625 0.10390625 0.31171875
2 0.94609375 0.94765625 0.10703125 0.103125
8 0.86875 0.7703125 0.1734375 0.4078125
8 0.65078125 0.78046875 0.3765625 0.4390625
8 0.38671875 0.3578125 0.1015625 0.16875
7 0.59921875 0.34296875 0.38125 0.49921875
6 0.31015625 0.6734375 0.11328125 0.215625
1 0.27734375 0.5828125 0.02890625 0.04921875
1 0.59296875 0.13203125 0.23984375 0.05546875
8 0.97109375 0.690625 0.0578125 0.4296875
1 0.5859375 0.12265625 0.06796875 0.0453125
1 0.6 0.24375 0.38125 0.13046875
1 0.60546875 0.184375 0.31953125 0.07265625