2 0.54765625 0.2796875 0.9046875 0.559375
8 0.0609375 0.06953125 0.121875 0.13828125
6 0.346875 0.153125 0.63046875 0.16328125
2 0.46015625 0.38828125 0.9203125 0.3375
1 0.84609375 0.52265625 0.071875 0.03359375
8 0.921875 0.61015625 0.15546875 0.25859375
2 0.5 0.69921875 1 0.6015625
6 0.48984375 0.6359375 0.7375 0.5640625
1 0.2265625 0.86171875 0.45234375 0.27578125
6 0.809375 0.940625 0.18984375 0.11796875
8 0.31328125 0.9625 0.25703125 0.075
2 0.27734375 0.8484375 0.5546875 0.3
2 0.1203125 0.9140625 0.23984375 0.1703125