8 0.68125 0.29609375 0.0796875 0.06328125
8 0.7375 0.19453125 0.11796875 0.1859375
2 0.9625 0.98828125 0.059375 0.021875
8 0.828125 0.21015625 0.15859375 0.24453125
8 0.8484375 0.10859375 0.01796875 0.0421875
8 0.9140625 0.3453125 0.1703125 0.303125
8 0.7046875 0.37578125 0.1890625 0.15234375
8 0.62890625 0.45 0.146875 0.1625
2 0.640625 0.1140625 0.125 0.13125
2 0.7921875 0.5140625 0.23828125 0.23359375
8 0.51796875 0.2765625 0.1359375 0.25546875
7 0.95546875 0.43984375 0.08828125 0.23515625
1 0.95 0.47421875 0.1 0.06171875
8 0.92734375 0.62890625 0.14453125 0.1953125
2 0.96328125 0.759375 0.0734375 0.13515625
8 0.85859375 0.83046875 0.28203125 0.31484375
8 0.63125 0.69609375 0.44921875 0.60703125
1 0.47109375 0.92265625 0.05625 0.14140625
2 0.371875 0.8421875 0.15859375 0.31484375
2 0.23671875 0.3890625 0.4734375 0.4953125
2 0.2796875 0.35234375 0.2515625 0.22734375