1 0.6484375 0.9703125 0.196875 0.059375
1 0.79453125 0.94453125 0.225 0.1109375
1 0.71875 0.8578125 0.15703125 0.146875
1 0.65859375 0.88671875 0.13984375 0.14296875
1 0.50625 0.940625 0.17734375 0.09765625
2 0.39921875 0.79453125 0.46875 0.29453125
1 0.40390625 0.853125 0.06328125 0.05
5 0.50234375 0.69296875 0.065625 0.06015625
6 0.40390625 0.71640625 0.16640625 0.084375
2 0.34609375 0.7828125 0.06484375 0.0625
2 0.421875 0.7640625 0.20703125 0.11171875
2 0.46328125 0.771875 0.27734375 0.12890625
4 0.81640625 0.5984375 0.15390625 0.2671875
4 0.69375 0.54453125 0.22265625 0.37578125
2 0.61171875 0.43828125 0.39453125 0.41796875
7 0.36875 0.6265625 0.43125 0.22734375
7 0.0859375 0.64921875 0.171875 0.159375
7 0.146875 0.58984375 0.25234375 0.178125
2 0.38984375 0.428125 0.0359375 0.08515625
6 0.625 0.65703125 0.0453125 0.02421875