2 0.48203125 0.9390625 0.23203125 0.12109375
2 0.28203125 0.27890625 0.08984375 0.30546875
2 0.2859375 0.2 0.084375 0.1375
2 0.2984375 0.18359375 0.03828125 0.0546875
2 0.41015625 0.2890625 0.253125 0.3078125
2 0.42265625 0.2796875 0.334375 0.21796875
2 0.43046875 0.28984375 0.16015625 0.2171875
2 0.44609375 0.22421875 0.1265625 0.04921875
2 0.4125 0.31015625 0.11015625 0.1796875
2 0.4703125 0.28515625 0.08359375 0.1390625
2 0.55390625 0.31484375 0.21328125 0.2375
2 0.35 0.403125 0.0265625 0.04140625
2 0.37265625 0.3921875 0.03984375 0.01875
2 0.60234375 0.3359375 0.18828125 0.26015625
2 0.640625 0.4875 0.14765625 0.11953125
2 0.3359375 0.5484375 0.46328125 0.31015625
2 0.53984375 0.5015625 0.1671875 0.06953125
2 0.5609375 0.71953125 0.06171875 0.05234375
3 0.66328125 0.89921875 0.10546875 0.17109375
2 0.54609375 0.7453125 0.0734375 0.0703125
2 0.48046875 0.78359375 0.10078125 0.14609375
2 0.5625 0.82421875 0.165625 0.20625
2 0.69296875 0.6578125 0.2390625 0.38203125
2 0.475 0.61875 0.28984375 0.1984375
3 0.3890625 0.80390625 0.12578125 0.190625