2 0.61328125 0.40078125 0.04375 0.08671875
2 0.440625 0.6421875 0.18515625 0.3078125
2 0.5546875 0.7359375 0.1453125 0.184375
8 0.45 0.584375 0.0859375 0.09609375
7 0.46015625 0.4375 0.20078125 0.2296875
7 0.434375 0.36171875 0.15703125 0.14375
8 0.32734375 0.484375 0.19296875 0.39609375
2 0.6515625 0.28359375 0.3109375 0.5671875
8 0.28359375 0.7265625 0.1921875 0.33125
2 0.8109375 0.61640625 0.1421875 0.18125
2 0.51484375 0.2953125 0.04140625 0.09296875
2 0.81640625 0.615625 0.071875 0.096875
2 0.5421875 0.2875 0.053125 0.14375
2 0.58046875 0.32109375 0.07578125 0.1765625
8 0.5546875 0.8765625 0.19140625 0.15390625
2 0.6453125 0.559375 0.22734375 0.33359375
3 0.71171875 0.5515625 0.04921875 0.0390625
2 0.5703125 0.50625 0.05625 0.08828125
6 0.59609375 0.5359375 0.02421875 0.07734375
6 0.646875 0.44375 0.04921875 0.0578125
1 0.6171875 0.46953125 0.06015625 0.03125
6 0.64609375 0.475 0.0390625 0.03046875
6 0.6515625 0.51875 0.184375 0.1640625