2 0.53046875 0.45703125 0.03203125 0.05546875
2 0.66640625 0.5734375 0.0203125 0.03828125
2 0.64453125 0.55703125 0.0484375 0.06796875
4 0.7203125 0.59765625 0.04453125 0.0546875
2 0.6796875 0.53984375 0.10703125 0.0359375
2 0.65625 0.63515625 0.028125 0.03203125
2 0.69609375 0.48515625 0.06796875 0.0953125
3 0.68828125 0.5921875 0.065625 0.06796875
2 0.609375 0.46328125 0.134375 0.1328125
2 0.55234375 0.50703125 0.11328125 0.096875
2 0.58203125 0.59921875 0.1671875 0.2234375
2 0.62890625 0.68828125 0.0203125 0.0390625
2 0.13984375 0.5765625 0.11484375 0.11015625
1 0.83359375 0.1609375 0.0546875 0.053125
2 0.65078125 0.25 0.071875 0.06015625
2 0.72578125 0.26875 0.125 0.11015625
2 0.6328125 0.31171875 0.053125 0.0859375
2 0.62734375 0.29453125 0.04453125 0.06328125
2 0.61875 0.2828125 0.040625 0.065625
2 0.6375 0.3015625 0.0375 0.0453125
2 0.76796875 0.35625 0.02109375 0.05390625
2 0.78046875 0.43984375 0.13203125 0.11171875
2 0.69453125 0.3484375 0.1609375 0.16328125
2 0.68828125 0.43359375 0.05703125 0.03046875
2 0.69453125 0.4421875 0.03984375 0.02421875
6 0.790625 0.45703125 0.03359375 0.01875
2 0.77578125 0.503125 0.1125 0.1296875
2 0.30625 0.89375 0.21796875 0.21171875
6 0.60625 0.72578125 0.04765625 0.07890625
2 0.61953125 0.7234375 0.04140625 0.0734375
2 0.59765625 0.78046875 0.02109375 0.0421875
2 0.67265625 0.715625 0.0796875 0.096875
2 0.5375 0.80078125 0.115625 0.20390625
2 0.54453125 0.71328125 0.02734375 0.0703125
2 0.3984375 0.78359375 0.303125 0.20078125
6 0.56015625 0.5875 0.1015625 0.04921875
2 0.38046875 0.7828125 0.24296875 0.12421875
2 0.5671875 0.6390625 0.090625 0.09921875
2 0.39375 0.68984375 0.31171875 0.13359375
1 0.57265625 0.6265625 0.02421875 0.04453125
2 0.553125 0.640625 0.0421875 0.06328125
8 0.68828125 0.63203125 0.03984375 0.0359375
2 0.48984375 0.47421875 0.1203125 0.08828125
2 0.5140625 0.1671875 0.11328125 0.084375
2 0.41953125 0.58359375 0.1765625 0.2859375
3 0.50859375 0.19375 0.0703125 0.06953125
2 0.5125 0.30234375 0.20703125 0.26484375
2 0.46640625 0.2203125 0.028125 0.03828125
1 0.98984375 0.39921875 0.01953125 0.05625
2 0.5046875 0.48203125 0.01875 0.0421875
2 0.634375 0.49296875 0.0546875 0.03671875