1 0.04375 0.1125 0.05625 0.07109375
1 0.6609375 0.21796875 0.46875 0.4359375
1 0.33984375 0.2078125 0.1859375 0.16640625
8 0.46484375 0.51015625 0.1765625 0.0734375
8 0.2296875 0.11953125 0.384375 0.2390625
1 0.01328125 0.040625 0.0265625 0.0796875
1 0.04296875 0.30390625 0.0859375 0.2328125
1 0.01796875 0.3015625 0.03515625 0.1234375
6 0.46875 0.05703125 0.10625 0.1140625
6 0.8953125 0.09375 0.20859375 0.18671875
1 0.3234375 0.37421875 0.278125 0.190625
1 0.06328125 0.715625 0.12578125 0.103125
1 0.75 0.02265625 0.05546875 0.04453125
8 0.69765625 0.37265625 0.2109375 0.16015625
6 0.725 0.5296875 0.471875 0.3140625
6 0.66015625 0.77578125 0.37265625 0.1375
4 0.23984375 0.54765625 0.40078125 0.271875