1 0.76484375 0.3703125 0.07890625 0.06484375
8 0.76875 0.31484375 0.08515625 0.06484375
1 0.54765625 0.20078125 0.0203125 0.04765625
1 0.5125 0.22421875 0.06796875 0.034375
1 0.5140625 0.203125 0.06796875 0.05078125
1 0.50546875 0.20546875 0.059375 0.06484375
1 0.50234375 0.2546875 0.06875 0.0875
2 0.365625 0.51484375 0.15390625 0.3375
1 0.64375 0.4390625 0.0359375 0.0671875
2 0.48359375 0.528125 0.10859375 0.3515625
2 0.7109375 0.57421875 0.15546875 0.40546875
2 0.540625 0.50234375 0.19296875 0.3578125
1 0.57265625 0.57734375 0.0546875 0.07734375
1 0.61015625 0.56171875 0.03046875 0.11953125
2 0.5625 0.475 0.05234375 0.13984375
2 0.3734375 0.51640625 0.11484375 0.22890625
4 0.409375 0.47890625 0.04765625 0.15390625
1 0.278125 0.15625 0.06328125 0.09609375
7 0.92109375 0.1921875 0.15703125 0.38359375
2 0.7109375 0.578125 0.11484375 0.24375