1 0.1484375 0.8625 0.29609375 0.27421875
6 0.26640625 0.45859375 0.5328125 0.346875
8 0.14765625 0.08671875 0.2953125 0.1734375
6 0.3953125 0.22890625 0.22734375 0.17890625
6 0.378125 0.25 0.23046875 0.15
8 0.16953125 0.2546875 0.3390625 0.3625
8 0.38046875 0.9453125 0.27578125 0.109375
1 0.37265625 0.82734375 0.2234375 0.1984375
1 0.69375 0.91875 0.375 0.16171875
8 0.4796875 0.75078125 0.33046875 0.20078125
8 0.809375 0.86328125 0.3796875 0.24453125
1 0.96484375 0.4109375 0.0703125 0.065625
3 0.80703125 0.45390625 0.2125 0.1921875
1 0.90390625 0.30703125 0.125 0.1171875
6 0.84453125 0.390625 0.1578125 0.084375
6 0.878125 0.66640625 0.2421875 0.2203125
6 0.42578125 0.5953125 0.40703125 0.16640625
8 0.81484375 0.515625 0.3703125 0.178125
2 0.61484375 0.2484375 0.58671875 0.3671875
6 0.50703125 0.43046875 0.28671875 0.165625
1 0.3828125 0.4296875 0.071875 0.01640625
2 0.615625 0.371875 0.18203125 0.05546875
6 0.96015625 0.53515625 0.07890625 0.12109375
6 0.60625 0.51640625 0.34453125 0.17578125
6 0.62734375 0.69765625 0.2953125 0.225