8 0.06796875 0.7640625 0.1359375 0.47109375
2 0.8453125 0.5265625 0.10390625 0.1109375
2 0.72734375 0.52421875 0.17421875 0.19765625
2 0.76171875 0.3484375 0.275 0.1078125
2 0.7546875 0.34765625 0.25625 0.05859375
2 0.44609375 0.365625 0.359375 0.2796875
2 0.56484375 0.278125 0.59921875 0.0890625
2 0.46171875 0.6421875 0.384375 0.5703125
2 0.47265625 0.5859375 0.315625 0.4015625
2 0.54921875 0.66171875 0.325 0.425
2 0.71484375 0.39609375 0.15859375 0.0625
2 0.67734375 0.43984375 0.05078125 0.08515625
2 0.68359375 0.4609375 0.0359375 0.059375
2 0.69296875 0.4734375 0.03203125 0.04609375
2 0.759375 0.4390625 0.12734375 0.11015625
8 0.190625 0.7078125 0.3015625 0.40078125
6 0.18671875 0.5875 0.10703125 0.14453125
3 0.10390625 0.621875 0.0640625 0.05625
3 0.10078125 0.64140625 0.06015625 0.053125
6 0.121875 0.9234375 0.1515625 0.0859375
6 0.13046875 0.96640625 0.1078125 0.0671875
2 0.159375 0.828125 0.1140625 0.1359375