7 0.5 0.734375 0.2578125 0.10234375
7 0.51328125 0.71171875 0.31875 0.134375
7 0.51875 0.68046875 0.2734375 0.0703125
7 0.52109375 0.61875 0.74453125 0.0890625
8 0.915625 0.40234375 0.16796875 0.1671875
8 0.634375 0.2109375 0.17109375 0.12890625
8 0.80546875 0.17734375 0.3890625 0.35390625
8 0.68203125 0.0734375 0.540625 0.146875
8 0.0546875 0.10859375 0.109375 0.07109375
8 0.08359375 0.3515625 0.1671875 0.32109375
8 0.0859375 0.15234375 0.05234375 0.03671875
8 0.06015625 0.23515625 0.1203125 0.16328125
8 0.35546875 0.14453125 0.49453125 0.2890625
8 0.04609375 0.1734375 0.0921875 0.15390625
8 0.1234375 0.04609375 0.24609375 0.0921875
8 0.91328125 0.16171875 0.06875 0.04921875
8 0.97734375 0.43359375 0.04375 0.01875
7 0.5078125 0.43984375 0.8390625 0.3328125
1 0.10390625 0.4921875 0.19453125 0.1078125
7 0.51484375 0.3796875 0.42734375 0.140625