5 0.44140625 0.91484375 0.06796875 0.0375
5 0.353125 0.7109375 0.1203125 0.34921875
5 0.33046875 0.45625 0.1484375 0.25625
5 0.246875 0.32421875 0.25859375 0.2125
5 0.24140625 0.60234375 0.23125 0.47109375
5 0.48984375 0.390625 0.18359375 0.24609375
5 0.64921875 0.6203125 0.17734375 0.26953125
5 0.6234375 0.65234375 0.1140625 0.22109375
5 0.7984375 0.65078125 0.1953125 0.47734375
1 0.6171875 0.7859375 0.05859375 0.06875
5 0.6875 0.7359375 0.1078125 0.09296875
1 0.70078125 0.81875 0.125 0.171875
5 0.48671875 0.56015625 0.19375 0.38359375
2 0.48984375 0.62265625 0.18125 0.2484375
6 0.5015625 0.75546875 0.4453125 0.36328125
8 0.47578125 0.7890625 0.190625 0.2734375