8 0.778125 0.62265625 0.24765625 0.16640625
6 0.8359375 0.4890625 0.184375 0.0796875
6 0.72734375 0.48203125 0.06484375 0.015625
3 0.52109375 0.51484375 0.1015625 0.09296875
6 0.553125 0.54453125 0.07578125 0.05859375
3 0.396875 0.5734375 0.17890625 0.0703125
6 0.48515625 0.57421875 0.0171875 0.07578125
6 0.540625 0.58125 0.096875 0.015625
6 0.325 0.59609375 0.17890625 0.075
2 0.3609375 0.60234375 0.0921875 0.07421875
1 0.57421875 0.4859375 0.0765625 0.0453125
1 0.51015625 0.465625 0.0859375 0.06328125
5 0.4171875 0.68671875 0.05 0.0546875
1 0.4265625 0.64921875 0.10625 0.090625
1 0.4828125 0.6390625 0.10390625 0.06484375
1 0.57109375 0.65703125 0.090625 0.1171875
6 0.5171875 0.5984375 0.14921875 0.1265625
6 0.58359375 0.57734375 0.0640625 0.0609375
6 0.35859375 0.4578125 0.2453125 0.203125
8 0.2875 0.64296875 0.11015625 0.03125
8 0.2578125 0.74921875 0.1140625 0.065625
3 0.259375 0.68984375 0.10546875 0.08359375
8 0.27421875 0.74453125 0.0609375 0.06953125
6 0.38125 0.7921875 0.153125 0.11953125
1 0.3609375 0.70859375 0.12109375 0.09609375