2 0.50859375 0.6921875 0.26875 0.171875
2 0.48125 0.69140625 0.19140625 0.06328125
2 0.48046875 0.66171875 0.18671875 0.1078125
2 0.4734375 0.65703125 0.1703125 0.09765625
2 0.7625 0.7671875 0.03671875 0.12421875
2 0.7625 0.69375 0.07109375 0.16484375
2 0.57265625 0.62734375 0.45859375 0.3203125
2 0.58515625 0.5734375 0.2109375 0.06015625
2 0.61328125 0.503125 0.284375 0.1125
2 0.56171875 0.57421875 0.11171875 0.06015625
2 0.62734375 0.49921875 0.09140625 0.06015625
2 0.60390625 0.32265625 0.2421875 0.053125
2 0.5890625 0.34921875 0.48359375 0.3984375
1 0.959375 0.50625 0.08046875 0.0453125