5 0.2609375 0.1421875 0.0859375 0.2328125
5 0.34609375 0.1359375 0.0859375 0.24609375
5 0.5265625 0.22890625 0.2109375 0.06796875
5 0.69921875 0.13359375 0.08359375 0.225
5 0.37890625 0.43046875 0.07578125 0.20703125
5 0.490625 0.42265625 0.078125 0.13515625
5 0.63125 0.4203125 0.07109375 0.23359375
5 0.721875 0.4296875 0.078125 0.1984375
5 0.43046875 0.65390625 0.06640625 0.20078125
5 0.51328125 0.65703125 0.071875 0.2
5 0.59609375 0.67734375 0.0734375 0.16953125
5 0.66875 0.853125 0.0578125 0.1703125
5 0.55625 0.92578125 0.196875 0.08359375
5 0.3078125 0.89453125 0.0796875 0.15390625
5 0.4265625 0.87890625 0.06875 0.1875