2 0.4 0.725 0.41015625 0.4890625
2 0.34609375 0.43359375 0.5375 0.46484375
2 0.671875 0.759375 0.209375 0.30859375
2 0.65859375 0.49765625 0.19296875 0.38046875
2 0.8609375 0.3953125 0.23671875 0.18046875
6 0.65546875 0.734375 0.1109375 0.13359375
2 0.63125 0.78203125 0.03828125 0.0390625
8 0.31640625 0.3265625 0.203125 0.290625
8 0.2953125 0.4578125 0.16015625 0.13359375
6 0.3546875 0.43671875 0.04765625 0.16171875
2 0.409375 0.49921875 0.140625 0.1890625
1 0.44921875 0.271875 0.03046875 0.04296875