6 0.63125 0.76015625 0.18671875 0.2578125
6 0.59296875 0.31171875 0.08359375 0.071875
7 0.6578125 0.10078125 0.06171875 0.05625
1 0.73046875 0.13671875 0.3703125 0.1375
1 0.65546875 0.02578125 0.04140625 0.03046875
1 0.65703125 0.20625 0.0640625 0.02421875
1 0.63671875 0.21875 0.0390625 0.01015625
7 0.5609375 0.184375 0.1171875 0.0796875
7 0.9421875 0.17265625 0.03984375 0.01953125
7 0.371875 0.09609375 0.0890625 0.046875
1 0.4171875 0.015625 0.09765625 0.03046875
7 0.39296875 0.0265625 0.0875 0.04453125
7 0.32734375 0.0515625 0.09453125 0.03984375
8 0.46171875 0.04765625 0.10390625 0.04296875
1 0.57734375 0.04609375 0.08203125 0.04375
1 0.5671875 0.00703125 0.04453125 0.0140625
3 0.14453125 0.05546875 0.08203125 0.040625