8 0.853125 0.01640625 0.0421875 0.0328125
2 0.75078125 0.125 0.17421875 0.24921875
8 0.93203125 0.0328125 0.1328125 0.065625
8 0.975 0.2171875 0.05 0.31875
2 0.953125 0.421875 0.0859375 0.1296875
2 0.7484375 0.05625 0.1421875 0.1125
2 0.6734375 0.5875 0.36015625 0.43046875
2 0.6953125 0.3453125 0.303125 0.11171875
2 0.66484375 0.42578125 0.33984375 0.33203125
2 0.665625 0.37734375 0.27890625 0.15390625
2 0.67890625 0.34296875 0.2 0.1171875
2 0.6890625 0.36328125 0.2109375 0.1546875
2 0.71640625 0.42578125 0.15 0.04609375
8 0.4203125 0.11875 0.084375 0.2375
2 0.28203125 0.37890625 0.07890625 0.12890625
8 0.21796875 0.56796875 0.15625 0.33203125
1 0.36953125 0.76953125 0.0875 0.02109375
2 0.33984375 0.53359375 0.296875 0.471875
3 0.303125 0.6328125 0.0484375 0.05234375
2 0.35859375 0.525 0.1453125 0.26484375
1 0.378125 0.753125 0.05703125 0.05546875
1 0.665625 0.45390625 0.32109375 0.0671875