2 0.1296875 0.83046875 0.12890625 0.090625
1 0.43515625 0.8046875 0.11953125 0.1765625
2 0.134375 0.7609375 0.11640625 0.08671875
1 0.24375 0.7078125 0.06015625 0.06796875
2 0.25625 0.78203125 0.08046875 0.12578125
2 0.32421875 0.7640625 0.103125 0.0953125
2 0.35 0.6765625 0.14453125 0.14765625
2 0.33359375 0.6171875 0.08828125 0.1125
2 0.825 0.24609375 0.32265625 0.2203125
2 0.63671875 0.8171875 0.14296875 0.26171875
4 0.6125 0.74140625 0.05390625 0.2046875
1 0.6484375 0.75390625 0.11015625 0.20390625
2 0.59765625 0.5546875 0.14375 0.2328125
2 0.5640625 0.3875 0.18671875 0.28046875
1 0.8515625 0.35078125 0.06484375 0.0640625
2 0.953125 0.73125 0.09375 0.178125
2 0.94375 0.840625 0.11171875 0.31796875
6 0.78046875 0.9125 0.15859375 0.17421875
2 0.2046875 0.44375 0.065625 0.075
2 0.43671875 0.61484375 0.2375 0.24375
2 0.3375 0.471875 0.30234375 0.215625
2 0.2484375 0.4359375 0.10234375 0.09140625
2 0.34140625 0.43671875 0.165625 0.1328125
2 0.27890625 0.53046875 0.153125 0.1078125
2 0.2578125 0.63125 0.05078125 0.05546875
2 0.1375 0.746875 0.10546875 0.11171875
8 0.534375 0.7203125 0.09140625 0.15390625
4 0.48984375 0.8140625 0.159375 0.37109375