10 0.91484375 0.23828125 0.16953125 0.4765625
8 0.75234375 0.68984375 0.20234375 0.17890625
8 0.6953125 0.3359375 0.40859375 0.63125
2 0.26640625 0.89296875 0.04765625 0.053125
8 0.91484375 0.47421875 0.1078125 0.0859375
8 0.9578125 0.528125 0.08359375 0.17265625
2 0.77109375 0.56875 0.075 0.140625
2 0.70859375 0.62109375 0.1015625 0.071875
8 0.68984375 0.57578125 0.065625 0.0625
6 0.778125 0.67890625 0.09140625 0.0921875
6 0.84453125 0.728125 0.05078125 0.09140625
8 0.85625 0.57421875 0.125 0.22265625
2 0.93203125 0.69375 0.1359375 0.3703125
2 0.86953125 0.55703125 0.0203125 0.04765625
2 0.88515625 0.559375 0.04609375 0.11171875
8 0.734375 0.55078125 0.05 0.07578125
8 0.41953125 0.3046875 0.2890625 0.32421875
6 0.3203125 0.32421875 0.02265625 0.034375
8 0.309375 0.61875 0.36484375 0.59609375
2 0.22890625 0.2453125 0.0984375 0.15234375
8 0.92734375 0.91796875 0.1453125 0.16328125
8 0.7671875 0.52265625 0.028125 0.05078125