1 0.73828125 0.70859375 0.15625 0.0609375
8 0.20390625 0.03359375 0.065625 0.06640625
8 0.02265625 0.01953125 0.0453125 0.0390625
7 0.09375 0.0609375 0.1875 0.121875
7 0.21015625 0.27578125 0.09296875 0.04921875
2 0.225 0.165625 0.20859375 0.2265625
8 0.35859375 0.30390625 0.24140625 0.075
8 0.09765625 0.21796875 0.1953125 0.3046875
8 0.5484375 0.44140625 0.0921875 0.04453125
8 0.70234375 0.42734375 0.53046875 0.3140625
2 0.5359375 0.2640625 0.5515625 0.1546875
8 0.4390625 0.140625 0.2 0.06953125
8 0.26171875 0.4734375 0.5234375 0.38671875
6 0.4734375 0.1890625 0.315625 0.1015625
2 0.5890625 0.57734375 0.25390625 0.22734375