8 0.6109375 0.19453125 0.08359375 0.03125
8 0.50390625 0.13046875 0.14296875 0.10546875
8 0.44765625 0.19140625 0.22890625 0.09765625
2 0.76484375 0.27265625 0.06953125 0.034375
2 0.7734375 0.2515625 0.09375 0.03359375
7 0.65859375 0.2921875 0.1890625 0.20234375
7 0.534375 0.31171875 0.19609375 0.246875
3 0.71328125 0.6109375 0.07890625 0.046875
3 0.73359375 0.65859375 0.0953125 0.0625
8 0.22109375 0.9421875 0.1984375 0.103125
8 0.4125 0.79609375 0.52421875 0.4078125
2 0.625 0.68046875 0.128125 0.1015625
2 0.6796875 0.7375 0.190625 0.15234375
1 0.30859375 0.575 0.10703125 0.04765625
1 0.225 0.5703125 0.0625 0.03984375
2 0.3078125 0.43515625 0.11875 0.20859375
6 0.29609375 0.3921875 0.0703125 0.04140625
1 0.3875 0.459375 0.0578125 0.046875
7 0.4109375 0.34296875 0.21875 0.24140625
1 0.88125 0.2625 0.0515625 0.02421875
8 0.3671875 0.15078125 0.15546875 0.16171875
1 0.27734375 0.35390625 0.02421875 0.071875
3 0.740625 0.6109375 0.015625 0.046875
3 0.746875 0.61015625 0.015625 0.046875
1 0.521875 0.24140625 0.43125 0.09609375
1 0.54765625 0.31875 0.41484375 0.12265625