7 0.8703125 0.06328125 0.065625 0.1265625
8 0.29921875 0.55703125 0.10703125 0.215625
8 0.39921875 0.38671875 0.2234375 0.465625
8 0.2109375 0.6875 0.24765625 0.365625
2 0.9125 0.546875 0.17421875 0.30390625
2 0.7578125 0.378125 0.42734375 0.5015625
2 0.77734375 0.209375 0.2 0.1515625
7 0.79375 0.28984375 0.19375 0.228125
7 0.7203125 0.13671875 0.07421875 0.12109375
2 0.80625 0.37734375 0.0140625 0.09765625
7 0.64375 0.11875 0.12890625 0.2359375
2 0.69296875 0.30078125 0.22265625 0.11875
2 0.63203125 0.2453125 0.10546875 0.10546875
8 0.56796875 0.44609375 0.17109375 0.2859375
7 0.975 0.63671875 0.05 0.17734375
7 0.90390625 0.58203125 0.1890625 0.24296875
1 0.84609375 0.734375 0.1796875 0.13984375
7 0.91484375 0.3578125 0.16953125 0.21953125
8 0.43984375 0.66796875 0.2078125 0.3421875
8 0.665625 0.653125 0.259375 0.484375
2 0.5109375 0.7921875 0.2234375 0.41484375
2 0.2046875 0.375 0.40859375 0.45
1 0.7765625 0.55703125 0.29453125 0.50625
10 0.67578125 0.43359375 0.08046875 0.04609375
1 0.840625 0.1953125 0.07265625 0.06171875
1 0.12890625 0.31015625 0.1234375 0.20390625