2 0.39609375 0.84140625 0.04453125 0.05703125
8 0.38984375 0.28671875 0.07578125 0.178125
2 0.25859375 0.2859375 0.3484375 0.55
8 0.4859375 0.2796875 0.13046875 0.32109375
8 0.78671875 0.521875 0.31953125 0.3578125
8 0.71015625 0.38203125 0.046875 0.07109375
8 0.67578125 0.40625 0.0296875 0.053125
8 0.60078125 0.56171875 0.328125 0.5171875
8 0.52890625 0.4203125 0.1296875 0.1421875
8 0.59609375 0.5 0.1078125 0.08515625
8 0.434375 0.69765625 0.1796875 0.3984375
8 0.6171875 0.715625 0.23359375 0.49453125
2 0.54375 0.57578125 0.034375 0.04375
6 0.19296875 0.0515625 0.07890625 0.06484375