8 0.4484375 0.121875 0.1484375 0.17578125
1 0.58203125 0.09921875 0.046875 0.04140625
8 0.5515625 0.1125 0.06875 0.0453125
6 0.30703125 0.7515625 0.071875 0.04609375
8 0.68359375 0.2046875 0.225 0.3046875
8 0.553125 0.24140625 0.0640625 0.0734375
8 0.4671875 0.14609375 0.23671875 0.1984375
8 0.47578125 0.2296875 0.16640625 0.06875
8 0.4484375 0.3125 0.4328125 0.1890625
8 0.53984375 0.48671875 0.2328125 0.21328125
8 0.30859375 0.4328125 0.2734375 0.35234375
8 0.5953125 0.36015625 0.07265625 0.0984375
8 0.73203125 0.4796875 0.3171875 0.3328125
8 0.578125 0.71875 0.54765625 0.30390625
10 0.62578125 0.1015625 0.05546875 0.03671875