10 0.5203125 0.67578125 0.121875 0.08359375
8 0.7609375 0.33203125 0.4765625 0.321875
8 0.290625 0.26640625 0.58125 0.37890625
3 0.38671875 0.190625 0.1046875 0.06171875
2 0.165625 0.434375 0.33125 0.15
2 0.06875 0.37109375 0.13671875 0.07890625
2 0.07265625 0.3890625 0.1453125 0.05546875
2 0.16484375 0.36171875 0.06875 0.0703125
8 0.29921875 0.61953125 0.58828125 0.41328125
8 0.83671875 0.4046875 0.096875 0.05859375
8 0.76328125 0.5609375 0.40234375 0.44765625
8 0.73203125 0.41796875 0.0890625 0.03671875
2 0.70703125 0.203125 0.09140625 0.02890625