1 0.91796875 0.39296875 0.16328125 0.26484375
2 0.6625 0.7453125 0.15234375 0.0875
2 0.54296875 0.77421875 0.2 0.09609375
2 0.69609375 0.6515625 0.35390625 0.1796875
2 0.69140625 0.628125 0.10234375 0.09296875
2 0.78359375 0.45078125 0.34453125 0.28046875
2 0.6875 0.47890625 0.23203125 0.20703125
2 0.64765625 0.4328125 0.2140625 0.178125
6 0.61171875 0.475 0.059375 0.0328125
2 0.67421875 0.60234375 0.04453125 0.03515625
2 0.640625 0.61640625 0.0515625 0.0546875
2 0.36640625 0.71171875 0.5625 0.490625
6 0.3125 0.5546875 0.38125 0.1859375
2 0.38046875 0.38046875 0.50390625 0.309375
6 0.325 0.35 0.415625 0.3328125
8 0.10703125 0.528125 0.03828125 0.02890625