1 0.35390625 0.98046875 0.096875 0.0390625
8 0.59140625 0.628125 0.38359375 0.390625
8 0.73359375 0.75703125 0.35 0.48046875
1 0.5109375 0.525 0.07265625 0.05390625
2 0.675 0.48125 0.0734375 0.03125
4 0.61328125 0.515625 0.08515625 0.0765625
8 0.45703125 0.37109375 0.628125 0.2765625
8 0.8484375 0.61640625 0.0359375 0.06953125
8 0.6765625 0.5203125 0.0703125 0.06328125
2 0.7703125 0.60234375 0.17734375 0.10078125
8 0.83828125 0.6265625 0.034375 0.03515625
6 0.47265625 0.38828125 0.10234375 0.23984375
6 0.409375 0.42890625 0.1078125 0.13125