8 0.3625 0.26875 0.19296875 0.3828125
8 0.3109375 0.08125 0.04921875 0.01796875
8 0.37109375 0.09609375 0.03671875 0.01640625
8 0.2125 0.46484375 0.3296875 0.55625
1 0.41171875 0.6046875 0.0890625 0.17578125
2 0.52578125 0.54765625 0.14296875 0.2265625
2 0.55234375 0.68046875 0.06640625 0.04609375
2 0.5140625 0.62421875 0.10625 0.09453125
2 0.5375 0.60703125 0.1078125 0.0609375
2 0.52890625 0.61015625 0.0734375 0.0703125
2 0.778125 0.7046875 0.2734375 0.378125
1 0.7390625 0.6203125 0.19375 0.08515625
1 0.89140625 0.675 0.04609375 0.05859375