7 0.49765625 0.246875 0.12421875 0.0734375
8 0.909375 0.51796875 0.1046875 0.17109375
7 0.7859375 0.59921875 0.1921875 0.1765625
7 0.80078125 0.55078125 0.07578125 0.06484375
2 0.43125 0.46171875 0.2421875 0.42109375
2 0.78125 0.4546875 0.109375 0.0921875
8 0.8234375 0.3609375 0.14453125 0.1875
2 0.653125 0.31953125 0.2734375 0.396875
2 0.63984375 0.34453125 0.2203125 0.33671875
2 0.61640625 0.51484375 0.1703125 0.103125
8 0.63359375 0.584375 0.13359375 0.1734375
2 0.509375 0.76875 0.21796875 0.3890625
8 0.22734375 0.43671875 0.31484375 0.71875
2 0.4765625 0.58046875 0.18515625 0.32578125
2 0.41015625 0.6984375 0.05703125 0.01796875
2 0.39765625 0.6140625 0.03828125 0.15234375
2 0.4 0.659375 0.0140625 0.0671875
2 0.39921875 0.67265625 0.0078125 0.04296875
7 0.04375 0.153125 0.08671875 0.04296875
7 0.08359375 0.41015625 0.1671875 0.4890625
7 0.0625 0.65546875 0.125 0.24609375
8 0.0171875 0.8671875 0.03359375 0.23984375
8 0.1484375 0.790625 0.296875 0.41875
8 0.1484375 0.88671875 0.2015625 0.13203125
8 0.1296875 0.9125 0.16328125 0.0828125
8 0.21328125 0.72890625 0.0140625 0.0359375
8 0.234375 0.8109375 0.05625 0.14921875
8 0.215625 0.78984375 0.0171875 0.04921875
6 0.73515625 0.50234375 0.04296875 0.0328125
8 0.14453125 0.75546875 0.17421875 0.21640625
8 0.73828125 0.50703125 0.0375 0.02265625
6 0.8078125 0.49921875 0.10390625 0.08828125
8 0.7484375 0.5484375 0.08984375 0.06953125
6 0.9078125 0.11875 0.03671875 0.15859375
2 0.47265625 0.5453125 0.15 0.31953125
2 0.546875 0.55859375 0.03359375 0.09296875
8 0.83515625 0.55390625 0.0578125 0.02734375
8 0.828125 0.515625 0.0421875 0.0546875