6 0.65 0.42890625 0.05625 0.04296875
7 0.890625 0.36640625 0.21796875 0.16640625
8 0.73984375 0.4703125 0.25078125 0.1578125
8 0.934375 0.57109375 0.13125 0.1953125
8 0.90546875 0.46015625 0.18828125 0.0921875
8 0.16796875 0.7484375 0.20546875 0.11484375
6 0.80546875 0.9578125 0.0609375 0.084375
8 0.89375 0.92109375 0.20703125 0.1578125
8 0.86171875 0.78125 0.27578125 0.26953125
8 0.95078125 0.83828125 0.09765625 0.0359375
8 0.63359375 0.68359375 0.1953125 0.08125
8 0.40859375 0.828125 0.8171875 0.34375
7 0.40390625 0.5640625 0.3296875 0.28984375