2 0.02890625 0.4921875 0.0578125 0.35625
2 0.915625 0.5734375 0.16875 0.51875
2 0.953125 0.4125 0.0921875 0.209375
2 0.97109375 0.40625 0.05703125 0.096875
2 0.9203125 0.40703125 0.1171875 0.17890625
2 0.9140625 0.446875 0.06875 0.13125
2 0.91015625 0.47421875 0.04375 0.1171875
2 0.06953125 0.4953125 0.0984375 0.3125
2 0.23125 0.47890625 0.4625 0.5625
2 0.25234375 0.19609375 0.0703125 0.090625
2 0.17109375 0.2734375 0.1359375 0.190625
2 0.33671875 0.265625 0.2296875 0.2140625
2 0.2515625 0.32578125 0.20234375 0.09140625
2 0.65859375 0.48828125 0.52109375 0.675
2 0.66953125 0.3375 0.01484375 0.0421875
2 0.6859375 0.3609375 0.05703125 0.04296875
2 0.571875 0.24609375 0.22734375 0.26953125
8 0.55625 0.21640625 0.1015625 0.05546875