2 0.5 0.5 1 1
2 0.1828125 0.78515625 0.15703125 0.13046875
2 0.5703125 0.35 0.740625 0.221875
2 0.634375 0.428125 0.11015625 0.24296875
2 0.8578125 0.62421875 0.06875 0.5859375
2 0.7375 0.63671875 0.11171875 0.25234375
2 0.5921875 0.728125 0.2015625 0.11875
5 0.609375 0.61953125 0.28125 0.18046875
2 0.8078125 0.79765625 0.07890625 0.12578125
5 0.5140625 0.45625 0.25 0.20390625
2 0.190625 0.61171875 0.12265625 0.234375
2 0.2421875 0.3953125 0.0921875 0.23125
5 0.35390625 0.57890625 0.2546875 0.5640625
5 0.665625 0.8125 0.240625 0.1875