2 0.353125 0.021875 0.24921875 0.04375
2 0.53984375 0.04609375 0.2578125 0.0921875
2 0.53984375 0.125 0.23828125 0.13359375
2 0.23203125 0.2328125 0.25703125 0.10078125
2 0.0890625 0.4484375 0.178125 0.0859375
2 0.11328125 0.359375 0.2265625 0.109375
2 0.12421875 0.28828125 0.2484375 0.05703125
2 0.26875 0.46875 0.2453125 0.1109375
2 0.2890625 0.35703125 0.20859375 0.17734375
2 0.37421875 0.2015625 0.1921875 0.1546875
2 0.53671875 0.22109375 0.2375 0.17265625
2 0.75859375 0.6328125 0.1515625 0.19609375
2 0.6421875 0.4328125 0.6984375 0.41015625
2 0.6734375 0.38125 0.33984375 0.20078125
2 0.69453125 0.2921875 0.2953125 0.07109375
2 0.803125 0.16015625 0.39375 0.3203125
2 0.91484375 0.3140625 0.16953125 0.18125
2 0.99375 0.328125 0.0125 0.1125
2 0.8859375 0.746875 0.228125 0.24375
2 0.89921875 0.58359375 0.20078125 0.2109375
2 0.4515625 0.740625 0.52890625 0.471875
2 0.48515625 0.70859375 0.29765625 0.16015625
2 0.33671875 0.1265625 0.1734375 0.1140625
2 0.26953125 0.03671875 0.1296875 0.07265625