2 0.57265625 0.60078125 0.02734375 0.03359375
8 0.6203125 0.8859375 0.1671875 0.228125
2 0.33515625 0.71953125 0.04765625 0.3046875
7 0.23515625 0.86640625 0.21875 0.2671875
7 0.21328125 0.71328125 0.228125 0.31328125
8 0.471875 0.7046875 0.1921875 0.1734375
8 0.44609375 0.83203125 0.25234375 0.3359375
8 0.47890625 0.7546875 0.03359375 0.0390625
8 0.82734375 0.709375 0.2453125 0.34140625
8 0.89453125 0.91875 0.2109375 0.16171875
8 0.671875 0.9390625 0.2578125 0.1203125
8 0.84609375 0.584375 0.0546875 0.07265625
8 0.6921875 0.39453125 0.21953125 0.45390625
8 0.490625 0.49140625 0.2203125 0.38359375
8 0.55859375 0.175 0.309375 0.2796875
8 0.7171875 0.76953125 0.3671875 0.396875
1 0.82109375 0.60546875 0.04140625 0.053125