8 0.27734375 0.2703125 0.11953125 0.29921875
8 0.28984375 0.50390625 0.1390625 0.403125
1 0.59765625 0.64609375 0.01796875 0.0515625
2 0.5546875 0.81171875 0.04296875 0.07890625
2 0.58203125 0.73359375 0.03203125 0.059375
2 0.603125 0.70703125 0.03125 0.0703125
2 0.646875 0.584375 0.0453125 0.04609375
8 0.6328125 0.446875 0.121875 0.253125
8 0.72421875 0.409375 0.1375 0.2015625
2 0.5890625 0.2359375 0.06640625 0.19609375
8 0.675 0.2296875 0.1171875 0.21953125
6 0.64140625 0.2015625 0.0359375 0.03203125
6 0.64921875 0.24453125 0.05390625 0.08125
6 0.69375 0.2484375 0.0234375 0.034375
6 0.690625 0.196875 0.03203125 0.0734375
8 0.6890625 0.22265625 0.03828125 0.04140625
2 0.4484375 0.71875 0.31171875 0.32578125
2 0.38359375 0.71640625 0.12734375 0.13125
2 0.50390625 0.69921875 0.053125 0.05546875
2 0.4890625 0.7296875 0.06484375 0.0875
2 0.528125 0.6265625 0.08671875 0.13671875
2 0.37578125 0.60703125 0.22578125 0.2625
2 0.44921875 0.58828125 0.225 0.19453125
2 0.47265625 0.3921875 0.2703125 0.33515625
6 0.52890625 0.76015625 0.05 0.15078125
1 0.67421875 0.26640625 0.0515625 0.06875
2 0.47734375 0.55703125 0.13046875 0.0703125