8 0.60703125 0.26484375 0.05625 0.034375
8 0.6203125 0.33828125 0.240625 0.14140625
6 0.73984375 0.42265625 0.03125 0.04609375
3 0.7640625 0.44140625 0.04921875 0.0328125
8 0.85078125 0.4765625 0.2984375 0.16171875
8 0.30078125 0.453125 0.30390625 0.35625
8 0.5859375 0.43359375 0.3140625 0.30546875
8 0.85390625 0.63515625 0.29140625 0.44609375
8 0.9828125 0.71953125 0.034375 0.1625
8 0.29453125 0.6421875 0.34921875 0.37890625
8 0.5796875 0.6890625 0.3703125 0.44609375
2 0.715625 0.28203125 0.08125 0.03359375
1 0.63984375 0.37734375 0.03828125 0.0375
6 0.584375 0.3703125 0.05625 0.0515625
8 0.3578125 0.3625 0.0765625 0.04453125
1 0.8375 0.696875 0.02734375 0.0875