1 0.40234375 0.57421875 0.0671875 0.03359375
1 0.61171875 0.53359375 0.05859375 0.04765625
1 0.58125 0.60234375 0.184375 0.06875
4 0.6296875 0.58203125 0.11796875 0.06328125
6 0.48828125 0.640625 0.20546875 0.0828125
6 0.49921875 0.5875 0.053125 0.034375
1 0.6671875 0.43359375 0.1203125 0.0828125
1 0.71328125 0.47734375 0.14609375 0.0078125
1 0.62109375 0.36796875 0.13671875 0.1296875
2 0.44296875 0.45625 0.0828125 0.06328125
2 0.44609375 0.54453125 0.08984375 0.05859375
2 0.5 0.5234375 0.12734375 0.10625
2 0.57734375 0.471875 0.1359375 0.0921875
6 0.49140625 0.46640625 0.04453125 0.0609375
5 0.28359375 0.4875 0.1140625 0.05234375
3 0.0578125 0.56171875 0.09453125 0.11015625
3 0.2890625 0.64296875 0.0515625 0.05390625
2 0.22265625 0.57109375 0.29375 0.25625
1 0.396875 0.46640625 0.2203125 0.07421875
6 0.2484375 0.3953125 0.30859375 0.10546875
6 0.27734375 0.584375 0.11015625 0.078125
2 0.14375 0.47265625 0.28671875 0.275
3 0.328125 0.64765625 0.071875 0.0625
1 0.27890625 0.68984375 0.08203125 0.0453125
1 0.14765625 0.65546875 0.0578125 0.06875
1 0.36171875 0.6640625 0.05859375 0.07109375
1 0.4625 0.178125 0.09296875 0.0734375
3 0.50546875 0.20546875 0.17890625 0.1328125