2 0.53203125 0.07421875 0.06015625 0.1484375
2 0.87734375 0.24375 0.07734375 0.03359375
2 0.9140625 0.17734375 0.17109375 0.10546875
6 0.70546875 0.56171875 0.2375 0.1625
2 0.88359375 0.06640625 0.2328125 0.1328125
2 0.725 0.01796875 0.0859375 0.01484375
2 0.73046875 0.0078125 0.1046875 0.015625
2 0.66875 0.3171875 0.4296875 0.340625
2 0.68984375 0.1578125 0.50078125 0.315625
2 0.69375 0.11015625 0.340625 0.09765625
2 0.66171875 0.04921875 0.20078125 0.02734375
8 0.92421875 0.87421875 0.09375 0.08671875
2 0.89609375 0.6921875 0.09921875 0.109375
2 0.25546875 0.6515625 0.51015625 0.35625
8 0.65546875 0.7515625 0.50625 0.38203125
6 0.64296875 0.7375 0.1265625 0.15234375
1 0.6265625 0.74921875 0.059375 0.12734375
4 0.62109375 0.76484375 0.10625 0.08984375
8 0.959375 0.89296875 0.0796875 0.08515625
2 0.2921875 0.34375 0.20390625 0.0984375
2 0.68515625 0.10859375 0.28125 0.1125
2 0.61796875 0.33203125 0.03515625 0.028125
2 0.6671875 0.3421875 0.10859375 0.04609375
2 0.77421875 0.36171875 0.1234375 0.0234375
2 0.7875 0.34765625 0.059375 0.040625
2 0.74375 0.34140625 0.0484375 0.03125
2 0.58046875 0.34375 0.04765625 0.0328125
2 0.82421875 0.33671875 0.05234375 0.03671875
2 0.58984375 0.3234375 0.0671875 0.01796875
2 0.7328125 0.33046875 0.04765625 0.01484375
8 0.53671875 0.32265625 0.04453125 0.0546875