8 0.4765625 0.4421875 0.5234375 0.509375
1 0.515625 0.23125 0.0921875 0.01875
8 0.73671875 0.32421875 0.1765625 0.21015625
1 0.396875 0.27578125 0.109375 0.12421875
8 0.5234375 0.00625 0.11484375 0.0125
1 0.48046875 0.04921875 0.24609375 0.0984375
6 0.03203125 0.97890625 0.0640625 0.0421875
1 0.04921875 0.9234375 0.08671875 0.09765625
6 0.44453125 0.4546875 0.1359375 0.09609375
1 0.5375 0.409375 0.04921875 0.06171875
6 0.61328125 0.3234375 0.171875 0.1296875
2 0.65703125 0.30546875 0.0734375 0.08828125
1 0.47421875 0.36171875 0.0921875 0.1015625
6 0.44375 0.36484375 0.2078125 0.10703125
2 0.4375 0.3640625 0.06875 0.08671875
6 0.48125 0.29609375 0.11171875 0.065625
10 0.36171875 0.93359375 0.1703125 0.13203125