8 0.746875 0.38671875 0.109375 0.1140625
8 0.853125 0.46484375 0.171875 0.1171875
8 0.6546875 0.3703125 0.15390625 0.11875
8 0.55703125 0.140625 0.1078125 0.06484375
8 0.61171875 0.2375 0.13984375 0.175
8 0.5828125 0.2703125 0.1140625 0.11484375
8 0.2171875 0.17109375 0.040625 0.05546875
8 0.115625 0.20859375 0.18359375 0.0890625
7 0.353125 0.1296875 0.23125 0.0859375
7 0.1484375 0.1234375 0.2125 0.1171875
8 0.1640625 0.0328125 0.05 0.065625
2 0.04609375 0.15234375 0.09140625 0.0859375
8 0.09140625 0.0578125 0.1828125 0.115625
2 0.34609375 0.08671875 0.0796875 0.0328125
8 0.26875 0.05546875 0.196875 0.1109375
2 0.0328125 0.21015625 0.065625 0.03203125
8 0.45859375 0.203125 0.22890625 0.121875
7 0.2796875 0.18046875 0.14375 0.09140625
2 0.26328125 0.225 0.19140625 0.05703125
8 0.1359375 0.29765625 0.16796875 0.14140625
8 0.44765625 0.2421875 0.19140625 0.15234375
2 0.278125 0.33203125 0.18671875 0.1234375
2 0.27265625 0.3015625 0.1546875 0.0390625
2 0.259375 0.2984375 0.09921875 0.01015625
1 0.2609375 0.271875 0.20078125 0.06015625
2 0.26875 0.24140625 0.153125 0.02890625
2 0.26015625 0.2453125 0.1921875 0.04140625
8 0.02578125 0.24453125 0.0515625 0.0609375
2 0.08046875 0.31171875 0.1609375 0.1328125
8 0.03671875 0.2953125 0.0734375 0.03359375
2 0.03125 0.32109375 0.0625 0.075
2 0.03046875 0.36328125 0.06015625 0.040625
2 0.10859375 0.4125 0.2171875 0.0953125
8 0.3296875 0.4421875 0.340625 0.35
8 0.53203125 0.3578125 0.12578125 0.109375
8 0.78671875 0.49375 0.14609375 0.13203125
8 0.365625 0.5140625 0.2578125 0.32421875
6 0.31640625 0.3875 0.05859375 0.021875
6 0.33203125 0.428125 0.11328125 0.0625
8 0.6984375 0.50078125 0.28203125 0.26015625
6 0.49453125 0.44296875 0.13828125 0.11796875
8 0.5953125 0.56328125 0.384375 0.30078125
6 0.38828125 0.38671875 0.128125 0.059375
6 0.52109375 0.50390625 0.05078125 0.05234375
6 0.55625 0.45859375 0.05390625 0.02265625