2 0.5 0.5 1 1
8 0.65078125 0.0734375 0.625 0.146875
8 0.540625 0.1625 0.83671875 0.325
2 0.4828125 0.275 0.74609375 0.175
2 0.4875 0.34296875 0.7546875 0.2375
2 0.49375 0.52421875 0.525 0.278125
2 0.4 0.5484375 0.3796875 0.24921875
1 0.58515625 0.55625 0.30625 0.30546875
8 0.32734375 0.7796875 0.25859375 0.1140625
8 0.6296875 0.809375 0.36953125 0.29140625
8 0.34296875 0.7125 0.41484375 0.2984375
8 0.40703125 0.528125 0.5625 0.33046875
8 0.29453125 0.88671875 0.3359375 0.16953125
1 0.75390625 0.16015625 0.3109375 0.16015625