8 0.75 0.40859375 0.15234375 0.325
8 0.596875 0.3921875 0.246875 0.48671875
8 0.30390625 0.4453125 0.234375 0.2671875
8 0.43046875 0.4765625 0.21015625 0.29453125
6 0.2828125 0.5515625 0.05390625 0.04765625
6 0.5921875 0.621875 0.0734375 0.23203125
6 0.25625 0.6015625 0.03515625 0.05859375
8 0.24375 0.72890625 0.0609375 0.0515625
6 0.22109375 0.66875 0.03671875 0.07109375
1 0.43203125 0.77265625 0.4046875 0.43828125
6 0.66796875 0.8203125 0.0609375 0.24765625
1 0.3703125 0.33125 0.0328125 0.04453125
6 0.3921875 0.3546875 0.06484375 0.03671875
6 0.45625 0.315625 0.07421875 0.05234375