1 0.5 0.5 1 1
5 0.8703125 0.42578125 0.2078125 0.1796875
5 0.44921875 0.4765625 0.115625 0.11328125
5 0.74921875 0.665625 0.271875 0.1890625
5 0.4171875 0.9078125 0.134375 0.09765625
5 0.61484375 0.946875 0.6203125 0.10625
5 0.3421875 0.9140625 0.09453125 0.07578125
5 0.48828125 0.23046875 0.21015625 0.3609375
5 0.7015625 0.253125 0.25546875 0.3671875
5 0.40859375 0.54375 0.07578125 0.07734375
5 0.3140625 0.390625 0.225 0.61328125
4 0.40859375 0.590625 0.09765625 0.05625
5 0.18984375 0.546875 0.16640625 0.3234375
5 0.4890625 0.559375 0.12421875 0.12734375
5 0.92421875 0.66796875 0.15078125 0.52890625
5 0.94375 0.9328125 0.11171875 0.134375
5 0.5921875 0.753125 0.67109375 0.38203125
5 0.42421875 0.7390625 0.4484375 0.36484375
5 0.58203125 0.38203125 0.43984375 0.4609375