6 0.65078125 0.9828125 0.03828125 0.0328125
10 0.54375 0.8921875 0.17421875 0.04296875
1 0.5234375 0.93828125 0.2203125 0.12265625
8 0.8546875 0.6203125 0.0984375 0.2828125
8 0.92265625 0.59296875 0.1546875 0.40546875
1 0.15234375 0.8234375 0.3046875 0.1734375
6 0.01484375 0.790625 0.0296875 0.0703125
2 0.04375 0.684375 0.0875 0.14375
2 0.63671875 0.6484375 0.4953125 0.47578125
8 0.22890625 0.63125 0.4578125 0.45859375
2 0.7796875 0.4203125 0.17421875 0.11015625
2 0.60546875 0.34375 0.42890625 0.14921875
8 0.30078125 0.58046875 0.2671875 0.1609375