2 0.26953125 0.678125 0.365625 0.39375
2 0.1421875 0.57421875 0.1046875 0.12890625
2 0.12890625 0.4953125 0.03671875 0.040625
2 0.15 0.54921875 0.05546875 0.08203125
2 0.12890625 0.4640625 0.021875 0.05703125
2 0.14375 0.496875 0.03125 0.05546875
2 0.11015625 0.528125 0.065625 0.11875
2 0.1953125 0.38046875 0.1390625 0.1734375
2 0.1515625 0.42109375 0.0546875 0.09140625
2 0.65859375 0.5265625 0.39453125 0.28671875
2 0.2546875 0.37734375 0.046875 0.0953125
2 0.246875 0.3 0.06875 0.090625
2 0.325 0.34765625 0.13125 0.22421875
2 0.271875 0.48359375 0.2625 0.18984375
2 0.2890625 0.55078125 0.1921875 0.1265625
2 0.11171875 0.55 0.04765625 0.07578125
1 0.08515625 0.51484375 0.04453125 0.12421875
1 0.21015625 0.46875 0.065625 0.3515625
1 0.2984375 0.5265625 0.0921875 0.1265625
1 0.31015625 0.46015625 0.090625 0.07265625