2 0.64609375 0.03125 0.1828125 0.0625
2 0.95546875 0.04375 0.0890625 0.08671875
2 0.88671875 0.1640625 0.2265625 0.328125
7 0.8578125 0.11796875 0.11328125 0.10625
6 0.8328125 0.13359375 0.04921875 0.07109375
6 0.859375 0.3390625 0.146875 0.15
2 0.9484375 0.290625 0.096875 0.1046875
2 0.9609375 0.290625 0.07734375 0.09453125
2 0.98984375 0.2171875 0.01953125 0.05234375
2 0.9828125 0.27265625 0.034375 0.04375
2 0.9625 0.31796875 0.0734375 0.0578125
2 0.81953125 0.42890625 0.05078125 0.08203125
2 0.85625 0.4234375 0.11015625 0.16796875
2 0.93984375 0.38359375 0.11953125 0.09609375
2 0.90546875 0.46953125 0.1890625 0.12890625
2 0.934375 0.525 0.13125 0.13671875
2 0.503125 0.4296875 0.6421875 0.37578125
8 0.2484375 0.2859375 0.11875 0.065625
2 0.69375 0.31796875 0.10546875 0.03125
8 0.7328125 0.28828125 0.22578125 0.06953125
8 0.54140625 0.1515625 0.67734375 0.30234375
2 0.52578125 0.27109375 0.45625 0.14453125
2 0.29296875 0.3953125 0.1890625 0.20703125
2 0.33046875 0.51875 0.0390625 0.03828125
3 0.26796875 0.45078125 0.11015625 0.1125
8 0.2640625 0.4921875 0.11953125 0.20390625
3 0.36015625 0.4921875 0.02109375 0.06484375
3 0.32734375 0.45703125 0.053125 0.12578125
3 0.35 0.45703125 0.02421875 0.12109375
0 0.6234375 0.40234375 0.05625 0.090625
8 0.61953125 0.515625 0.09765625 0.08515625
8 0.621875 0.50859375 0.05625 0.04765625
2 0.63359375 0.43359375 0.021875 0.021875
6 0.48984375 0.3796875 0.22734375 0.05
6 0.49375 0.46328125 0.28515625 0.18515625
7 0.49140625 0.48046875 0.165625 0.134375
6 0.4203125 0.5296875 0.04765625 0.0484375
6 0.45 0.4921875 0.196875 0.1484375
6 0.48515625 0.37109375 0.225 0.03671875
7 0.51953125 0.34140625 0.3125 0.0640625
8 0.8203125 0.63203125 0.309375 0.259375
6 0.92890625 0.67421875 0.14140625 0.1890625
4 0.8265625 0.65703125 0.1265625 0.07890625
6 0.928125 0.796875 0.1421875 0.12265625
6 0.77734375 0.7328125 0.23828125 0.13046875
4 0.82421875 0.74375 0.35 0.2390625
8 0.565625 0.51953125 0.16640625 0.1515625