8 0.5 0.5 1 1
0 0.03984375 0.48671875 0.07890625 0.2234375
2 0.69921875 0.634375 0.07734375 0.04140625
1 0.58828125 0.23515625 0.13828125 0.059375
8 0.54453125 0.25546875 0.11328125 0.08359375
2 0.42578125 0.53359375 0.70703125 0.50078125
1 0.3609375 0.2578125 0.3171875 0.140625
2 0.6609375 0.61015625 0.18046875 0.11015625
1 0.18125 0.2578125 0.03515625 0.0125
1 0.74453125 0.575 0.1984375 0.0703125
1 0.17421875 0.2703125 0.121875 0.0234375
1 0.04140625 0.57109375 0.075 0.12734375
8 0.18359375 0.32578125 0.2390625 0.10390625
3 0.73125 0.36796875 0.29921875 0.26875
1 0.74453125 0.50234375 0.30390625 0.20234375
1 0.50546875 0.390625 0.20078125 0.3953125