1 0.27421875 0.22421875 0.178125 0.18046875
1 0.26328125 0.0796875 0.2515625 0.159375
7 0.39375 0.2671875 0.1484375 0.18046875
7 0.53359375 0.27265625 0.03828125 0.09140625
7 0.46875 0.27578125 0.15234375 0.12734375
7 0.7046875 0.3984375 0.1953125 0.2953125
7 0.63828125 0.47109375 0.2046875 0.3109375
7 0.525 0.50078125 0.26328125 0.40625
7 0.3796875 0.57890625 0.3515625 0.4609375
7 0.28828125 0.6890625 0.2546875 0.5171875
1 0.49140625 0.51953125 0.503125 0.5640625
1 0.1359375 0.77109375 0.271875 0.45625
1 0.175 0.7 0.0484375 0.01640625
1 0.10078125 0.575 0.0359375 0.021875