2 0.6328125 0.3640625 0.04921875 0.0296875
2 0.71953125 0.3875 0.2515625 0.04765625
2 0.75078125 0.3109375 0.190625 0.12734375
8 0.090625 0.65546875 0.125 0.1328125
8 0.06875 0.4921875 0.134375 0.09375
8 0.11015625 0.43359375 0.040625 0.0265625
2 0.19296875 0.34453125 0.2609375 0.15234375
8 0.4765625 0.459375 0.134375 0.1
8 0.403125 0.55390625 0.0328125 0.0390625
8 0.5109375 0.59453125 0.1921875 0.28125
8 0.56328125 0.7734375 0.18046875 0.20078125
2 0.33984375 0.45078125 0.1421875 0.07265625
8 0.334375 0.5125 0.171875 0.109375
8 0.36015625 0.6046875 0.1625 0.103125
8 0.42578125 0.7015625 0.11875 0.1421875
8 0.43984375 0.809375 0.1015625 0.12578125
8 0.3203125 0.8171875 0.17578125 0.17265625
8 0.321875 0.6671875 0.1671875 0.17578125