2 0.57265625 0.27890625 0.1 0.15078125
2 0.58828125 0.340625 0.190625 0.19609375
2 0.5984375 0.371875 0.23046875 0.209375
2 0.64375 0.33671875 0.1046875 0.084375
2 0.4828125 0.27421875 0.09609375 0.240625
8 0.0578125 0.28671875 0.11484375 0.1953125
8 0.04921875 0.4609375 0.09765625 0.3640625
8 0.378125 0.44375 0.246875 0.24140625
8 0.65 0.4703125 0.30390625 0.2265625
8 0.55546875 0.64140625 0.3015625 0.3515625
8 0.203125 0.5390625 0.38203125 0.32578125
8 0.29765625 0.7421875 0.5109375 0.4625
2 0.24609375 0.81796875 0.35390625 0.27265625