7 0.87109375 0.503125 0.1609375 0.2265625
7 0.8234375 0.503125 0.1953125 0.16171875
7 0.77421875 0.4390625 0.2578125 0.2515625
7 0.7515625 0.33515625 0.20625 0.27578125
1 0.7796875 0.24375 0.2375 0.2328125
2 0.409375 0.3421875 0.07421875 0.05625
2 0.44765625 0.309375 0.04453125 0.06484375
2 0.48125 0.325 0.04140625 0.0609375
1 0.5328125 0.27265625 0.0390625 0.034375
1 0.5171875 0.29296875 0.03046875 0.040625
2 0.44453125 0.2421875 0.06328125 0.04765625
2 0.28984375 0.41484375 0.178125 0.1484375
8 0.50078125 0.43046875 0.1609375 0.2265625
6 0.56015625 0.353125 0.075 0.04609375
6 0.5609375 0.4265625 0.19453125 0.14140625
2 0.4484375 0.52109375 0.1640625 0.08828125
2 0.49140625 0.51953125 0.04609375 0.0484375
1 0.4953125 0.5171875 0.04140625 0.053125
1 0.30703125 0.42265625 0.0453125 0.0296875
1 0.315625 0.4265625 0.040625 0.03671875
2 0.13671875 0.659375 0.04765625 0.0828125
8 0.32578125 0.6125 0.36171875 0.43046875
8 0.659375 0.63828125 0.24453125 0.384375
1 0.978125 0.4765625 0.04296875 0.0703125
1 0.19140625 0.359375 0.0671875 0.06796875
1 0.92421875 0.73046875 0.06953125 0.06328125
2 0.41875 0.11796875 0.03125 0.040625
1 0.37421875 0.85703125 0.04296875 0.07890625
6 0.2 0.790625 0.059375 0.0859375
6 0.61171875 0.36328125 0.02890625 0.0390625