7 0.94921875 0.47109375 0.1015625 0.2671875
1 0.83359375 0.1890625 0.2578125 0.2421875
8 0.78203125 0.5015625 0.259375 0.40703125
8 0.546875 0.47578125 0.325 0.4796875
8 0.43984375 0.625 0.05390625 0.08515625
8 0.5796875 0.32890625 0.07734375 0.071875
8 0.4 0.68125 0.0359375 0.0390625
8 0.421875 0.6234375 0.084375 0.0953125
8 0.41015625 0.50390625 0.04765625 0.196875
8 0.55625 0.2875 0.0453125 0.03671875
8 0.446875 0.52578125 0.0359375 0.0375
8 0.4546875 0.35859375 0.06796875 0.06796875
8 0.5234375 0.321875 0.084375 0.0609375
8 0.66171875 0.33515625 0.02734375 0.10390625
8 0.62734375 0.42734375 0.0890625 0.12578125
8 0.52265625 0.44375 0.19296875 0.209375
8 0.44375 0.43515625 0.0640625 0.15234375
8 0.58125 0.3140625 0.0390625 0.1171875
2 0.10859375 0.47890625 0.09453125 0.12578125
8 0.27578125 0.396875 0.31171875 0.5765625
2 0.24609375 0.746875 0.10625 0.1671875
2 0.13046875 0.81875 0.228125 0.296875
2 0.34296875 0.80859375 0.10625 0.13671875
7 0.9859375 0.33515625 0.028125 0.2546875
1 0.85546875 0.9328125 0.159375 0.13359375
2 0.74453125 0.84296875 0.209375 0.184375
2 0.73984375 0.84296875 0.12734375 0.14375
2 0.73359375 0.84609375 0.13671875 0.08984375
1 0.578125 0.93671875 0.125 0.121875
8 0.63125 0.78359375 0.20859375 0.228125
2 0.50234375 0.73125 0.10703125 0.18359375
2 0.49609375 0.83828125 0.14765625 0.16796875
2 0.11640625 0.83828125 0.11953125 0.17421875
1 0.34140625 0.17890625 0.0328125 0.04375