6 0.58984375 0.0140625 0.05390625 0.028125
2 0.75625 0.034375 0.30234375 0.06796875
2 0.86875 0.16015625 0.078125 0.0359375
2 0.7078125 0.1171875 0.3734375 0.16484375
2 0.0390625 0.0171875 0.078125 0.034375
2 0.29921875 0.015625 0.03515625 0.03046875
2 0.078125 0.14453125 0.0796875 0.03203125
2 0.184375 0.06484375 0.215625 0.1296875
2 0.415625 0.05 0.20625 0.1
2 0.2890625 0.10859375 0.371875 0.10390625
2 0.05390625 0.34609375 0.1078125 0.3828125
2 0.29140625 0.85625 0.5828125 0.28671875
2 0.815625 0.28828125 0.32578125 0.290625
2 0.85078125 0.44453125 0.2984375 0.37265625
2 0.790625 0.60234375 0.36953125 0.41640625
2 0.0109375 0.64921875 0.021875 0.0515625
2 0.340625 0.40390625 0.67734375 0.62734375
1 0.30234375 0.4046875 0.48046875 0.08125