4 0.61171875 0.50234375 0.07578125 0.109375
8 0.721875 0.4390625 0.146875 0.046875
8 0.71171875 0.49140625 0.2171875 0.11796875
8 0.73046875 0.7015625 0.4734375 0.35625
6 0.75390625 0.76171875 0.05078125 0.04140625
6 0.79765625 0.78359375 0.0390625 0.04609375
8 0.48203125 0.5015625 0.165625 0.14921875
2 0.28046875 0.52421875 0.33359375 0.21953125
8 0.3328125 0.6859375 0.4265625 0.2578125
1 0.20078125 0.584375 0.08046875 0.1
2 0.24609375 0.45546875 0.31171875 0.18671875
6 0.73515625 0.7734375 0.10078125 0.09140625
6 0.74921875 0.69140625 0.12734375 0.1375
4 0.659375 0.4765625 0.046875 0.02265625
4 0.7703125 0.4734375 0.04296875 0.01796875