10 0.2765625 0.9796875 0.20703125 0.0390625
10 0.78359375 0.73671875 0.23203125 0.52578125
10 0.3328125 0.934375 0.3140625 0.13046875
10 0.3265625 0.8828125 0.290625 0.07890625
10 0.32734375 0.803125 0.28828125 0.20390625
10 0.34296875 0.6625 0.2953125 0.17265625
10 0.77578125 0.2546875 0.275 0.509375
10 0.65078125 0.73125 0.13828125 0.53671875
10 0.33671875 0.60859375 0.26640625 0.1453125
10 0.35546875 0.521875 0.29375 0.1484375
10 0.37265625 0.2921875 0.303125 0.18671875
10 0.38203125 0.0546875 0.30703125 0.109375
10 0.37265625 0.13203125 0.29375 0.2640625
10 0.37265625 0.41015625 0.31796875 0.18984375
10 0.53984375 0.7484375 0.1625 0.503125
10 0.5921875 0.24609375 0.18203125 0.4921875