6 0.19765625 0.4015625 0.06640625 0.075
0 0.1546875 0.8296875 0.12265625 0.109375
8 0.98984375 0.4453125 0.01953125 0.2078125
2 0.83203125 0.53671875 0.18359375 0.16484375
2 0.78125 0.3203125 0.140625 0.11875
2 0.78671875 0.296875 0.10859375 0.1625
2 0.8265625 0.30390625 0.134375 0.140625
2 0.8296875 0.3796875 0.14453125 0.2328125
2 0.87265625 0.39296875 0.13515625 0.1953125
2 0.38515625 0.34921875 0.15703125 0.07578125
2 0.28671875 0.3703125 0.12265625 0.09296875
2 0.44375 0.4265625 0.04140625 0.0796875
2 0.32578125 0.75703125 0.28046875 0.29375
2 0.28984375 0.47265625 0.2796875 0.23515625
2 0.3328125 0.49453125 0.25078125 0.17890625
2 0.3 0.55625 0.27265625 0.1421875
2 0.30390625 0.62421875 0.28203125 0.23203125
2 0.3296875 0.640625 0.2125 0.1
2 0.3 0.6890625 0.18046875 0.0859375
2 0.61796875 0.55234375 0.37109375 0.61640625
2 0.5734375 0.2890625 0.16171875 0.16953125
2 0.575 0.38515625 0.19453125 0.10390625
1 0.46015625 0.64296875 0.04921875 0.29765625
2 0.79765625 0.325 0.103125 0.103125