6 0.46796875 0.6703125 0.06015625 0.0734375
6 0.196875 0.79453125 0.0734375 0.15546875
6 0.2484375 0.81328125 0.1234375 0.17890625
6 0.2296875 0.56328125 0.32734375 0.23203125
6 0.24765625 0.940625 0.1328125 0.1140625
6 0.2703125 0.70078125 0.1171875 0.0859375
6 0.48671875 0.625 0.1046875 0.14765625
6 0.3703125 0.4734375 0.37421875 0.42109375
6 0.42109375 0.325 0.0390625 0.03359375
6 0.48671875 0.3546875 0.10546875 0.08828125
1 0.46171875 0.36796875 0.07421875 0.09921875
6 0.51171875 0.43828125 0.0203125 0.0578125
6 0.56796875 0.465625 0.10703125 0.21328125
6 0.3578125 0.73046875 0.2015625 0.4640625
6 0.47421875 0.778125 0.1734375 0.1890625
6 0.63125 0.56484375 0.17734375 0.41640625
2 0.6796875 0.2671875 0.0609375 0.0703125
6 0.90390625 0.1296875 0.02890625 0.03828125
8 0.971875 0.121875 0.05625 0.1125
2 0.984375 0.2046875 0.0296875 0.0625
2 0.96953125 0.23515625 0.06015625 0.1578125
2 0.828125 0.2328125 0.253125 0.36171875
2 0.6796875 0.11796875 0.12890625 0.12265625
3 0.80390625 0.1390625 0.18046875 0.23125
2 0.5515625 0.3421875 0.39453125 0.08359375
6 0.44375 0.26640625 0.46484375 0.10703125
1 0.39375 0.29453125 0.04765625 0.0546875
6 0.515625 0.15625 0.44375 0.21328125
2 0.86015625 0.340625 0.15234375 0.103125
2 0.85703125 0.4234375 0.284375 0.3109375
6 0.73828125 0.43125 0.1015625 0.5109375
1 0.840625 0.44765625 0.1359375 0.0875