1 0.39765625 0.67890625 0.06640625 0.0515625
10 0.1515625 0.16328125 0.225 0.16015625
8 0.3171875 0.29140625 0.215625 0.20546875
8 0.134375 0.3640625 0.26875 0.175
8 0.33671875 0.44375 0.2234375 0.3
1 0.39453125 0.32109375 0.1015625 0.10703125
8 0.42109375 0.540625 0.14609375 0.21015625
8 0.59921875 0.5078125 0.14140625 0.08359375
2 0.63359375 0.5734375 0.028125 0.0546875
8 0.56875 0.6484375 0.2640625 0.284375
8 0.54921875 0.36796875 0.24296875 0.303125
1 0.71796875 0.90390625 0.0375 0.04921875
6 0.3546875 0.22421875 0.04375 0.0234375
8 0.4234375 0.98828125 0.046875 0.02265625
8 0.66875 0.83984375 0.196875 0.1
8 0.21875 0.63359375 0.16640625 0.06015625