2 0.68515625 0.70546875 0.55859375 0.2296875
2 0.69296875 0.696875 0.5515625 0.22421875
2 0.4109375 0.78828125 0.06796875 0.0375
2 0.4125 0.77890625 0.06328125 0.04609375
2 0.95546875 0.5671875 0.03359375 0.028125
2 0.69921875 0.6734375 0.53984375 0.23671875
2 0.5484375 0.7203125 0.12734375 0.03359375
2 0.46953125 0.7390625 0.10390625 0.0453125
2 0.4234375 0.725 0.190625 0.09375
2 0.65078125 0.6671875 0.275 0.10078125
2 0.93203125 0.54296875 0.0484375 0.04296875
2 0.57109375 0.6890625 0.315625 0.109375
2 0.65859375 0.6265625 0.5734375 0.20390625
2 0.76875 0.59921875 0.28046875 0.12265625
2 0.3078125 0.6 0.1359375 0.1890625
2 0.49609375 0.68203125 0.21328125 0.08046875
2 0.62578125 0.60859375 0.59453125 0.209375
2 0.7296875 0.4984375 0.45703125 0.32890625
2 0.5546875 0.57421875 0.61484375 0.228125
2 0.55546875 0.48203125 0.5484375 0.28984375
2 0.6375 0.40859375 0.2984375 0.04609375
8 0.60703125 0.59375 0.0625 0.1109375