8 0.41328125 0.28125 0.06328125 0.090625
2 0.60234375 0.278125 0.40078125 0.26796875
8 0.5671875 0.3015625 0.17421875 0.146875
4 0.63984375 0.2234375 0.12109375 0.178125
6 0.7328125 0.36015625 0.18125 0.05625
8 0.95390625 0.24453125 0.09140625 0.0875
1 0.88125 0.26796875 0.0234375 0.0640625
6 0.8796875 0.37109375 0.09921875 0.14921875
2 0.87265625 0.3703125 0.103125 0.06875
2 0.59765625 0.57734375 0.62421875 0.41171875
2 0.28046875 0.64765625 0.29375 0.30703125
8 0.9046875 0.778125 0.18984375 0.28515625