1 0.53125 0.84140625 0.04609375 0.04921875
1 0.5140625 0.921875 0.30390625 0.15625
2 0.571875 0.646875 0.0390625 0.04921875
2 0.80703125 0.7859375 0.0546875 0.06328125
0 0.59140625 0.63359375 0.0578125 0.04375
0 0.84765625 0.49921875 0.05234375 0.07109375
2 0.82265625 0.653125 0.271875 0.26328125
1 0.76171875 0.58984375 0.06875 0.09140625
8 0.67578125 0.53046875 0.3609375 0.22890625
7 0.62890625 0.37578125 0.16875 0.08984375
7 0.621875 0.32421875 0.18984375 0.13828125
7 0.525 0.19609375 0.2953125 0.23984375
8 0.33671875 0.3796875 0.41640625 0.38984375
2 0.87421875 0.853125 0.15 0.18203125
8 0.92578125 0.54140625 0.14765625 0.459375
8 0.66015625 0.7921875 0.27421875 0.3515625
8 0.8671875 0.8703125 0.26484375 0.2578125
2 0.3109375 0.87578125 0.12421875 0.040625
8 0.13203125 0.68515625 0.2640625 0.3171875
6 0.12109375 0.334375 0.05546875 0.17890625
1 0.10703125 0.59921875 0.2140625 0.14296875