8 0.81171875 0.53203125 0.0546875 0.14375
8 0.78671875 0.57109375 0.03515625 0.065625
3 0.1734375 0.25546875 0.1046875 0.15546875
2 0.1796875 0.2640625 0.0890625 0.1109375
6 0.15546875 0.165625 0.09921875 0.090625
8 0.45 0.49453125 0.26875 0.65546875
8 0.6953125 0.54375 0.29921875 0.73359375
8 0.6671875 0.24375 0.04921875 0.04140625
8 0.6 0.20703125 0.1015625 0.06796875
8 0.76640625 0.2390625 0.1125 0.0515625
8 0.66953125 0.20703125 0.03671875 0.0359375
8 0.7203125 0.18984375 0.04765625 0.03125
2 0.21171875 0.8046875 0.30703125 0.0515625
1 0.20859375 0.7515625 0.07265625 0.0921875
4 0.21171875 0.88984375 0.28359375 0.2203125
8 0.60546875 0.21953125 0.07734375 0.05390625