8 0.04765625 0.0078125 0.09453125 0.015625
8 0.03828125 0.22734375 0.0765625 0.20546875
8 0.1140625 0.2484375 0.09765625 0.09609375
7 0.23359375 0.25703125 0.24921875 0.17421875
7 0.12890625 0.1078125 0.25703125 0.19296875
7 0.11640625 0.00625 0.1515625 0.0125
7 0.315625 0.08828125 0.19375 0.1765625
8 0.53203125 0.02890625 0.2421875 0.0578125
8 0.7140625 0.10390625 0.10625 0.2078125
7 0.13203125 0.51171875 0.23203125 0.40703125
7 0.24375 0.5109375 0.196875 0.409375
7 0.38125 0.29921875 0.09375 0.17109375
7 0.3078125 0.59609375 0.15625 0.44765625
7 0.3890625 0.60703125 0.20703125 0.45234375
7 0.47890625 0.6140625 0.07421875 0.3609375
7 0.58515625 0.61875 0.20703125 0.33828125
1 0.21796875 0.51015625 0.13359375 0.40625
7 0.815625 0.490625 0.27890625 0.60546875
1 0.49375 0.37421875 0.79296875 0.08671875
8 0.56953125 0.234375 0.43515625 0.459375
1 0.971875 0.2765625 0.0546875 0.05390625
1 0.09140625 0.6265625 0.11328125 0.15390625
1 0.40390625 0.75625 0.1265625 0.03359375
1 0.72421875 0.62265625 0.0578125 0.34375