2 0.25703125 0.26953125 0.1734375 0.15625
4 0.19375 0.30703125 0.1140625 0.1421875
1 0.11875 0.3328125 0.2375 0.290625
6 0.44375 0.04921875 0.1984375 0.0984375
1 0.26171875 0.125 0.37890625 0.25
8 0.178125 0.10546875 0.35625 0.2109375
7 0.08671875 0.02734375 0.1734375 0.0546875
2 0.0359375 0.04453125 0.07109375 0.0453125
6 0.13828125 0.53515625 0.2625 0.140625
6 0.06953125 0.6125 0.13828125 0.1828125
5 0.28671875 0.5140625 0.25390625 0.140625
8 0.39375 0.4921875 0.125 0.1578125
5 0.66953125 0.3484375 0.26484375 0.06640625
6 0.15625 0.86171875 0.31171875 0.2765625