2 0.4375 0.425 0.3078125 0.1765625
2 0.44296875 0.39765625 0.2078125 0.1125
8 0.5328125 0.36484375 0.0828125 0.05078125
8 0.62265625 0.46953125 0.2015625 0.146875
2 0.41953125 0.6 0.23203125 0.09375
2 0.421875 0.39765625 0.21328125 0.10546875
1 0.42265625 0.43203125 0.22265625 0.16484375
2 0.45625 0.53046875 0.3125 0.13984375
2 0.684375 0.5625 0.165625 0.11015625
2 0.69609375 0.5671875 0.125 0.084375
6 0.53359375 0.7546875 0.046875 0.065625
6 0.53125 0.746875 0.0390625 0.06171875
8 0.7515625 0.70703125 0.496875 0.47265625
1 0.46953125 0.434375 0.08671875 0.03671875