8 0.0921875 0.66171875 0.184375 0.43203125
8 0.30234375 0.57265625 0.30625 0.55625
6 0.4375 0.521875 0.2 0.23125
8 0.52421875 0.64296875 0.32734375 0.4046875
8 0.9828125 0.459375 0.034375 0.14453125
8 0.8265625 0.35859375 0.2234375 0.57890625
8 0.76953125 0.615625 0.28359375 0.4625
8 0.653125 0.91953125 0.21640625 0.15
8 0.59609375 0.46640625 0.12578125 0.171875
8 0.28828125 0.1984375 0.2015625 0.24921875
8 0.4640625 0.85859375 0.146875 0.22421875
1 0.21875 0.37890625 0.05703125 0.17265625
4 0.2828125 0.31484375 0.07421875 0.04765625
1 0.3609375 0.38671875 0.1046875 0.1671875
8 0.01796875 0.60625 0.0359375 0.190625
8 0.14453125 0.4578125 0.0625 0.090625