8 0.72734375 0.93984375 0.1125 0.1203125
1 0.23828125 0.75390625 0.315625 0.4921875
7 0.23671875 0.35625 0.12734375 0.20546875
1 0.41953125 0.17578125 0.5515625 0.3515625
2 0.559375 0.46640625 0.4421875 0.25078125
4 0.675 0.51796875 0.1109375 0.09765625
4 0.6140625 0.53828125 0.175 0.07421875
2 0.51953125 0.41171875 0.37890625 0.28671875
6 0.61328125 0.853125 0.18515625 0.1703125
6 0.65078125 0.8484375 0.24921875 0.1609375
2 0.846875 0.69296875 0.30546875 0.61328125
6 0.8875 0.48828125 0.22421875 0.259375
6 0.9015625 0.39453125 0.19609375 0.315625
8 0.090625 0.11640625 0.07265625 0.0640625
6 0.109375 0.065625 0.053125 0.13125
8 0.159375 0.1234375 0.0953125 0.13203125
2 0.184375 0.48203125 0.115625 0.0484375
1 0.11875 0.4359375 0.05234375 0.0734375
1 0.51015625 0.028125 0.07265625 0.05546875
10 0.55859375 0.1 0.1984375 0.2
10 0.6796875 0.0875 0.09453125 0.175
10 0.5796875 0.015625 0.084375 0.03125
6 0.5921875 0.18359375 0.12265625 0.15859375
8 0.9359375 0.05078125 0.128125 0.1015625
0 0.9796875 0.1640625 0.040625 0.09375