8 0.90859375 0.18203125 0.18125 0.22109375
8 0.69375 0.28984375 0.61171875 0.5796875
7 0.69453125 0.28359375 0.53828125 0.3703125
8 0.1390625 0.36484375 0.27734375 0.35390625
7 0.52890625 0.37734375 0.66328125 0.49375
2 0.353125 0.471875 0.48671875 0.27578125
2 0.43671875 0.42265625 0.2234375 0.13828125
3 0.2796875 0.4578125 0.096875 0.05
3 0.3671875 0.465625 0.1 0.0640625
2 0.27890625 0.48671875 0.29140625 0.06171875
7 0.37109375 0.68125 0.53046875 0.1890625
1 0.4921875 0.609375 0.171875 0.08046875
1 0.2109375 0.66796875 0.19375 0.01328125
1 0.4984375 0.66171875 0.26328125 0.04375