6 0.809375 0.17734375 0.06328125 0.0453125
8 0.59921875 0.08125 0.15234375 0.05546875
2 0.61171875 0.1796875 0.33828125 0.078125
2 0.78203125 0.18515625 0.07421875 0.03671875
6 0.7171875 0.1078125 0.35 0.09140625
6 0.56484375 0.04453125 0.2421875 0.08203125
8 0.90859375 0.17734375 0.18125 0.271875
6 0.95 0.09609375 0.06875 0.10390625
2 0.7234375 0.33125 0.45078125 0.34453125
6 0.67578125 0.6390625 0.1265625 0.08515625
1 0.80703125 0.64453125 0.15859375 0.08046875
8 0.46484375 0.7046875 0.3171875 0.146875
2 0.21796875 0.74453125 0.21328125 0.1859375
1 0.33671875 0.62578125 0.078125 0.06015625
1 0.215625 0.47578125 0.12109375 0.05390625
1 0.14296875 0.50234375 0.1203125 0.04609375
1 0.253125 0.55234375 0.0671875 0.05859375
1 0.24921875 0.54921875 0.06484375 0.0515625
1 0.22109375 0.5609375 0.06484375 0.03203125
6 0.15 0.57421875 0.084375 0.06015625
6 0.02578125 0.5828125 0.0515625 0.071875
8 0.24453125 0.5171875 0.225 0.10234375
6 0.4234375 0.5203125 0.13359375 0.26484375
2 0.5828125 0.50625 0.23515625 0.23125
1 0.175 0.79296875 0.09921875 0.03125