8 0.06328125 0.5390625 0.1265625 0.296875
8 0.175 0.59140625 0.11484375 0.20234375
8 0.18203125 0.5 0.1265625 0.28515625
2 0.29453125 0.7265625 0.16875 0.15
2 0.303125 0.66484375 0.14453125 0.0921875
2 0.590625 0.61484375 0.05703125 0.07265625
1 0.965625 0.60703125 0.06796875 0.1421875
2 0.97265625 0.49296875 0.0546875 0.11484375
2 0.69296875 0.65234375 0.12421875 0.03984375
2 0.84921875 0.78984375 0.30078125 0.29296875
2 0.5125 0.73828125 0.24453125 0.20859375
8 0.390625 0.71640625 0.0390625 0.1453125
8 0.4484375 0.696875 0.10546875 0.10703125
2 0.4 0.39765625 0.49140625 0.56875
2 0.78125 0.48828125 0.37109375 0.42890625
2 0.86796875 0.34609375 0.06171875 0.0453125
8 0.925 0.34921875 0.05625 0.0453125
8 0.98984375 0.36875 0.01953125 0.12265625
2 0.38984375 0.1265625 0.47265625 0.084375
8 0.59375 0.67578125 0.0515625 0.06484375