1 0.76796875 0.38125 0.040625 0.028125
1 0.7296875 0.3640625 0.11328125 0.07734375
2 0.41640625 0.346875 0.12265625 0.0421875
2 0.3296875 0.5015625 0.29921875 0.2421875
2 0.3625 0.41484375 0.2578125 0.1984375
2 0.365625 0.39375 0.22890625 0.1296875
6 0.415625 0.3171875 0.0546875 0.0484375
8 0.75625 0.6234375 0.30546875 0.4703125
1 0.9078125 0.7515625 0.0453125 0.0828125
1 0.39140625 0.4453125 0.1234375 0.03984375
8 0.7765625 0.43515625 0.0453125 0.0203125
3 0.40078125 0.37265625 0.07890625 0.13125