10 0.17109375 0.91875 0.18203125 0.16171875
2 0.590625 0.4921875 0.1359375 0.16796875
6 0.49609375 0.39140625 0.0875 0.12109375
10 0.1453125 0.60703125 0.1171875 0.4625
10 0.18984375 0.68515625 0.19453125 0.4859375
10 0.5234375 0.5046875 0.0453125 0.10234375
10 0.68203125 0.7796875 0.1765625 0.440625
10 0.54375 0.765625 0.1890625 0.4671875
10 0.2828125 0.71328125 0.21484375 0.53515625
10 0.31171875 0.73125 0.16640625 0.53671875
10 0.41484375 0.1671875 0.071875 0.0796875
10 0.31953125 0.0828125 0.2828125 0.165625
10 0.30703125 0.28828125 0.3203125 0.36875
10 0.45703125 0.26015625 0.08359375 0.17890625
10 0.64140625 0.33828125 0.33046875 0.15703125
10 0.70625 0.5 0.28515625 0.28046875
10 0.64765625 0.16484375 0.40625 0.3296875
10 0.4515625 0.6765625 0.13984375 0.64609375