2 0.66328125 0.29921875 0.23671875 0.14765625
2 0.7625 0.2625 0.021875 0.04296875
6 0.60859375 0.225 0.0609375 0.01796875
10 0.640625 0.2390625 0.16015625 0.02421875
2 0.44765625 0.53515625 0.134375 0.09453125
2 0.43671875 0.6484375 0.39921875 0.196875
2 0.33046875 0.77421875 0.3078125 0.22578125
1 0.475 0.41171875 0.0765625 0.04921875
2 0.73515625 0.25703125 0.05390625 0.01875
2 0.64296875 0.3359375 0.2546875 0.19296875
8 0.65078125 0.29453125 0.1109375 0.08046875
6 0.875 0.75703125 0.0296875 0.05078125
1 0.965625 0.0328125 0.06796875 0.0625