2 0.83984375 0.05859375 0.14296875 0.1171875
2 0.45625 0.025 0.15234375 0.04921875
2 0.6671875 0.0421875 0.28984375 0.084375
2 0.4234375 0.82890625 0.846875 0.340625
2 0.690625 0.765625 0.16875 0.07265625
2 0.88125 0.83828125 0.23671875 0.3234375
2 0.9203125 0.55703125 0.159375 0.34921875
2 0.903125 0.2734375 0.19375 0.546875
2 0.9359375 0.8140625 0.12734375 0.1703125
2 0.9765625 0.609375 0.04609375 0.05546875
2 0.95703125 0.6203125 0.04921875 0.0453125
2 0.859375 0.6078125 0.04609375 0.1140625
2 0.2 0.05703125 0.4 0.1140625
2 0.7578125 0.74375 0.12109375 0.05546875
2 0.07109375 0.4125 0.1421875 0.2625
2 0.06015625 0.40546875 0.11953125 0.221875
2 0.4890625 0.51015625 0.69921875 0.45859375
2 0.5265625 0.575 0.68203125 0.3984375
2 0.56796875 0.55625 0.4640625 0.2265625
2 0.496875 0.35234375 0.921875 0.5046875
2 0.40859375 0.19609375 0.8171875 0.31875