8 0.83828125 0.2109375 0.18828125 0.271875
2 0.7171875 0.30546875 0.11953125 0.175
2 0.828125 0.50625 0.3421875 0.42578125
8 0.18515625 0.7796875 0.21015625 0.23828125
8 0.26953125 0.8796875 0.1671875 0.240625
8 0.1625 0.89921875 0.11640625 0.1140625
3 0.04140625 0.8875 0.0578125 0.09921875
3 0.09765625 0.9546875 0.078125 0.065625
8 0.29765625 0.46484375 0.278125 0.63984375
2 0.6734375 0.50625 0.13203125 0.0546875
6 0.31953125 0.8078125 0.0375 0.04296875
2 0.54765625 0.7078125 0.58046875 0.44453125
2 0.85546875 0.3625 0.1640625 0.08828125
3 0.8 0.39140625 0.09609375 0.09921875
6 0.88984375 0.4234375 0.11171875 0.19375