8 0.0203125 0.48671875 0.03984375 0.03046875
8 0.084375 0.5453125 0.103125 0.21484375
8 0.109375 0.67109375 0.06015625 0.0703125
2 0.6484375 0.28203125 0.040625 0.084375
2 0.59921875 0.15234375 0.1359375 0.2234375
1 0.5921875 0.10390625 0.078125 0.08046875
1 0.59296875 0.1078125 0.03046875 0.0453125
2 0.58671875 0.13125 0.0484375 0.0703125
2 0.55546875 0.175 0.1109375 0.1359375
2 0.4265625 0.0921875 0.17578125 0.184375
2 0.4 0.1953125 0.1265625 0.1234375
2 0.35625 0.11640625 0.14453125 0.13125
2 0.3203125 0.18828125 0.15625 0.078125
2 0.8375 0.29375 0.06640625 0.0265625
1 0.925 0.284375 0.05859375 0.02734375
8 0.984375 0.309375 0.03125 0.15546875
2 0.95 0.4671875 0.04375 0.06171875
8 0.9890625 0.7921875 0.021875 0.096875
2 0.7171875 0.784375 0.134375 0.2578125
2 0.68984375 0.3703125 0.0546875 0.05078125
2 0.77109375 0.4328125 0.0296875 0.0625
6 0.75546875 0.4015625 0.015625 0.03515625
2 0.640625 0.40078125 0.0640625 0.08359375
2 0.8203125 0.45625 0.08984375 0.175
1 0.8453125 0.44609375 0.07421875 0.1046875
2 0.7734375 0.53515625 0.1171875 0.15234375
2 0.70859375 0.44375 0.10703125 0.15625
7 0.621875 0.3265625 0.13359375 0.14609375
2 0.5671875 0.3359375 0.05859375 0.0515625
2 0.5984375 0.43671875 0.021875 0.05
2 0.57890625 0.371875 0.090625 0.1796875
2 0.52109375 0.24609375 0.16328125 0.2265625
1 0.73984375 0.5671875 0.08359375 0.09453125
2 0.5546875 0.43828125 0.0640625 0.090625
2 0.40390625 0.35 0.27109375 0.21640625
7 0.57578125 0.7703125 0.1609375 0.275
1 0.58125 0.80859375 0.1484375 0.0328125
1 0.6046875 0.71796875 0.0953125 0.03203125
8 0.18984375 0.7640625 0.1796875 0.29765625
2 0.17578125 0.6125 0.1265625 0.0390625
2 0.36484375 0.87109375 0.44453125 0.25703125
2 0.4234375 0.94296875 0.09609375 0.1140625
2 0.334375 0.846875 0.21796875 0.23671875
2 0.315625 0.76015625 0.078125 0.05
2 0.63125 0.55078125 0.14375 0.2609375
2 0.5765625 0.653125 0.03046875 0.0796875
1 0.59375 0.6515625 0.0734375 0.16328125
2 0.35703125 0.584375 0.4609375 0.45625
2 0.30078125 0.33125 0.24296875 0.1046875
7 0.98046875 0.634375 0.0390625 0.0828125
7 0.9515625 0.5671875 0.09609375 0.271875
7 0.86015625 0.55078125 0.121875 0.1734375
7 0.91015625 0.57109375 0.09765625 0.18125
8 0.87109375 0.775 0.2578125 0.334375
1 0.46171875 0.0609375 0.0234375 0.121875
1 0.66640625 0.603125 0.02578125 0.10625