2 0.82421875 0.57421875 0.27578125 0.16796875
2 0.76015625 0.59140625 0.1734375 0.1171875
1 0.9015625 0.51171875 0.08203125 0.034375
2 0.5375 0.72734375 0.1 0.0453125
8 0.63203125 0.68984375 0.0921875 0.0640625
2 0.26640625 0.65859375 0.41015625 0.17109375
2 0.4578125 0.640625 0.7515625 0.203125
2 0.32734375 0.66640625 0.38984375 0.1359375
2 0.3109375 0.6234375 0.4015625 0.17578125
2 0.42890625 0.62109375 0.63984375 0.16953125
2 0.75703125 0.50546875 0.44375 0.2734375
2 0.71875 0.546875 0.4328125 0.18203125
8 0.50859375 0.39453125 0.06484375 0.034375
2 0.5125 0.51328125 0.7296875 0.2671875
2 0.659375 0.4546875 0.4609375 0.1421875