1 0.33671875 0.3765625 0.0390625 0.01640625
1 0.9578125 0.50546875 0.084375 0.0578125
1 0.8953125 0.54296875 0.20859375 0.025
1 0.715625 0.6796875 0.196875 0.084375
1 0.71640625 0.66015625 0.25859375 0.0796875
1 0.875 0.58984375 0.25 0.06953125
1 0.46328125 0.74765625 0.10546875 0.06328125
1 0.2015625 0.77421875 0.04140625 0.05078125
1 0.059375 0.5734375 0.03671875 0.034375
1 0.13046875 0.78984375 0.02578125 0.03671875
3 0.52109375 0.675 0.1421875 0.10859375
3 0.33515625 0.5671875 0.23828125 0.3671875
1 0.58828125 0.58125 0.059375 0.03671875
1 0.6703125 0.57109375 0.11015625 0.1765625
3 0.6 0.51875 0.13125 0.08984375
6 0.48359375 0.4765625 0.11015625 0.228125