2 0.68828125 0.4359375 0.05234375 0.09921875
2 0.94375 0.946875 0.11171875 0.1046875
1 0.52421875 0.890625 0.075 0.084375
2 0.31015625 0.1921875 0.20546875 0.071875
2 0.23828125 0.2125 0.059375 0.05234375
1 0.20625 0.2953125 0.0421875 0.0671875
8 0.128125 0.39140625 0.11015625 0.10703125
2 0.21328125 0.38125 0.05 0.1375
2 0.33046875 0.27890625 0.2328125 0.2296875
2 0.3171875 0.55546875 0.28828125 0.58828125
2 0.490625 0.40703125 0.3453125 0.434375
2 0.4265625 0.634375 0.0703125 0.21015625
2 0.4875 0.7421875 0.09296875 0.0671875
2 0.56953125 0.53671875 0.3015625 0.3859375
2 0.5984375 0.79609375 0.28359375 0.14609375