2 0.5109375 0.865625 0.284375 0.26875
2 0.965625 0.52734375 0.06875 0.06875
2 0.8546875 0.4359375 0.1140625 0.13515625
6 0.9328125 0.659375 0.13359375 0.21953125
2 0.64921875 0.49453125 0.05703125 0.0296875
2 0.7265625 0.44453125 0.175 0.1578125
2 0.7640625 0.35859375 0.05234375 0.0328125
2 0.415625 0.36015625 0.0890625 0.05390625
2 0.52578125 0.35078125 0.1984375 0.08671875
2 0.68671875 0.43984375 0.08984375 0.0640625
2 0.64921875 0.34609375 0.29140625 0.1921875
2 0.5640625 0.45 0.1859375 0.16328125
2 0.6046875 0.56796875 0.05703125 0.11796875
2 0.25703125 0.6390625 0.1578125 0.07734375
2 0.43359375 0.67734375 0.3109375 0.175
2 0.234375 0.409375 0.33203125 0.30625
2 0.17734375 0.38828125 0.35390625 0.25234375
2 0.37265625 0.5546875 0.48359375 0.346875