7 0.5015625 0.109375 0.42734375 0.21796875
6 0.79140625 0.396875 0.0296875 0.15625
6 0.76953125 0.36640625 0.09609375 0.3171875
2 0.70625 0.609375 0.13515625 0.19296875
2 0.5453125 0.72265625 0.28984375 0.28671875
1 0.49140625 0.7015625 0.04921875 0.146875
2 0.59375 0.4734375 0.3421875 0.38125
2 0.6875 0.321875 0.07890625 0.03515625
2 0.590625 0.26171875 0.2921875 0.23828125
1 0.50546875 0.32109375 0.0265625 0.06875
1 0.4890625 0.3875 0.0234375 0.08046875
1 0.48671875 0.58515625 0.01796875 0.0640625
1 0.57109375 0.69453125 0.0703125 0.0625
1 0.36484375 0.109375 0.05703125 0.103125