6 0.734375 0.97109375 0.05234375 0.05625
8 0.7328125 0.85234375 0.2171875 0.159375
8 0.57265625 0.684375 0.32578125 0.4125
8 0.9390625 0.521875 0.12109375 0.29921875
8 0.815625 0.625 0.3234375 0.34609375
2 0.878125 0.78359375 0.12734375 0.10546875
2 0.61875 0.940625 0.190625 0.11875
2 0.428125 0.2859375 0.43203125 0.49453125
2 0.2484375 0.63671875 0.4296875 0.50703125
1 0.0625 0.7671875 0.06796875 0.04609375
2 0.34765625 0.60234375 0.04921875 0.18125
2 0.30078125 0.47421875 0.22578125 0.371875
6 0.28828125 0.41015625 0.09140625 0.0921875
1 0.63828125 0.8578125 0.08125 0.0765625