8 0.4671875 0.6828125 0.11484375 0.071875
6 0.3 0.615625 0.1453125 0.1265625
7 0.63359375 0.72265625 0.1921875 0.18125
2 0.02109375 0.3203125 0.04140625 0.040625
1 0.87109375 0.47890625 0.07265625 0.0640625
2 0.0359375 0.3703125 0.071875 0.065625
2 0.01328125 0.34140625 0.0265625 0.0578125
1 0.9375 0.58046875 0.125 0.16484375
8 0.675 0.44296875 0.2171875 0.25390625
2 0.03515625 0.39375 0.0390625 0.0234375
2 0.071875 0.3828125 0.0796875 0.03203125
8 0.05625 0.46640625 0.1125 0.1515625
0 0.42421875 0.3578125 0.11171875 0.040625
2 0.28671875 0.50234375 0.54609375 0.2953125
2 0.40859375 0.4234375 0.3578125 0.1484375
2 0.42109375 0.5375 0.1828125 0.1359375
0 0.14296875 0.35859375 0.04375 0.0171875
8 0.03828125 0.81484375 0.07578125 0.15
8 0.11875 0.6328125 0.23671875 0.27421875