2 0.89140625 0.56953125 0.2171875 0.17265625
4 0.5671875 0.253125 0.090625 0.0921875
2 0.72734375 0.34609375 0.38359375 0.29921875
2 0.7546875 0.4921875 0.1109375 0.03046875
2 0.5421875 0.45234375 0.41796875 0.35
6 0.53203125 0.36953125 0.09765625 0.04765625
4 0.59375 0.39140625 0.06484375 0.0390625
8 0.44453125 0.33203125 0.0734375 0.05390625
8 0.47265625 0.34375 0.0953125 0.0484375
6 0.475 0.3625 0.08203125 0.04296875
4 0.65546875 0.43046875 0.05546875 0.03125
4 0.58359375 0.42265625 0.096875 0.0375
6 0.49609375 0.39140625 0.04453125 0.02890625
6 0.55078125 0.38671875 0.08046875 0.0515625
8 0.253125 0.5359375 0.27421875 0.2546875