5 0.975 0.3171875 0.0484375 0.209375
5 0.45859375 0.21640625 0.04765625 0.1296875
5 0.6546875 0.3265625 0.06171875 0.28671875
5 0.64140625 0.33125 0.05390625 0.2140625
5 0.40625 0.25703125 0.13671875 0.225
5 0.92578125 0.6671875 0.14765625 0.54765625
5 0.7546875 0.32109375 0.1609375 0.31328125
5 0.3546875 0.4609375 0.17421875 0.63203125
5 0.809375 0.5265625 0.37734375 0.71796875
5 0.07421875 0.49140625 0.14765625 0.71484375
5 0.23125 0.50546875 0.3171875 0.73515625
5 0.5265625 0.525 0.3046875 0.74453125