4 0.065625 0.39453125 0.0578125 0.2171875
6 0.93671875 0.78671875 0.12578125 0.0890625
6 0.95078125 0.70234375 0.09765625 0.08828125
6 0.953125 0.59765625 0.0921875 0.13203125
0 0.971875 0.63359375 0.0546875 0.02109375
8 0.14140625 0.5171875 0.121875 0.04609375
10 0.146875 0.43984375 0.121875 0.17265625
2 0.7328125 0.68984375 0.41875 0.32109375
6 0.134375 0.74375 0.103125 0.0546875
2 0.2734375 0.70234375 0.33359375 0.1328125
2 0.378125 0.64296875 0.4703125 0.15546875
2 0.41484375 0.5984375 0.3796875 0.134375
6 0.7703125 0.5703125 0.45078125 0.13046875
2 0.68515625 0.4421875 0.4296875 0.1859375
2 0.45703125 0.434375 0.06015625 0.16796875
2 0.33125 0.43515625 0.25859375 0.259375
2 0.3453125 0.35546875 0.17890625 0.0640625
2 0.34921875 0.37578125 0.1078125 0.02421875
6 0.06875 0.39609375 0.02265625 0.04140625
6 0.26640625 0.70078125 0.5328125 0.3359375