8 0.61484375 0.48515625 0.03046875 0.05625
1 0.278125 0.6796875 0.04453125 0.03203125
1 0.28046875 0.71875 0.03828125 0.04140625
1 0.22265625 0.709375 0.1921875 0.04296875
8 0.21796875 0.3984375 0.16328125 0.19765625
8 0.25625 0.53125 0.203125 0.221875
8 0.36484375 0.64140625 0.0953125 0.2171875
1 0.50390625 0.215625 0.1 0.11484375
8 0.4109375 0.196875 0.1484375 0.20234375
1 0.35703125 0.31328125 0.01640625 0.08515625
8 0.50078125 0.55078125 0.33515625 0.61640625
6 0.34921875 0.7828125 0.05 0.03359375
1 0.3546875 0.821875 0.07265625 0.05390625
1 0.1234375 0.86171875 0.03515625 0.05546875
1 0.0390625 0.52109375 0.04765625 0.0390625
7 0.79375 0.596875 0.27109375 0.3734375