2 0.26796875 0.465625 0.09140625 0.1890625
7 0.5 0.584375 0.384375 0.25
7 0.52265625 0.465625 0.43046875 0.2734375
7 0.57578125 0.3703125 0.37109375 0.2203125
2 0.35625 0.66171875 0.28671875 0.23515625
6 0.634375 0.66640625 0.13828125 0.19765625
4 0.75 0.778125 0.1953125 0.23984375
4 0.8359375 0.575 0.3265625 0.2890625
6 0.8890625 0.428125 0.0546875 0.0328125
6 0.8734375 0.4734375 0.09375 0.0296875
6 0.8515625 0.521875 0.03515625 0.01796875
1 0.8640625 0.8078125 0.27109375 0.253125
8 0.94140625 0.72734375 0.11640625 0.3296875
6 0.14140625 0.11171875 0.271875 0.0703125
6 0.1421875 0.04921875 0.27421875 0.0984375