8 0.24453125 0.45703125 0.11875 0.2265625
8 0.3171875 0.60546875 0.3140625 0.3296875
8 0.73046875 0.390625 0.26171875 0.60859375
8 0.50625 0.43125 0.2765625 0.325
2 0.475 0.784375 0.39453125 0.43125
2 0.40859375 0.1984375 0.11484375 0.39609375
2 0.54765625 0.8484375 0.071875 0.06796875
2 0.4578125 0.86328125 0.08203125 0.07109375
6 0.34296875 0.80234375 0.05546875 0.040625
8 0.53515625 0.67890625 0.42578125 0.43828125
2 0.78046875 0.19296875 0.171875 0.20859375
8 0.7515625 0.2828125 0.12421875 0.075
7 0.79140625 0.29609375 0.034375 0.06328125
0 0.62265625 0.1828125 0.0328125 0.04296875
1 0.68125 0.2265625 0.1125 0.14765625
8 0.65078125 0.221875 0.05703125 0.05859375
8 0.678125 0.290625 0.04921875 0.09921875
8 0.65 0.2953125 0.03125 0.09609375
2 0.503125 0.18515625 0.15234375 0.321875