5 0.96796875 0.71953125 0.0640625 0.0828125
8 0.21796875 0.33125 0.43515625 0.62890625
2 0.021875 0.10859375 0.04296875 0.04296875
2 0.24765625 0.1640625 0.30625 0.08359375
2 0.01953125 0.13515625 0.0390625 0.03125
2 0.25078125 0.19140625 0.321875 0.09453125
1 0.52578125 0.246875 0.09609375 0.02421875
2 0.628125 0.50546875 0.434375 0.5359375
2 0.76015625 0.53828125 0.1484375 0.24140625
2 0.68515625 0.5015625 0.1421875 0.09765625
8 0.9734375 0.75234375 0.053125 0.09921875
0 0.9921875 0.55625 0.015625 0.0390625
5 0.93828125 0.63125 0.12265625 0.0953125
2 0.8 0.35 0.190625 0.36015625
2 0.5765625 0.4125 0.29921875 0.43203125
1 0.6078125 0.60625 0.35 0.10546875
2 0.73046875 0.58203125 0.06328125 0.07421875
1 0.528125 0.36953125 0.184375 0.0734375