2 0.7265625 0.21640625 0.20703125 0.19375
2 0.74921875 0.23515625 0.11171875 0.08671875
8 0.49296875 0.19375 0.13046875 0.1390625
2 0.62578125 0.35 0.2421875 0.346875
8 0.11875 0.35234375 0.2375 0.4015625
2 0.24765625 0.52890625 0.08359375 0.078125
6 0.50546875 0.3890625 0.10078125 0.05859375
2 0.5125 0.52578125 0.21015625 0.16796875
8 0.21640625 0.22421875 0.26328125 0.40234375
6 0.67265625 0.8984375 0.23515625 0.20234375
6 0.1453125 0.85625 0.19296875 0.08984375
2 0.40625 0.7078125 0.3625 0.38984375
6 0.16875 0.9484375 0.296875 0.103125
8 0.128125 0.66796875 0.25625 0.4578125
7 0.32578125 0.30625 0.38125 0.4453125
2 0.38203125 0.58671875 0.2078125 0.334375
2 0.3609375 0.546875 0.08359375 0.0875
8 0.39375 0.53828125 0.05703125 0.0484375
2 0.51484375 0.4515625 0.1671875 0.06953125
8 0.6578125 0.315625 0.16484375 0.26171875
8 0.78046875 0.5171875 0.28515625 0.31796875
3 0.73828125 0.5484375 0.053125 0.065625
6 0.7 0.525 0.09453125 0.1140625
2 0.56953125 0.37421875 0.078125 0.07109375
1 0.55 0.3578125 0.05546875 0.121875
2 0.30625 0.703125 0.07265625 0.0625