2 0.28984375 0.41171875 0.15078125 0.0859375
2 0.2234375 0.33515625 0.1921875 0.16875
2 0.12421875 0.37890625 0.1984375 0.12109375
2 0.55546875 0.61796875 0.24921875 0.21875
8 0.5375 0.63828125 0.16484375 0.1375
2 0.57421875 0.6125 0.13828125 0.14296875
1 0.06171875 0.41875 0.090625 0.06640625
2 0.58515625 0.6 0.07109375 0.04375
2 0.1515625 0.4953125 0.303125 0.18125
2 0.3515625 0.35390625 0.08515625 0.103125
2 0.42578125 0.38671875 0.08984375 0.11328125
2 0.5671875 0.409375 0.1765625 0.11484375
2 0.50859375 0.40390625 0.20625 0.21875