8 0.8171875 0.02109375 0.134375 0.0421875
8 0.74140625 0.025 0.1328125 0.05
2 0.90859375 0.0875 0.16484375 0.06953125
8 0.68671875 0.0875 0.071875 0.06640625
8 0.7015625 0.08984375 0.08203125 0.06953125
2 0.7359375 0.1171875 0.103125 0.09375
8 0.44453125 0.209375 0.31015625 0.2578125
6 0.37109375 0.38671875 0.096875 0.08203125
7 0.50234375 0.375 0.18359375 0.2015625
6 0.18515625 0.30078125 0.06953125 0.06484375
2 0.61953125 0.65859375 0.14609375 0.10859375
8 0.4625 0.584375 0.2578125 0.13203125
2 0.22734375 0.6546875 0.1796875 0.13125
2 0.27421875 0.61484375 0.21640625 0.1703125
8 0.20078125 0.69921875 0.1734375 0.1296875
8 0.72265625 0.58515625 0.425 0.32421875
1 0.18203125 0.25625 0.0109375 0.04921875