2 0.85078125 0.62421875 0.29765625 0.64609375
2 0.8578125 0.3984375 0.28359375 0.66875
2 0.934375 0.2578125 0.13125 0.515625
2 0.51875 0.56640625 0.48515625 0.4640625
2 0.36484375 0.5078125 0.05546875 0.36171875
2 0.5453125 0.5375 0.371875 0.30078125
2 0.5515625 0.64296875 0.3296875 0.06171875
2 0.71015625 0.590625 0.0390625 0.1578125
2 0.5421875 0.51328125 0.3234375 0.3046875
3 0.53984375 0.64296875 0.30390625 0.053125
2 0.53828125 0.62890625 0.1546875 0.02890625
2 0.6390625 0.48046875 0.190625 0.09765625
3 0.6421875 0.478125 0.1828125 0.2359375
3 0.440625 0.45546875 0.125 0.0375
3 0.43828125 0.4625 0.125 0.0359375
3 0.4296875 0.52421875 0.13984375 0.15078125
2 0.94375 0.49375 0.1125 0.1171875
1 0.865625 0.2921875 0.2671875 0.44453125