8 0.75859375 0.54375 0.06875 0.06953125
2 0.6921875 0.52578125 0.09296875 0.03359375
8 0.60234375 0.3109375 0.4640625 0.284375
8 0.21640625 0.3921875 0.04140625 0.04296875
8 0.103125 0.3859375 0.20625 0.221875
8 0.41796875 0.85859375 0.178125 0.16015625
2 0.5125 0.76015625 0.15078125 0.0859375
0 0.26640625 0.97890625 0.075 0.040625
6 0.2015625 0.89765625 0.37109375 0.13828125
2 0.55859375 0.68671875 0.12265625 0.09921875
2 0.5921875 0.5453125 0.140625 0.109375
2 0.66171875 0.55078125 0.11015625 0.0625
2 0.36484375 0.740625 0.4921875 0.37265625
8 0.06953125 0.546875 0.13828125 0.146875
2 0.759375 0.45859375 0.0828125 0.059375
8 0.7 0.4578125 0.03671875 0.01640625
2 0.64921875 0.4921875 0.1734375 0.0546875
2 0.65 0.459375 0.0796875 0.0203125
8 0.10625 0.69765625 0.21171875 0.43203125
8 0.50390625 0.3203125 0.33515625 0.2953125
2 0.30234375 0.53046875 0.53515625 0.33671875