8 0.06953125 0.62265625 0.13828125 0.55390625
7 0.8234375 0.71484375 0.20625 0.23671875
7 0.65390625 0.6640625 0.20546875 0.29921875
7 0.6609375 0.55859375 0.21015625 0.1296875
8 0.76484375 0.4578125 0.4546875 0.36015625
6 0.92421875 0.57734375 0.0359375 0.08359375
3 0.8984375 0.5578125 0.046875 0.07578125
3 0.890625 0.59765625 0.03125 0.0375
2 0.8765625 0.54296875 0.065625 0.1609375
2 0.8484375 0.553125 0.09140625 0.115625
8 0.79375 0.52578125 0.12578125 0.14765625
8 0.853125 0.4640625 0.0234375 0.0671875
6 0.82421875 0.440625 0.05234375 0.05859375
6 0.7578125 0.475 0.07265625 0.05703125
6 0.7078125 0.44609375 0.084375 0.0578125
6 0.6859375 0.4609375 0.0890625 0.05
8 0.56015625 0.3921875 0.02109375 0.034375
6 0.6 0.465625 0.125 0.13359375
8 0.690625 0.39921875 0.21875 0.128125
8 0.69296875 0.37578125 0.175 0.1203125
8 0.6890625 0.34765625 0.17734375 0.1359375
7 0.4625 0.6796875 0.23359375 0.38671875
7 0.2265625 0.775 0.24765625 0.25234375
1 0.22578125 0.70703125 0.23984375 0.05859375
1 0.2296875 0.7359375 0.23671875 0.0546875
7 0.31796875 0.565625 0.43515625 0.278125
1 0.31875 0.54921875 0.43515625 0.09765625
1 0.3234375 0.57890625 0.42421875 0.109375
8 0.31953125 0.23125 0.4109375 0.43359375
1 0.659375 0.50625 0.03828125 0.09921875
1 0.70234375 0.5203125 0.0890625 0.1078125