8 0.8109375 0.49140625 0.265625 0.3796875
2 0.60078125 0.4375 0.22578125 0.2875
4 0.509375 0.55390625 0.05234375 0.0734375
8 0.615625 0.621875 0.34296875 0.32734375
2 0.11015625 0.39375 0.11875 0.26875
2 0.16796875 0.3015625 0.03984375 0.06015625
8 0.1140625 0.34296875 0.06953125 0.08046875
6 0.1125 0.34375 0.071875 0.07265625
2 0.09765625 0.41328125 0.04140625 0.0796875
2 0.078125 0.4765625 0.0234375 0.05234375
8 0.3609375 0.3859375 0.41875 0.5140625
2 0.209375 0.628125 0.41875 0.63125
1 0.18984375 0.53203125 0.0953125 0.2125
1 0.08046875 0.79609375 0.115625 0.27734375
1 0.24375 0.596875 0.15390625 0.3125
1 0.25 0.4296875 0.075 0.05859375
2 0.12421875 0.353125 0.0484375 0.06015625