7 0.184375 0.55703125 0.25703125 0.14296875
2 0.03046875 0.46484375 0.06015625 0.14921875
2 0.02265625 0.3796875 0.0453125 0.1859375
2 0.11953125 0.39765625 0.1703125 0.14453125
8 0.1453125 0.4828125 0.215625 0.12578125
2 0.14765625 0.48203125 0.209375 0.1265625
2 0.0875 0.66484375 0.17421875 0.25859375
2 0.0890625 0.60546875 0.05234375 0.059375
2 0.0828125 0.6421875 0.03671875 0.03984375
2 0.05390625 0.671875 0.0625 0.08828125
2 0.05546875 0.659375 0.1109375 0.20234375
2 0.5359375 0.54375 0.5578125 0.34921875
1 0.47890625 0.50703125 0.28203125 0.1515625
1 0.37578125 0.63671875 0.26484375 0.1640625
2 0.63046875 0.44921875 0.54140625 0.2734375
8 0.8859375 0.56171875 0.11640625 0.034375
1 0.0125 0.82421875 0.025 0.0625