2 0.76171875 0.3359375 0.3234375 0.265625
2 0.64453125 0.4640625 0.459375 0.30625
2 0.59921875 0.36171875 0.0609375 0.03515625
2 0.70546875 0.47890625 0.03359375 0.05
2 0.73046875 0.41484375 0.28203125 0.125
2 0.70546875 0.409375 0.175 0.084375
2 0.79296875 0.29296875 0.40703125 0.29140625
2 0.5625 0.44453125 0.26640625 0.21640625
2 0.321875 0.5953125 0.64375 0.59375
2 0.26875 0.5578125 0.0671875 0.053125
2 0.31484375 0.55546875 0.084375 0.059375
2 0.2078125 0.628125 0.05234375 0.02890625
10 0.2546875 0.58984375 0.0671875 0.03671875
10 0.32109375 0.5625 0.05078125 0.03359375
1 0.1828125 0.828125 0.04765625 0.03359375
1 0.52578125 0.43984375 0.11015625 0.10390625
1 0.75546875 0.540625 0.09609375 0.09453125
1 0.8953125 0.34921875 0.05546875 0.040625
1 0.865625 0.4484375 0.04921875 0.040625