8 0.165625 0.5734375 0.1171875 0.071875
2 0.678125 0.76875 0.46171875 0.31171875
2 0.1546875 0.95 0.309375 0.1
8 0.4203125 0.76875 0.18125 0.26015625
1 0.275 0.4765625 0.25703125 0.24140625
6 0.27890625 0.353125 0.1171875 0.08046875
6 0.26328125 0.37578125 0.0453125 0.04375
6 0.20703125 0.40546875 0.0734375 0.02421875
8 0.66875 0.73671875 0.2890625 0.1703125
8 0.4953125 0.596875 0.35234375 0.2375
2 0.52890625 0.3515625 0.4234375 0.2359375
2 0.46953125 0.29921875 0.1203125 0.02890625
2 0.5296875 0.17421875 0.42890625 0.2234375
2 0.57265625 0.3046875 0.303125 0.0453125
2 0.0765625 0.61796875 0.153125 0.2328125
8 0.178125 0.7453125 0.35625 0.34453125
2 0.05 0.40859375 0.1 0.2015625