7 0.0421875 0.05546875 0.084375 0.0484375
8 0.05703125 0.10859375 0.1140625 0.1109375
1 0.17265625 0.03359375 0.03671875 0.0421875
8 0.284375 0.1171875 0.2140625 0.234375
7 0.01796875 0.134375 0.03515625 0.05390625
8 0.18125 0.1609375 0.28125 0.2671875
8 0.07109375 0.378125 0.1421875 0.565625
8 0.69375 0.18515625 0.365625 0.3703125
7 0.48125 0.06875 0.078125 0.1375
2 0.21328125 0.28359375 0.209375 0.1484375
2 0.375 0.59140625 0.06953125 0.03671875
2 0.35 0.14375 0.103125 0.125
4 0.39609375 0.07578125 0.02109375 0.0546875
2 0.4125 0.428125 0.259375 0.81640625
6 0.50078125 0.1078125 0.0171875 0.04609375
2 0.440625 0.42890625 0.2921875 0.8265625
2 0.74921875 0.496875 0.34140625 0.57109375
2 0.88359375 0.36015625 0.0421875 0.04921875
2 0.73671875 0.24921875 0.27578125 0.25546875
2 0.75 0.328125 0.24765625 0.11953125
8 0.19609375 0.64140625 0.30234375 0.70859375
7 0.240625 0.34296875 0.0609375 0.1203125
8 0.21484375 0.37109375 0.02578125 0.0703125
8 0.04296875 0.64296875 0.08515625 0.38359375
1 0.0109375 0.0828125 0.021875 0.0375
8 0.37109375 0.5296875 0.05 0.09765625