2 0.23984375 0.4 0.0609375 0.0828125
6 0.97890625 0.240625 0.0421875 0.1796875
2 0.76953125 0.42734375 0.090625 0.10859375
8 0.90390625 0.51015625 0.1921875 0.39140625
2 0.08671875 0.3828125 0.14765625 0.1140625
6 0.08515625 0.38671875 0.11953125 0.09921875
2 0.09609375 0.41015625 0.0390625 0.0625
2 0.09609375 0.42890625 0.0359375 0.03828125
2 0.05625 0.4703125 0.1046875 0.1265625
2 0.4203125 0.6890625 0.17421875 0.21953125
2 0.14765625 0.42109375 0.1015625 0.125
8 0.353125 0.41796875 0.21484375 0.35390625
2 0.23125 0.66875 0.275 0.484375
7 0.23125 0.63046875 0.1359375 0.15625
2 0.15859375 0.53515625 0.25 0.3328125
2 0.53359375 0.61640625 0.20234375 0.29296875
2 0.678125 0.56640625 0.30703125 0.36640625
2 0.84375 0.6828125 0.30703125 0.38125
2 0.8078125 0.746875 0.1671875 0.20390625
1 0.22265625 0.634375 0.21875 0.32734375