6 0.05703125 0.30703125 0.1140625 0.35625
6 0.15859375 0.7640625 0.0703125 0.178125
6 0.19140625 0.80390625 0.078125 0.16484375
6 0.09453125 0.73984375 0.1890625 0.3984375
7 0.83203125 0.378125 0.2515625 0.32734375
8 0.56953125 0.3421875 0.32109375 0.39921875
8 0.2546875 0.33515625 0.3328125 0.4921875
8 0.3171875 0.66796875 0.26015625 0.215625
8 0.5609375 0.76640625 0.3046875 0.4671875
2 0.39296875 0.525 0.27578125 0.20625
1 0.5578125 0.703125 0.17734375 0.159375
6 0.553125 0.34375 0.0609375 0.10078125
6 0.59375 0.34609375 0.034375 0.0578125