1 0.48203125 0.2078125 0.03359375 0.040625
2 0.696875 0.47109375 0.1703125 0.11640625
8 0.528125 0.6234375 0.17578125 0.33828125
2 0.3765625 0.471875 0.37734375 0.34375
2 0.58359375 0.240625 0.2390625 0.1765625
2 0.6578125 0.36796875 0.27421875 0.26875
2 0.4125 0.64375 0.534375 0.234375
1 0.7140625 0.60703125 0.059375 0.08203125
1 0.89765625 0.64453125 0.12265625 0.1421875
6 0.40703125 0.23359375 0.084375 0.1140625
3 0.32734375 0.3453125 0.05703125 0.0734375
2 0.37109375 0.2828125 0.1375 0.1859375
2 0.48203125 0.49296875 0.27109375 0.34453125