8 0.17890625 0.8828125 0.1203125 0.23359375
2 0.540625 0.75546875 0.4578125 0.15234375
2 0.2328125 0.74375 0.13125 0.1890625
2 0.36796875 0.71484375 0.32421875 0.23359375
2 0.5703125 0.74140625 0.259375 0.09375
2 0.64140625 0.6953125 0.25 0.09765625
2 0.61328125 0.21171875 0.22578125 0.12734375
2 0.68046875 0.4625 0.4140625 0.4484375
1 0.59140625 0.66875 0.1546875 0.10546875
2 0.353125 0.709375 0.22578125 0.1328125
2 0.371875 0.63828125 0.22109375 0.11015625
2 0.35859375 0.50703125 0.30859375 0.2921875
2 0.32109375 0.37890625 0.27890625 0.24296875
2 0.3640625 0.28671875 0.12421875 0.09921875
2 0.3203125 0.284375 0.1453125 0.09921875