2 0.03984375 0.33671875 0.0796875 0.1203125
8 0.1515625 0.2078125 0.0953125 0.1296875
2 0.14453125 0.21640625 0.134375 0.1390625
7 0.08671875 0.440625 0.16484375 0.15
8 0.1078125 0.34921875 0.153125 0.17109375
7 0.25234375 0.4375 0.21640625 0.18046875
7 0.25625 0.35 0.165625 0.1390625
7 0.26328125 0.12734375 0.1640625 0.0859375
7 0.23515625 0.228125 0.1265625 0.1515625
7 0.29296875 0.23515625 0.05 0.146875
7 0.49140625 0.43359375 0.31875 0.309375
7 0.446875 0.25859375 0.3234375 0.34140625
8 0.6421875 0.2875 0.03203125 0.08046875
7 0.515625 0.74921875 0.27265625 0.39375
7 0.75703125 0.784375 0.26328125 0.32578125
3 0.74140625 0.73828125 0.04375 0.07109375
8 0.715625 0.40703125 0.14140625 0.32578125
8 0.91875 0.17265625 0.0984375 0.06640625
2 0.903125 0.25078125 0.109375 0.1421875
2 0.965625 0.253125 0.06875 0.2265625
8 0.8875 0.325 0.0796875 0.1203125
8 0.90703125 0.34375 0.146875 0.16171875
8 0.85 0.52421875 0.3 0.321875