8 0.04296875 0.03671875 0.08515625 0.07265625
8 0.2625 0.0546875 0.15703125 0.109375
8 0.375 0.16015625 0.24140625 0.23671875
1 0.34921875 0.12890625 0.04765625 0.034375
8 0.5421875 0.1578125 0.40703125 0.315625
8 0.1265625 0.021875 0.13671875 0.04375
8 0.1390625 0.11640625 0.278125 0.2078125
8 0.20234375 0.328125 0.4046875 0.346875
8 0.5578125 0.43046875 0.5421875 0.36328125
8 0.33046875 0.01328125 0.0484375 0.0265625
1 0.3546875 0.01171875 0.0359375 0.0234375
1 0.309375 0.16640625 0.0703125 0.07734375