8 0.90078125 0.40546875 0.1984375 0.0921875
1 0.94453125 0.6984375 0.1109375 0.31328125
2 0.94609375 0.50859375 0.10703125 0.16953125
2 0.46328125 0.50859375 0.1265625 0.10546875
2 0.90078125 0.35859375 0.19765625 0.12578125
8 0.440625 0.4640625 0.153125 0.284375
8 0.69921875 0.58203125 0.41328125 0.4546875
2 0.29609375 0.70859375 0.45859375 0.28671875
8 0.90078125 0.9453125 0.1859375 0.109375
8 0.9875 0.96015625 0.025 0.0796875
2 0.52421875 0.796875 0.27421875 0.28203125
2 0.49375 0.85 0.23359375 0.16953125
2 0.4078125 0.771875 0.4328125 0.38359375
2 0.246875 0.5875 0.35 0.2796875
3 0.2484375 0.47421875 0.13203125 0.16015625