7 0.3515625 0.284375 0.16796875 0.08203125
8 0.41328125 0.190625 0.146875 0.109375
8 0.40234375 0.6796875 0.8046875 0.640625
6 0.19921875 0.2390625 0.30625 0.3203125
5 0.5671875 0.26328125 0.41953125 0.29140625
2 0.6328125 0.328125 0.17421875 0.11875
6 0.290625 0.97734375 0.1859375 0.04453125
6 0.8515625 0.9609375 0.11796875 0.07734375
8 0.85078125 0.7859375 0.29765625 0.42734375
6 0.40078125 0.79765625 0.23125 0.1234375
7 0.6046875 0.6375 0.2734375 0.2078125
8 0.5703125 0.5390625 0.7203125 0.53515625
8 0.72890625 0.27890625 0.54140625 0.55703125
5 0.61015625 0.509375 0.40234375 0.47265625
5 0.3703125 0.58828125 0.28671875 0.4921875
5 0.384375 0.3796875 0.16875 0.17421875