2 0.790625 0.746875 0.175 0.1265625
2 0.49375 0.40078125 0.16796875 0.265625
2 0.58828125 0.384375 0.09140625 0.26796875
2 0.62265625 0.42578125 0.15 0.20703125
2 0.6703125 0.45546875 0.15625 0.2890625
2 0.446875 0.35390625 0.05546875 0.0640625
2 0.4703125 0.35 0.06328125 0.06796875
2 0.4765625 0.36484375 0.0625 0.03515625
2 0.521875 0.3421875 0.04375 0.0703125
2 0.54765625 0.32734375 0.04296875 0.06015625
2 0.54140625 0.35078125 0.034375 0.040625
2 0.68125 0.5015625 0.16015625 0.38515625
1 0.63671875 0.36328125 0.1046875 0.02734375