8 0.91015625 0.2171875 0.09453125 0.20390625
6 0.68046875 0.40390625 0.08984375 0.14765625
8 0.89453125 0.26484375 0.0515625 0.1828125
4 0.84609375 0.36171875 0.090625 0.153125
6 0.778125 0.41171875 0.06953125 0.128125
8 0.8171875 0.06875 0.096875 0.1375
6 0.86328125 0.21796875 0.06484375 0.17265625
7 0.74296875 0.31875 0.18515625 0.13203125
6 0.678125 0.46015625 0.03984375 0.07421875
8 0.57109375 0.40703125 0.20625 0.28984375
8 0.43671875 0.4828125 0.259375 0.4546875
8 0.08828125 0.5625 0.17578125 0.87421875
8 0.25625 0.71640625 0.246875 0.52109375
8 0.75234375 0.15 0.1875 0.2859375
8 0.87890625 0.07421875 0.103125 0.11640625