2 0.67421875 0.0828125 0.14453125 0.165625
2 0.48828125 0.434375 0.878125 0.6125
2 0.27421875 0.309375 0.1828125 0.39453125
2 0.29765625 0.265625 0.11953125 0.09296875
2 0.59765625 0.24296875 0.2515625 0.3671875
2 0.51953125 0.2921875 0.23359375 0.3046875
2 0.45078125 0.3015625 0.225 0.325
1 0.32421875 0.26328125 0.09921875 0.09296875
2 0.4 0.3953125 0.11328125 0.17265625
2 0.32421875 0.32890625 0.11171875 0.221875
2 0.17265625 0.33125 0.2015625 0.5171875
2 0.7125 0.0765625 0.15546875 0.15234375
2 0.65078125 0.38046875 0.09375 0.0828125