8 0.87578125 0.65 0.24765625 0.7
8 0.903125 0.634375 0.19296875 0.44453125
8 0.9265625 0.88671875 0.146875 0.2265625
1 0.909375 0.65859375 0.18046875 0.203125
1 0.0390625 0.1203125 0.078125 0.16640625
2 0.26015625 0.32421875 0.33203125 0.31015625
2 0.16953125 0.1515625 0.33828125 0.303125
2 0.06640625 0.3296875 0.13203125 0.12265625
2 0.07109375 0.40625 0.1421875 0.0796875
7 0.53125 0.61171875 0.76171875 0.60625
7 0.4484375 0.31875 0.6984375 0.27734375
1 0.540625 0.36328125 0.215625 0.1078125
1 0.396875 0.06640625 0.12421875 0.1328125
1 0.39453125 0.1140625 0.0734375 0.0734375
1 0.9390625 0.7296875 0.071875 0.040625
1 0.75234375 0.0484375 0.19609375 0.096875