1 0.5 0.5 1 1
5 0.734375 0.70859375 0.1546875 0.06875
5 0.42109375 0.92890625 0.11328125 0.07265625
5 0.3359375 0.8875 0.0625 0.1328125
5 0.2765625 0.81328125 0.090625 0.1765625
5 0.39140625 0.55546875 0.1296875 0.09375
5 0.7671875 0.6453125 0.27109375 0.17734375
5 0.3859375 0.64609375 0.0796875 0.103125
5 0.4078125 0.625 0.04296875 0.06015625
5 0.56796875 0.58828125 0.13828125 0.1203125
5 0.74453125 0.4171875 0.171875 0.11953125
5 0.63671875 0.315625 0.221875 0.25859375
5 0.47890625 0.48828125 0.16640625 0.11640625
5 0.4703125 0.37734375 0.15546875 0.1234375
5 0.7859375 0.53671875 0.19453125 0.13046875
5 0.3921875 0.9015625 0.0625 0.065625
5 0.6265625 0.48828125 0.17421875 0.15390625
5 0.42421875 0.834375 0.134375 0.12734375
5 0.334375 0.45078125 0.13984375 0.15
5 0.3625 0.76796875 0.190625 0.1484375
5 0.1875 0.76015625 0.16953125 0.1375
2 0.60546875 0.71328125 0.5328125 0.440625
5 0.3078125 0.575 0.1484375 0.10625
5 0.27421875 0.66015625 0.21640625 0.1515625
5 0.6890625 0.6609375 0.1578125 0.14140625