7 0.1125 0.78671875 0.1453125 0.234375
7 0.021875 0.7828125 0.04375 0.228125
7 0.0296875 0.84453125 0.05859375 0.0828125
7 0.5859375 0.778125 0.20078125 0.08125
7 0.96328125 0.67578125 0.06484375 0.02265625
7 0.80234375 0.73984375 0.08515625 0.159375
8 0.48671875 0.68125 0.87890625 0.53984375
6 0.5640625 0.4875 0.31484375 0.09921875
7 0.38203125 0.49453125 0.09765625 0.11875
7 0.61875 0.40859375 0.08515625 0.08125
7 0.5390625 0.44296875 0.1328125 0.0953125
7 0.30625 0.515625 0.12421875 0.10625
7 0.2140625 0.56640625 0.0671875 0.053125
7 0.1015625 0.5984375 0.04609375 0.046875
7 0.1515625 0.5859375 0.0578125 0.053125
7 0.74375 0.3015625 0.15625 0.1328125
7 0.0390625 0.3953125 0.078125 0.146875
7 0.1265625 0.36640625 0.11171875 0.08203125
7 0.1078125 0.41484375 0.090625 0.090625
7 0.12734375 0.51484375 0.253125 0.1953125