6 0.86484375 0.8515625 0.2640625 0.296875
2 0.234375 0.771875 0.321875 0.246875
2 0.1953125 0.5796875 0.26640625 0.30546875
8 0.26484375 0.4125 0.23828125 0.2859375
2 0.48203125 0.64296875 0.54140625 0.2828125
2 0.43515625 0.73203125 0.2234375 0.21171875
6 0.496875 0.71953125 0.18671875 0.1390625
2 0.72578125 0.64921875 0.23984375 0.18203125
8 0.515625 0.3875 0.29921875 0.53984375
2 0.74375 0.56484375 0.2421875 0.18203125
2 0.3765625 0.28359375 0.071875 0.14765625
8 0.796875 0.26796875 0.328125 0.51015625
1 0.06328125 0.48203125 0.0453125 0.01875
2 0.7484375 0.50703125 0.2703125 0.23203125