8 0.2546875 0.51875 0.303125 0.3484375
8 0.4375 0.48515625 0.3125 0.35390625
2 0.75546875 0.38671875 0.29140625 0.33359375
2 0.63671875 0.27109375 0.03671875 0.06328125
8 0.3046875 0.2390625 0.38828125 0.31875
2 0.71875 0.55078125 0.2578125 0.40703125
2 0.8109375 0.61015625 0.0296875 0.13984375
2 0.7296875 0.68125 0.13359375 0.00703125
2 0.7109375 0.67421875 0.17265625 0.00859375
2 0.7 0.665625 0.19453125 0.009375
2 0.7 0.6578125 0.1953125 0.00859375
2 0.69921875 0.6484375 0.19609375 0.01875
2 0.7 0.6421875 0.1953125 0.01328125
2 0.7625 0.6296875 0.0796875 0.01640625
2 0.71328125 0.62421875 0.19453125 0.0671875
2 0.75 0.609375 0.0921875 0.0109375
2 0.76640625 0.5984375 0.06171875 0.01484375
2 0.77578125 0.53984375 0.040625 0.1140625
2 0.77265625 0.59296875 0.0625 0.009375
2 0.7734375 0.53359375 0.06484375 0.12421875
2 0.7734375 0.5234375 0.065625 0.14140625
2 0.7625 0.5171875 0.0671875 0.1328125
2 0.73359375 0.52265625 0.08515625 0.13828125
2 0.640625 0.56484375 0.20390625 0.1859375
2 0.59453125 0.53984375 0.19609375 0.1484375
2 0.8140625 0.60859375 0.02890625 0.13125
2 0.77734375 0.190625 0.21796875 0.0734375
2 0.753125 0.21875 0.2171875 0.16796875
2 0.771875 0.20390625 0.22109375 0.0796875
2 0.7453125 0.2578125 0.171875 0.0953125
2 0.7984375 0.26484375 0.1703125 0.046875
2 0.7875 0.2765625 0.175 0.0609375