6 0.9671875 0.49375 0.06484375 0.21015625
8 0.684375 0.5546875 0.63046875 0.88984375
7 0.59609375 0.33515625 0.13515625 0.19375
8 0.6921875 0.3578125 0.24453125 0.23125
2 0.61328125 0.48671875 0.221875 0.15
8 0.640625 0.45390625 0.059375 0.05546875
8 0.6171875 0.503125 0.11875 0.1171875
8 0.22890625 0.41171875 0.39296875 0.6109375
1 0.15546875 0.3265625 0.071875 0.034375
8 0.22890625 0.2640625 0.06484375 0.07734375
1 0.18203125 0.2921875 0.0359375 0.02734375
8 0.12578125 0.26484375 0.1 0.15625
1 0.37109375 0.1265625 0.0734375 0.1