6 0.55234375 0.2265625 0.03359375 0.04140625
6 0.5875 0.18125 0.10234375 0.0921875
6 0.44140625 0.25546875 0.0453125 0.09296875
6 0.6109375 0.315625 0.06015625 0.04765625
6 0.48515625 0.21328125 0.103125 0.121875
6 0.61015625 0.26953125 0.1328125 0.1171875
6 0.3203125 0.23515625 0.175 0.13203125
6 0.33203125 0.3015625 0.08125 0.09921875
6 0.39765625 0.2734375 0.06484375 0.15546875
6 0.48125 0.3390625 0.24140625 0.1828125
6 0.52109375 0.425 0.06875 0.08203125
6 0.2765625 0.41875 0.05 0.1046875
6 0.27265625 0.5 0.01796875 0.0640625
6 0.22890625 0.35859375 0.0734375 0.240625
6 0.30078125 0.45234375 0.046875 0.10703125
6 0.275 0.33984375 0.1875 0.14765625
6 0.21640625 0.6453125 0.125 0.50234375
6 0.4140625 0.53203125 0.35703125 0.33828125
6 0.31484375 0.71796875 0.08515625 0.1078125
6 0.56796875 0.6046875 0.35 0.121875
6 0.6234375 0.63515625 0.13046875 0.08203125
6 0.54609375 0.62421875 0.1046875 0.07734375
6 0.25390625 0.9296875 0.18359375 0.13984375
6 0.5421875 0.82109375 0.07578125 0.128125
6 0.37109375 0.76484375 0.32890625 0.3015625
6 0.50078125 0.9421875 0.14375 0.115625
6 0.89609375 0.6328125 0.0625 0.19453125
6 0.78984375 0.7625 0.15078125 0.090625
6 0.65390625 0.671875 0.07578125 0.08125
6 0.77734375 0.63828125 0.071875 0.08125
6 0.7109375 0.67265625 0.10703125 0.140625
6 0.80625 0.69140625 0.23515625 0.18984375
6 0.62734375 0.9671875 0.078125 0.06484375
6 0.6140625 0.81796875 0.25625 0.35859375
6 0.83671875 0.85859375 0.31484375 0.28203125
6 0.6765625 0.98046875 0.0625 0.03828125
6 0.5703125 0.93359375 0.1234375 0.13203125
6 0.39453125 0.88203125 0.3375 0.2359375
6 0.225 0.940625 0.03203125 0.05234375
6 0.67265625 0.2609375 0.06484375 0.065625
6 0.6640625 0.28125 0.1828125 0.13046875
6 0.85078125 0.4390625 0.1453125 0.20078125
6 0.825 0.2859375 0.14921875 0.32421875
6 0.75390625 0.31171875 0.15625 0.2015625
6 0.71015625 0.4890625 0.34609375 0.29765625
6 0.634375 0.25234375 0.06953125 0.0859375