8 0.8328125 0.9671875 0.09140625 0.06484375
8 0.60234375 0.08359375 0.046875 0.12265625
8 0.50234375 0.01328125 0.215625 0.02578125
7 0.4265625 0.73046875 0.34296875 0.3796875
7 0.43203125 0.61953125 0.3640625 0.3015625
8 0.478125 0.1140625 0.24921875 0.228125
7 0.459375 0.42734375 0.38203125 0.50703125
8 0.675 0.45390625 0.05546875 0.0578125
8 0.94765625 0.23671875 0.10390625 0.13359375
8 0.82265625 0.47421875 0.3546875 0.38671875
8 0.68046875 0.9609375 0.26796875 0.07734375
8 0.73203125 0.67421875 0.371875 0.55625
8 0.93359375 0.76953125 0.1328125 0.459375
4 0.971875 0.7578125 0.05625 0.09375
4 0.9703125 0.81015625 0.059375 0.13125
1 0.47109375 0.42890625 0.35390625 0.14765625
1 0.4515625 0.71796875 0.303125 0.14453125
1 0.45 0.74140625 0.29765625 0.14453125