6 0.87421875 0.43671875 0.16328125 0.09296875
8 0.8875 0.5359375 0.05625 0.0671875
8 0.9515625 0.5953125 0.096875 0.15546875
6 0.54296875 0.58046875 0.046875 0.09453125
6 0.60234375 0.415625 0.05078125 0.0359375
6 0.77109375 0.440625 0.07578125 0.03359375
8 0.040625 0.47265625 0.08125 0.0953125
6 0.56484375 0.7015625 0.10390625 0.09609375
6 0.93203125 0.646875 0.096875 0.1859375
6 0.5375 0.5 0.0328125 0.0765625
6 0.82578125 0.41796875 0.08828125 0.06484375
2 0.25703125 0.72421875 0.06015625 0.059375
6 0.59140625 0.4828125 0.1078125 0.11875
6 0.81953125 0.5578125 0.1359375 0.028125
2 0.20546875 0.6140625 0.14140625 0.246875
1 0.20390625 0.73671875 0.0609375 0.03828125
2 0.48984375 0.403125 0.1546875 0.203125
2 0.384375 0.3828125 0.05859375 0.03671875
6 0.66484375 0.54609375 0.13046875 0.07734375
6 0.75234375 0.6265625 0.29609375 0.11015625
6 0.7 0.7140625 0.19453125 0.1015625
6 0.83203125 0.5015625 0.09375 0.08984375
8 0.3890625 0.56328125 0.278125 0.3765625
6 0.83046875 0.71953125 0.0640625 0.0609375
6 0.5765625 0.6328125 0.07109375 0.19921875
6 0.80546875 0.584375 0.16171875 0.07890625
6 0.73203125 0.48203125 0.29140625 0.15625
6 0.68203125 0.3078125 0.259375 0.07578125
6 0.6296875 0.32109375 0.121875 0.04296875
6 0.72421875 0.34140625 0.0609375 0.034375
6 0.67578125 0.38125 0.21015625 0.0921875
6 0.8296875 0.3625 0.17109375 0.11640625
6 0.8078125 0.38828125 0.159375 0.0765625