8 0.71484375 0.575 0.278125 0.21171875
2 0.41796875 0.690625 0.0703125 0.0359375
1 0.29609375 0.790625 0.34921875 0.3390625
2 0.2359375 0.603125 0.1140625 0.0484375
2 0.29921875 0.60703125 0.05234375 0.04453125
8 0.27578125 0.39765625 0.33515625 0.403125
8 0.584375 0.47109375 0.1828125 0.25078125
8 0.4578125 0.5109375 0.353125 0.33984375
1 0.53828125 0.82734375 0.246875 0.34453125
1 0.79609375 0.82734375 0.3046875 0.34453125
1 0.71484375 0.73984375 0.14375 0.16953125
0 0.07890625 0.63359375 0.01484375 0.04921875
4 0.03125 0.68203125 0.0625 0.15703125
2 0.053125 0.625 0.0671875 0.07421875
2 0.128125 0.56640625 0.25625 0.13671875