1 0.36875 0.44453125 0.08046875 0.05078125
4 0.43984375 0.61953125 0.40859375 0.34140625
1 0.4734375 0.4515625 0.1078125 0.07890625
3 0.55078125 0.56953125 0.128125 0.028125
3 0.55625 0.55078125 0.1359375 0.0484375
3 0.5578125 0.54296875 0.12421875 0.05234375
3 0.5625 0.53671875 0.1296875 0.05703125
3 0.56796875 0.5203125 0.13984375 0.08046875
3 0.5734375 0.5046875 0.13984375 0.10078125
3 0.60859375 0.484375 0.196875 0.13046875
3 0.390625 0.671875 0.153125 0.1015625
2 0.3921875 0.715625 0.07265625 0.01015625
6 0.32109375 0.56015625 0.1796875 0.1796875
2 0.42265625 0.590625 0.1546875 0.2515625
6 0.53984375 0.63203125 0.18125 0.14140625