1 0.90078125 0.02890625 0.13203125 0.0578125
8 0.22265625 0.0484375 0.1515625 0.09609375
8 0.15 0.40390625 0.3 0.684375
5 0.75625 0.9203125 0.13359375 0.159375
2 0.54140625 0.46015625 0.91640625 0.9203125
1 0.559375 0.50703125 0.13203125 0.13359375
5 0.58515625 0.434375 0.08984375 0.1203125
1 0.528125 0.4 0.06640625 0.1265625
0 0.428125 0.4015625 0.0640625 0.190625
1 0.50078125 0.6828125 0.02421875 0.05546875
1 0.56640625 0.6390625 0.11015625 0.13984375
5 0.71484375 0.59140625 0.11953125 0.11328125
1 0.590625 0.696875 0.1296875 0.22265625
6 0.76015625 0.66796875 0.1796875 0.2359375
1 0.36796875 0.6046875 0.12265625 0.09921875
5 0.58984375 0.64453125 0.35703125 0.24921875
8 0.3578125 0.60625 0.10546875 0.090625
1 0.3828125 0.49375 0.1546875 0.1828125
1 0.5375 0.3046875 0.04296875 0.18671875
8 0.08046875 0.1421875 0.16015625 0.28359375
1 0.5234375 0.3171875 0.0375 0.19140625
5 0.47734375 0.3703125 0.084375 0.31328125
2 0.5140625 0.13203125 0.51171875 0.26328125
5 0.35703125 0.3515625 0.125 0.23203125
8 0.7171875 0.51484375 0.1609375 0.0578125
5 0.31640625 0.73984375 0.37890625 0.17578125
5 0.47578125 0.7859375 0.2109375 0.16640625
8 0.696875 0.5796875 0.03515625 0.11015625
2 0.75859375 0.3328125 0.43125 0.43515625
1 0.66484375 0.79921875 0.3890625 0.17890625