8 0.90390625 0.36484375 0.08984375 0.10703125
8 0.9484375 0.43125 0.09296875 0.153125
7 0.57421875 0.50546875 0.14921875 0.2328125
7 0.4859375 0.60546875 0.0265625 0.059375
8 0.4859375 0.58828125 0.02109375 0.0484375
2 0.76015625 0.6765625 0.16171875 0.15546875
2 0.4546875 0.43125 0.16953125 0.296875
6 0.38359375 0.3515625 0.0265625 0.03671875
6 0.40234375 0.33515625 0.0546875 0.09453125
7 0.2625 0.32421875 0.2171875 0.3265625
2 0.3390625 0.671875 0.28125 0.59140625
2 0.62265625 0.4796875 0.29453125 0.2546875
8 0.840625 0.51875 0.19140625 0.29453125
2 0.91796875 0.60859375 0.1640625 0.40390625
8 0.98046875 0.25 0.03671875 0.07265625
8 0.99375 0.26328125 0.0125 0.071875
1 0.11640625 0.9109375 0.2328125 0.15625
8 0.9421875 0.8984375 0.115625 0.2015625
1 0.45 0.3328125 0.03828125 0.075