2 0.8953125 0.81328125 0.159375 0.2171875
2 0.44453125 0.4375 0.09609375 0.0421875
2 0.60390625 0.34375 0.55078125 0.2109375
2 0.6 0.61328125 0.64140625 0.38671875
2 0.33984375 0.65078125 0.46796875 0.27734375
2 0.853125 0.56015625 0.29296875 0.36953125
8 0.8984375 0.3203125 0.203125 0.13671875
1 0.703125 0.3453125 0.49375 0.09140625
2 0.72421875 0.328125 0.23671875 0.08046875
2 0.75859375 0.284375 0.228125 0.0734375
3 0.496875 0.3796875 0.04609375 0.0390625
2 0.90859375 0.3125 0.1828125 0.18359375
2 0.053125 0.52109375 0.10546875 0.159375
1 0.0484375 0.6046875 0.09609375 0.08125
2 0.94609375 0.4171875 0.10703125 0.04765625
6 0.053125 0.13828125 0.10625 0.2734375
1 0.85234375 0.49921875 0.2953125 0.13828125
2 0.959375 0.78984375 0.08046875 0.13671875
2 0.953125 0.8765625 0.09296875 0.09765625
2 0.9390625 0.95234375 0.121875 0.0953125