6 0.56015625 0.178125 0.0734375 0.12890625
8 0.484375 0.1875 0.10078125 0.10625
8 0.5359375 0.44375 0.2078125 0.53359375
8 0.39140625 0.27890625 0.11875 0.14375
8 0.2078125 0.434375 0.2703125 0.58984375
2 0.9546875 0.415625 0.090625 0.37578125
2 0.30703125 0.67421875 0.07265625 0.0609375
8 0.39609375 0.4625 0.1421875 0.35625
8 0.48203125 0.7296875 0.27421875 0.46171875
1 0.51953125 0.19453125 0.046875 0.20546875
2 0.57890625 0.23671875 0.03125 0.05390625
1 0.5171875 0.11953125 0.0515625 0.0984375
8 0.67734375 0.2078125 0.26640625 0.27421875
8 0.7296875 0.66640625 0.36171875 0.665625
8 0.73125 0.40390625 0.275 0.4890625
6 0.94375 0.8578125 0.09765625 0.1546875