2 0.28125 0.13984375 0.04140625 0.09765625
8 0.321875 0.26640625 0.11875 0.2078125
8 0.74765625 0.28046875 0.1875 0.3484375
8 0.184375 0.275 0.2234375 0.37265625
8 0.5953125 0.42265625 0.2046875 0.30234375
8 0.39453125 0.47890625 0.22109375 0.34375
8 0.9171875 0.41484375 0.165625 0.34609375
8 0.87734375 0.3203125 0.0390625 0.0125
8 0.7953125 0.51796875 0.23046875 0.41796875
8 0.8421875 0.425 0.0484375 0.05625
8 0.57890625 0.72265625 0.2859375 0.409375
6 0.5671875 0.665625 0.11640625 0.090625
6 0.57890625 0.57890625 0.10703125 0.059375
3 0.64609375 0.5859375 0.03984375 0.04765625
2 0.38125 0.6765625 0.10234375 0.24140625
8 0.57109375 0.3140625 0.040625 0.05078125
2 0.23984375 0.64296875 0.20546875 0.37734375
6 0.59453125 0.33203125 0.06328125 0.02265625
2 0.25859375 0.4640625 0.14921875 0.12734375
8 0.60078125 0.303125 0.028125 0.046875
2 0.26015625 0.51171875 0.153125 0.13515625
6 0.61171875 0.34609375 0.04375 0.03828125
2 0.29375 0.528125 0.09375 0.08125
2 0.2171875 0.53125 0.12109375 0.0953125
2 0.30234375 0.5546875 0.0421875 0.0578125
2 0.19140625 0.55 0.0671875 0.0375
2 0.2765625 0.48984375 0.0484375 0.0484375
2 0.14375 0.21796875 0.05078125 0.04609375
6 0.18515625 0.21015625 0.040625 0.0515625
1 0.19765625 0.525 0.1015625 0.12734375
8 0.840625 0.5890625 0.10390625 0.209375
8 0.72734375 0.5453125 0.084375 0.13515625
8 0.83125 0.571875 0.059375 0.103125
8 0.75859375 0.64609375 0.128125 0.11484375