6 0.64375 0.48359375 0.096875 0.0625
1 0.62734375 0.4890625 0.04765625 0.0578125
4 0.66875 0.53203125 0.0546875 0.05
2 0.81171875 0.35390625 0.11953125 0.11015625
2 0.43515625 0.69375 0.21328125 0.296875
5 0.525 0.7203125 0.034375 0.16875
1 0.42421875 0.7 0.09375 0.059375
1 0.4875 0.6875 0.04921875 0.059375
2 0.18359375 0.5484375 0.2765625 0.27578125
2 0.1921875 0.50546875 0.2328125 0.11796875
1 0.17421875 0.4375 0.04296875 0.0671875
6 0.24375 0.5328125 0.06015625 0.06875
8 0.3625 0.43828125 0.121875 0.315625
6 0.4328125 0.3484375 0.07265625 0.096875
8 0.60078125 0.6046875 0.15234375 0.209375
2 0.58984375 0.4625 0.04375 0.09921875
2 0.50703125 0.37578125 0.09921875 0.04609375
2 0.540625 0.4109375 0.08828125 0.0890625
2 0.47421875 0.409375 0.11640625 0.07421875
8 0.50546875 0.52578125 0.1765625 0.27578125
2 0.8484375 0.42890625 0.053125 0.04296875
8 0.796875 0.515625 0.14765625 0.17890625
8 0.73125 0.42421875 0.184375 0.2046875
6 0.71328125 0.634375 0.0859375 0.2546875
8 0.6515625 0.7046875 0.2015625 0.2296875
2 0.915625 0.2453125 0.0953125 0.2203125
3 0.79609375 0.559375 0.0453125 0.0390625
6 0.75390625 0.575 0.0421875 0.0734375
2 0.4765625 0.7609375 0.0546875 0.0640625
2 0.49140625 0.5453125 0.1328125 0.21796875
3 0.44921875 0.55859375 0.0484375 0.034375
6 0.50625 0.4984375 0.040625 0.05703125
1 0.453125 0.49765625 0.0296875 0.06796875
6 0.44765625 0.5453125 0.05234375 0.040625