6 0.44921875 0.2484375 0.053125 0.0140625
6 0.49921875 0.265625 0.0796875 0.04609375
6 0.86328125 0.2765625 0.0671875 0.053125
1 0.27421875 0.065625 0.2625 0.13046875
6 0.81328125 0.02421875 0.1375 0.0484375
6 0.796875 0.20078125 0.11875 0.08515625
6 0.45546875 0.73515625 0.04453125 0.05859375
2 0.709375 0.41328125 0.3140625 0.32421875
6 0.43984375 0.403125 0.2078125 0.29609375
6 0.453125 0.58203125 0.09453125 0.06640625
8 0.18984375 0.53125 0.296875 0.14921875
6 0.37578125 0.56796875 0.07578125 0.02578125
1 0.42578125 0.625 0.06640625 0.06796875
1 0.39921875 0.68046875 0.07109375 0.10234375
2 0.66171875 0.675 0.27578125 0.25625
6 0.31015625 0.753125 0.24765625 0.0765625
2 0.3 0.63125 0.17109375 0.146875
6 0.38203125 0.54453125 0.08359375 0.059375
8 0.71875 0.428125 0.1484375 0.121875
2 0.7578125 0.34453125 0.146875 0.20078125
2 0.60390625 0.315625 0.1640625 0.11953125
8 0.64765625 0.128125 0.3984375 0.25625
6 0.4703125 0.0765625 0.2859375 0.15234375
3 0.26171875 0.1203125 0.08828125 0.05078125
1 0.10078125 0.1 0.2015625 0.2
8 0.02265625 0.63671875 0.04453125 0.1765625
1 0.09453125 0.49765625 0.11875 0.0578125