2 0.43515625 0.584375 0.51171875 0.48046875
0 0.3296875 0.47578125 0.0578125 0.021875
0 0.3828125 0.56875 0.06015625 0.0296875
0 0.23671875 0.50859375 0.03984375 0.096875
6 0.28046875 0.48828125 0.0859375 0.02421875
6 0.29375 0.5 0.090625 0.034375
0 0.371875 0.73515625 0.09765625 0.065625
0 0.35625 0.50546875 0.0515625 0.0390625
0 0.41875 0.51640625 0.13984375 0.07890625
0 0.38125 0.5390625 0.0453125 0.04453125
4 0.26015625 0.5015625 0.03515625 0.009375
0 0.31875 0.5515625 0.13515625 0.11015625
0 0.29609375 0.5296875 0.08984375 0.0765625
0 0.28046875 0.6 0.07421875 0.10625
0 0.43046875 0.7015625 0.03125 0.0203125
0 0.50234375 0.62734375 0.040625 0.04765625
0 0.35078125 0.6109375 0.0796875 0.07578125
0 0.31171875 0.6671875 0.0671875 0.05859375
0 0.39296875 0.7703125 0.09453125 0.05703125
0 0.3953125 0.7453125 0.046875 0.01953125
0 0.41015625 0.6265625 0.02578125 0.04453125
0 0.44296875 0.76953125 0.046875 0.06171875
0 0.4171875 0.62890625 0.025 0.0390625
0 0.46875 0.659375 0.08984375 0.0875
0 0.434375 0.590625 0.13125 0.06796875
0 0.475 0.746875 0.153125 0.09609375
0 0.5078125 0.67890625 0.040625 0.10625
0 0.41953125 0.6546875 0.0375 0.028125
0 0.2984375 0.69453125 0.059375 0.08828125
0 0.3734375 0.68359375 0.1359375 0.11015625
4 0.321875 0.675 0.0390625 0.0078125
4 0.3265625 0.69375 0.0390625 0.015625