1 0.49375 0.8125 0.08203125 0.09140625
1 0.55078125 0.91484375 0.1921875 0.1703125
1 0.6125 0.7484375 0.09609375 0.1671875
1 0.584375 0.584375 0.2484375 0.2109375
1 0.515625 0.709375 0.06484375 0.153125
1 0.73828125 0.53828125 0.18125 0.2109375
8 0.890625 0.92578125 0.08671875 0.1484375
8 0.85546875 0.93515625 0.11640625 0.12890625
1 0.39765625 0.65078125 0.13828125 0.2109375
1 0.42109375 0.83359375 0.04375 0.103125
1 0.66484375 0.90703125 0.23203125 0.1859375
8 0.940625 0.75234375 0.00078125 0.01171875
1 0.71015625 0.7703125 0.1140625 0.153125
1 0.7578125 0.73671875 0.12890625 0.20546875
8 0.859375 0.8171875 0.171875 0.26015625
1 0.415625 0.9390625 0.0296875 0.09296875