2 0.69765625 0.790625 0.33359375 0.38828125
2 0.72734375 0.59765625 0.06171875 0.16328125
2 0.64765625 0.39375 0.12109375 0.35703125
2 0.6109375 0.61015625 0.22578125 0.3125
2 0.340625 0.52421875 0.40703125 0.60234375
2 0.44375 0.25859375 0.1796875 0.15078125
2 0.56796875 0.47734375 0.2140625 0.4296875
2 0.25859375 0.2890625 0.16796875 0.22109375
2 0.27734375 0.43125 0.240625 0.1546875
2 0.534375 0.37890625 0.14296875 0.23515625
2 0.590625 0.3875 0.0625 0.11953125
2 0.51875 0.3796875 0.109375 0.18671875
2 0.3515625 0.365625 0.10078125 0.15859375