8 0.6109375 0.40625 0.31484375 0.21640625
8 0.48828125 0.41796875 0.178125 0.1265625
8 0.34609375 0.378125 0.3703125 0.19609375
8 0.1921875 0.4265625 0.23984375 0.08046875
6 0.11328125 0.53515625 0.20859375 0.14765625
8 0.2484375 0.5609375 0.49609375 0.40546875
8 0.1828125 0.80546875 0.36484375 0.2296875
2 0.31953125 0.81171875 0.10234375 0.04609375
8 0.3390625 0.690625 0.36640625 0.246875
8 0.734375 0.41328125 0.53046875 0.42421875
8 0.734375 0.76015625 0.4640625 0.4796875
8 0.53359375 0.809375 0.3609375 0.38046875
8 0.97265625 0.15390625 0.0546875 0.08515625