2 0.815625 0.33828125 0.0859375 0.04921875
2 0.8640625 0.396875 0.0859375 0.0875
2 0.94921875 0.546875 0.0859375 0.090625
2 0.88671875 0.51328125 0.09609375 0.14453125
2 0.23203125 0.34921875 0.26171875 0.25390625
5 0.22890625 0.375 0.034375 0.0671875
1 0.35703125 0.884375 0.03984375 0.1078125
2 0.71875 0.43125 0.36328125 0.2953125
2 0.9453125 0.66171875 0.1078125 0.15546875
2 0.79140625 0.74609375 0.3296875 0.37734375
2 0.47421875 0.35078125 0.12734375 0.16171875
2 0.3703125 0.528125 0.2046875 0.3
2 0.49140625 0.65703125 0.33984375 0.34765625
2 0.50234375 0.5765625 0.2484375 0.34375
3 0.23828125 0.42890625 0.040625 0.0546875
2 0.184375 0.6328125 0.30625 0.45390625
2 0.3265625 0.4625 0.09921875 0.175
5 0.190625 0.4046875 0.034375 0.046875
5 0.27578125 0.33984375 0.0453125 0.0671875
5 0.32578125 0.34609375 0.02265625 0.04609375
5 0.2765625 0.39453125 0.04375 0.06484375
6 0.32734375 0.57734375 0.0484375 0.09453125
1 0.31953125 0.56640625 0.01796875 0.04765625
2 0.5859375 0.74921875 0.08828125 0.09140625