2 0.52265625 0.546875 0.953125 0.6265625
2 0.48984375 0.4796875 0.59453125 0.3828125
2 0.4015625 0.3359375 0.14296875 0.06640625
2 0.40390625 0.41015625 0.3359375 0.18984375
2 0.28984375 0.49375 0.06328125 0.03828125
2 0.55625 0.4640625 0.0765625 0.034375
3 0.5046875 0.44296875 0.04921875 0.03671875
3 0.525 0.48515625 0.0546875 0.06484375
3 0.5828125 0.48359375 0.0609375 0.0453125
2 0.5390625 0.4125 0.09921875 0.0421875
3 0.5875 0.43359375 0.11015625 0.065625
3 0.628125 0.46484375 0.08046875 0.0578125
3 0.31171875 0.5546875 0.06640625 0.05390625
3 0.35703125 0.540625 0.07890625 0.07421875
3 0.309375 0.51171875 0.078125 0.04453125
2 0.42421875 0.46953125 0.240625 0.18515625