7 0.40390625 0.3984375 0.0671875 0.0234375
7 0.4140625 0.39140625 0.0734375 0.01796875
7 0.36953125 0.55703125 0.0203125 0.040625
7 0.39921875 0.3734375 0.128125 0.03515625
7 0.3921875 0.471875 0.07578125 0.1328125
7 0.6421875 0.1921875 0.0703125 0.0171875
7 0.65390625 0.2 0.09140625 0.01796875
8 0.51484375 0.3296875 0.26875 0.11640625
6 0.59375 0.3859375 0.05390625 0.08359375
1 0.6765625 0.2375 0.09296875 0.2640625
10 0.67109375 0.3125 0.05859375 0.09296875
2 0.609375 0.67109375 0.1640625 0.07578125
7 0.5765625 0.60078125 0.1171875 0.02890625
2 0.609375 0.653125 0.15859375 0.0859375
7 0.590625 0.5375 0.15546875 0.11015625
7 0.44296875 0.6359375 0.1296875 0.11796875
7 0.44609375 0.57890625 0.13828125 0.1
7 0.58125 0.509375 0.0765625 0.0265625
7 0.59296875 0.465625 0.103125 0.07890625
7 0.59140625 0.4609375 0.0671875 0.03203125
7 0.45234375 0.5 0.184375 0.1234375
7 0.4296875 0.35390625 0.1203125 0.04140625
7 0.50390625 0.3828125 0.153125 0.0671875
7 0.4703125 0.45390625 0.17890625 0.07578125
2 0.928125 0.6765625 0.09609375 0.06015625
2 0.90078125 0.68515625 0.0890625 0.05859375
2 0.828125 0.83125 0.34375 0.3375
0 0.9609375 0.73359375 0.0765625 0.08046875
2 0.0625 0.89921875 0.125 0.20078125
4 0.42578125 0.28515625 0.02109375 0.125
1 0.5 0.43046875 0.05546875 0.02421875