8 0.7734375 0.37578125 0.13671875 0.08046875
8 0.546875 0.52265625 0.0546875 0.06953125
8 0.625 0.64296875 0.13828125 0.30390625
8 0.646875 0.44375 0.04921875 0.08984375
8 0.5609375 0.33203125 0.0578125 0.0109375
8 0.5046875 0.51953125 0.03125 0.0859375
8 0.35703125 0.56875 0.03359375 0.0625
8 0.1640625 0.46796875 0.025 0.040625
8 0.246875 0.46015625 0.16015625 0.06875
8 0.65390625 0.32578125 0.140625 0.1703125
8 0.77578125 0.390625 0.13203125 0.2078125
8 0.9140625 0.51640625 0.15 0.2515625
8 0.221875 0.48828125 0.12109375 0.1
8 0.86875 0.59296875 0.1765625 0.3421875
8 0.7046875 0.47421875 0.1453125 0.16015625
8 0.7609375 0.54296875 0.09375 0.16953125
8 0.77578125 0.659375 0.21796875 0.32109375
8 0.03125 0.5953125 0.0625 0.096875
7 0.03046875 0.4578125 0.0609375 0.05078125
7 0.028125 0.51484375 0.05546875 0.0875
1 0.0390625 0.49765625 0.028125 0.046875
8 0.1046875 0.44453125 0.12734375 0.134375
8 0.1125 0.51953125 0.13046875 0.23359375
8 0.2484375 0.575 0.23984375 0.22421875
8 0.19375 0.3875 0.16953125 0.1625
8 0.38359375 0.40859375 0.12265625 0.259375
8 0.44453125 0.56015625 0.14609375 0.23515625
8 0.56171875 0.434375 0.24453125 0.1984375
8 0.54921875 0.74921875 0.1765625 0.40390625
8 0.88203125 0.30703125 0.1765625 0.215625
8 0.859375 0.346875 0.12109375 0.1734375
8 0.6453125 0.5140625 0.0609375 0.03671875
8 0.375 0.7234375 0.19140625 0.25625
8 0.840625 0.22421875 0.06328125 0.03125
8 0.853125 0.56796875 0.05078125 0.12578125
1 0.81015625 0.60234375 0.12421875 0.19453125