8 0.58359375 0.1671875 0.59921875 0.334375
3 0.53359375 0.475 0.64375 0.53125
5 0.57421875 0.28515625 0.12578125 0.07109375
5 0.5390625 0.528125 0.33828125 0.09453125
4 0.4140625 0.4921875 0.065625 0.04765625
4 0.365625 0.49765625 0.0671875 0.0453125
5 0.71015625 0.47421875 0.08046875 0.0796875
5 0.53046875 0.415625 0.296875 0.1
5 0.41953125 0.2921875 0.2265625 0.11796875
5 0.56796875 0.30703125 0.225 0.13984375
5 0.37421875 0.35078125 0.11484375 0.0921875
5 0.55234375 0.4546875 0.26875 0.05859375
4 0.4234375 0.496875 0.04609375 0.01640625
4 0.37890625 0.45 0.03828125 0.03515625
8 0.7765625 0.18203125 0.1140625 0.17109375