1 0.59375 0.0859375 0.0484375 0.171875
7 0.53046875 0.41875 0.19296875 0.146875
6 0.2171875 0.6046875 0.1765625 0.121875
1 0.07421875 0.4640625 0.1484375 0.69375
7 0.5625 0.68046875 0.79921875 0.04453125
7 0.2703125 0.59296875 0.10859375 0.071875
7 0.4859375 0.56484375 0.36328125 0.1984375
7 0.5609375 0.36640625 0.03671875 0.01875
7 0.61328125 0.425 0.109375 0.11640625
7 0.51640625 0.4046875 0.0984375 0.065625
7 0.53984375 0.4328125 0.20234375 0.1
6 0.753125 0.13671875 0.3 0.2734375
6 0.79140625 0.034375 0.30546875 0.06875
7 0.38671875 0.30546875 0.56875 0.53359375
4 0.69140625 0.40234375 0.07265625 0.18671875
1 0.79453125 0.16875 0.1953125 0.3375
6 0.65546875 0.1046875 0.06328125 0.1609375
1 0.35703125 0.30390625 0.428125 0.48984375