8 0.8125 0.50546875 0.1453125 0.2765625
2 0.79375 0.61640625 0.09296875 0.16484375
2 0.73359375 0.71015625 0.05234375 0.0296875
8 0.6984375 0.5921875 0.18125 0.23046875
8 0.55234375 0.45390625 0.10703125 0.09375
8 0.28515625 0.4296875 0.2421875 0.40546875
2 0.37578125 0.39453125 0.03125 0.1015625
1 0.39765625 0.39609375 0.0390625 0.07578125
2 0.4828125 0.43515625 0.2328125 0.19453125
2 0.52734375 0.575 0.18046875 0.2453125
2 0.61015625 0.78515625 0.20390625 0.23203125
1 0.65234375 0.684375 0.06328125 0.06640625
2 0.56015625 0.65703125 0.1828125 0.2765625
2 0.38984375 0.77890625 0.30546875 0.44140625
6 0.3765625 0.67890625 0.06015625 0.04921875
6 0.31796875 0.78359375 0.115625 0.20703125
6 0.375 0.73828125 0.1296875 0.190625
6 0.453125 0.68828125 0.1328125 0.18046875