6 0.17265625 0.6171875 0.0703125 0.08984375
8 0.74765625 0.29375 0.0703125 0.353125
8 0.6015625 0.31875 0.31640625 0.6375
8 0.3875 0.59765625 0.2828125 0.5984375
8 0.084375 0.9203125 0.16875 0.15859375
8 0.2515625 0.7890625 0.24453125 0.42109375
8 0.72421875 0.74296875 0.215625 0.41171875
2 0.746875 0.64296875 0.05703125 0.08203125
8 0.5390625 0.746875 0.209375 0.41796875
8 0.571875 0.65 0.0390625 0.09453125
6 0.53359375 0.6609375 0.06640625 0.09296875
6 0.47421875 0.675 0.06328125 0.08671875
6 0.525 0.628125 0.0546875 0.034375
6 0.54921875 0.5796875 0.03359375 0.071875
6 0.52109375 0.61875 0.0609375 0.0421875
6 0.5125 0.584375 0.0703125 0.096875
1 0.46640625 0.62578125 0.00859375 0.0609375
6 0.7359375 0.67734375 0.07109375 0.05
3 0.6546875 0.65625 0.04609375 0.06015625
3 0.675 0.68359375 0.046875 0.0515625
2 0.70078125 0.7109375 0.04765625 0.0671875
2 0.734375 0.71171875 0.06484375 0.09921875