2 0.61640625 0.278125 0.028125 0.165625
2 0.475 0.51484375 0.01328125 0.0578125
2 0.28203125 0.65703125 0.3109375 0.16015625
2 0.61015625 0.3859375 0.03671875 0.08203125
8 0.38125 0.6484375 0.09375 0.11015625
2 0.5765625 0.2859375 0.084375 0.2796875
2 0.53515625 0.33046875 0.04921875 0.125
2 0.559375 0.43515625 0.13828125 0.23984375
2 0.5171875 0.31796875 0.0359375 0.1140625
2 0.51875 0.26875 0.04375 0.1734375
2 0.44140625 0.4359375 0.1453125 0.33515625
2 0.41953125 0.41171875 0.1265625 0.25546875
1 0.36796875 0.37890625 0.0453125 0.06171875
2 0.2625 0.52578125 0.24296875 0.31015625
2 0.6515625 0.70859375 0.471875 0.37265625