2 0.55546875 0.34921875 0.15078125 0.140625
2 0.62421875 0.3046875 0.18203125 0.11953125
8 0.51015625 0.453125 0.190625 0.12265625
2 0.603125 0.353125 0.15546875 0.08125
2 0.32421875 0.959375 0.253125 0.08125
2 0.36171875 0.8890625 0.25 0.22109375
8 0.64765625 0.4640625 0.27265625 0.253125
8 0.578125 0.8609375 0.33359375 0.278125
1 0.32421875 0.775 0.0671875 0.0390625
8 0.6609375 0.66875 0.29375 0.203125
8 0.14453125 0.6078125 0.075 0.05234375
5 0.175 0.65859375 0.04140625 0.01953125
8 0.26640625 0.62734375 0.31953125 0.12734375
6 0.278125 0.5609375 0.1921875 0.1546875
7 0.2953125 0.4265625 0.16484375 0.12265625
7 0.40625 0.39296875 0.18125 0.1515625
7 0.35859375 0.3765625 0.23515625 0.1515625
1 0.26640625 0.3375 0.17578125 0.0890625
8 0.18046875 0.4671875 0.275 0.2390625
7 0.31484375 0.61484375 0.1109375 0.0328125
8 0.05703125 0.6109375 0.1046875 0.13671875
2 0.021875 0.746875 0.04375 0.05
2 0.3125 0.96875 0.08515625 0.06171875
2 0.396875 0.71484375 0.08671875 0.12109375
6 0.66171875 0.49375 0.0515625 0.02578125
2 0.65546875 0.2734375 0.11640625 0.096875
2 0.09453125 0.378125 0.06015625 0.04453125