8 0.76015625 0.57265625 0.05859375 0.19375
1 0.09375 0.9140625 0.1875 0.17109375
1 0.23046875 0.86484375 0.0359375 0.03828125
1 0.29453125 0.86484375 0.10625 0.009375
1 0.2109375 0.76953125 0.0546875 0.071875
8 0.06171875 0.2359375 0.04765625 0.07109375
6 0.0625 0.2015625 0.08203125 0.13515625
8 0.6109375 0.359375 0.0796875 0.0921875
8 0.85546875 0.13046875 0.10234375 0.07265625
8 0.871875 0.453125 0.25546875 0.59453125
1 0.9171875 0.37265625 0.16484375 0.3671875
1 0.96640625 0.171875 0.06640625 0.0734375
7 0.70703125 0.43671875 0.21796875 0.3359375
8 0.546875 0.6875 0.4203125 0.36015625
1 0.2203125 0.51796875 0.22265625 0.40546875
1 0.51796875 0.4953125 0.0375 0.0296875
1 0.19921875 0.41796875 0.0296875 0.046875
2 0.23203125 0.41875 0.04453125 0.06875
1 0.27890625 0.596875 0.0421875 0.0515625
1 0.30390625 0.5296875 0.0203125 0.0765625
8 0.2734375 0.44921875 0.0796875 0.1078125
2 0.24609375 0.47734375 0.103125 0.08125
1 0.296875 0.51640625 0.0296875 0.1484375
2 0.2796875 0.56328125 0.0546875 0.04453125
1 0.21640625 0.55390625 0.1609375 0.2296875
8 0.1953125 0.57890625 0.09296875 0.10234375
8 0.32578125 0.59453125 0.09140625 0.0828125
1 0.0921875 0.29609375 0.034375 0.04921875