2 0.9484375 0.66171875 0.06953125 0.04921875
2 0.72109375 0.33515625 0.121875 0.10703125
2 0.79296875 0.4828125 0.4140625 0.41171875
2 0.725 0.59375 0.4609375 0.29296875
2 0.41484375 0.37578125 0.35625 0.234375
8 0.42578125 0.1171875 0.35546875 0.23359375
2 0.4015625 0.27578125 0.28359375 0.09765625
2 0.38359375 0.34140625 0.1640625 0.103125
3 0.41484375 0.4140625 0.275 0.04453125
8 0.69921875 0.8578125 0.34140625 0.28359375
2 0.32890625 0.59765625 0.36015625 0.35
1 0.64140625 0.4140625 0.11953125 0.1234375
2 0.753125 0.15859375 0.26953125 0.3171875