8 0.040625 0.66875 0.08046875 0.271875
8 0.23203125 0.6703125 0.46328125 0.275
8 0.0703125 0.703125 0.12578125 0.06875
2 0.575 0.51953125 0.40703125 0.3
2 0.39609375 0.48828125 0.02890625 0.12890625
2 0.53359375 0.48046875 0.2921875 0.18359375
2 0.584375 0.425 0.30234375 0.0765625
2 0.75390625 0.45546875 0.02734375 0.0796875
2 0.59296875 0.42890625 0.30625 0.06640625
2 0.51640625 0.409375 0.05703125 0.03125
2 0.584375 0.42109375 0.24609375 0.07421875
2 0.57890625 0.50546875 0.3578125 0.178125
6 0.6234375 0.52421875 0.2984375 0.140625