2 0.24296875 0.0859375 0.06796875 0.07109375
6 0.31328125 0.0703125 0.078125 0.05546875
8 0.2953125 0.32578125 0.221875 0.59453125
8 0.371875 0.07421875 0.05078125 0.040625
8 0.44921875 0.19375 0.19453125 0.15234375
8 0.4734375 0.42109375 0.27109375 0.58359375
2 0.63828125 0.65546875 0.1390625 0.22890625
8 0.821875 0.11796875 0.11171875 0.06953125
8 0.66328125 0.13046875 0.09375 0.0796875
1 0.70703125 0.4234375 0.0203125 0.03671875
8 0.70859375 0.38046875 0.01796875 0.09921875
8 0.759375 0.46796875 0.33828125 0.790625
1 0.63046875 0.10859375 0.01640625 0.05
1 0.76171875 0.2296875 0.06484375 0.22421875
1 0.76015625 0.21328125 0.3359375 0.26484375