8 0.6453125 0.82734375 0.153125 0.0921875
8 0.3953125 0.8125 0.06875 0.05
3 0.46875 0.7859375 0.2296875 0.1640625
8 0.91015625 0.6640625 0.12265625 0.1390625
1 0.79296875 0.79296875 0.22265625 0.20625
1 0.56875 0.8765625 0.26171875 0.0828125
2 0.265625 0.69453125 0.36640625 0.36015625
1 0.35859375 0.759375 0.03359375 0.0296875
8 0.15546875 0.46796875 0.23984375 0.29609375
1 0.603125 0.31328125 0.25625 0.13984375
8 0.4625 0.31171875 0.1484375 0.20546875
2 0.68515625 0.5078125 0.3703125 0.3375
2 0.4890625 0.453125 0.18984375 0.2703125
1 0.33671875 0.4828125 0.36171875 0.46015625
8 0.61015625 0.6921875 0.48125 0.2609375
1 0.40234375 0.5515625 0.2046875 0.26640625