8 0.19375 0.30625 0.38671875 0.38046875
3 0.7078125 0.7390625 0.1203125 0.075
1 0.74765625 0.7890625 0.1203125 0.01953125
8 0.66796875 0.38046875 0.6421875 0.50625
8 0.42890625 0.56484375 0.771875 0.6703125
6 0.584375 0.39453125 0.2390625 0.1640625
8 0.4609375 0.3484375 0.06796875 0.02890625
1 0.365625 0.30859375 0.14140625 0.09921875
3 0.56484375 0.4328125 0.06875 0.0734375
2 0.4453125 0.41328125 0.20390625 0.1421875
6 0.73671875 0.48984375 0.0984375 0.03125
2 0.56640625 0.5046875 0.2671875 0.090625