2 0.53515625 0.60703125 0.1921875 0.1015625
8 0.94453125 0.84140625 0.1109375 0.07734375
7 0.62578125 0.54921875 0.34609375 0.11875
2 0.91953125 0.79296875 0.0640625 0.16875
2 0.89140625 0.803125 0.09375 0.1703125
8 0.23359375 0.484375 0.41796875 0.3203125
2 0.64375 0.62109375 0.0703125 0.04765625
8 0.3578125 0.66640625 0.3109375 0.209375
6 0.403125 0.68984375 0.0921875 0.05390625
2 0.32109375 0.559375 0.19140625 0.121875
2 0.6765625 0.80546875 0.41875 0.35078125
6 0.384375 0.6875 0.09375 0.053125
6 0.378125 0.64921875 0.103125 0.11875
6 0.30390625 0.65078125 0.17734375 0.10703125
8 0.89921875 0.65625 0.165625 0.146875
8 0.6890625 0.36484375 0.52734375 0.40625
2 0.71953125 0.69765625 0.35703125 0.24921875
8 0.96796875 0.80625 0.0625 0.09296875
2 0.49921875 0.728125 0.08203125 0.06171875
6 0.79375 0.60703125 0.0609375 0.0390625
6 0.85703125 0.65390625 0.07734375 0.04296875
6 0.9125 0.60625 0.08671875 0.07109375
6 0.26015625 0.6734375 0.1 0.06015625
2 0.28046875 0.33359375 0.21015625 0.06484375