2 0.2859375 0.3828125 0.23203125 0.434375
6 0.2796875 0.24609375 0.04296875 0.02578125
8 0.31953125 0.22734375 0.0578125 0.0578125
8 0.3265625 0.23203125 0.04453125 0.03203125
8 0.30390625 0.259375 0.12890625 0.0890625
2 0.21640625 0.27421875 0.08125 0.08203125
2 0.30703125 0.2734375 0.0171875 0.0375
2 0.4765625 0.41796875 0.15859375 0.1484375
8 0.434375 0.415625 0.02890625 0.15
2 0.478125 0.4015625 0.14921875 0.23046875
8 0.50703125 0.3609375 0.028125 0.040625
2 0.48203125 0.41640625 0.03984375 0.0515625
8 0.59140625 0.37734375 0.08515625 0.11171875
2 0.525 0.46171875 0.0875 0.11328125
8 0.7609375 0.3078125 0.1578125 0.16015625
2 0.8046875 0.4171875 0.12734375 0.16953125
8 0.86484375 0.43046875 0.1203125 0.1828125
8 0.89140625 0.534375 0.14453125 0.14296875
8 0.68515625 0.44921875 0.1515625 0.21640625
8 0.75859375 0.56328125 0.1421875 0.13984375
2 0.59296875 0.58203125 0.196875 0.33046875
8 0.7578125 0.67890625 0.15546875 0.240625
6 0.5015625 0.64765625 0.0671875 0.0625
8 0.49140625 0.58515625 0.1015625 0.14375
6 0.65390625 0.84375 0.10859375 0.16640625
8 0.47109375 0.778125 0.32578125 0.4203125
6 0.56796875 0.7046875 0.09296875 0.121875