3 0.2265625 0.121875 0.1140625 0.0734375
4 0.6828125 0.31484375 0.14765625 0.12109375
6 0.540625 0.87890625 0.24375 0.1421875
1 0.62109375 0.43828125 0.028125 0.01796875
6 0.64140625 0.3578125 0.19296875 0.1453125
1 0.76953125 0.27578125 0.17890625 0.08515625
2 0.634375 0.3609375 0.14765625 0.109375
6 0.7296875 0.38671875 0.08515625 0.05078125
2 0.1484375 0.10859375 0.0765625 0.02734375
2 0.128125 0.0890625 0.1140625 0.0546875
2 0.38515625 0.1484375 0.38828125 0.2109375
1 0.49921875 0.31171875 0.12578125 0.1109375
3 0.53671875 0.43671875 0.20859375 0.14765625
6 0.39921875 0.171875 0.05703125 0.0703125
2 0.43125 0.17578125 0.06796875 0.0796875
6 0.4625 0.4 0.09453125 0.08359375