2 0.96484375 0.0421875 0.06953125 0.084375
2 0.5 0.5 1 1
1 0.434375 0.38671875 0.10703125 0.28828125
3 0.43359375 0.46484375 0.02578125 0.04375
8 0.48359375 0.48359375 0.1171875 0.265625
6 0.52421875 0.46875 0.03515625 0.14375
8 0.36171875 0.23046875 0.12265625 0.08125
1 0.3609375 0.23046875 0.1203125 0.078125
8 0.715625 0.20859375 0.14140625 0.0546875
1 0.715625 0.2140625 0.13984375 0.06484375
8 0.70859375 0.46640625 0.50546875 0.52265625
5 0.4046875 0.6125 0.2484375 0.17890625
6 0.34296875 0.36328125 0.2296875 0.31953125
5 0.609375 0.6609375 0.2625 0.159375
5 0.640625 0.5265625 0.2390625 0.234375
5 0.6078125 0.321875 0.221875 0.15390625
4 0.3859375 0.63828125 0.275 0.26875