4 0.46328125 0.68828125 0.9265625 0.62265625
1 0.8140625 0.5703125 0.371875 0.38828125
6 0.6609375 0.3625 0.0203125 0.0671875
6 0.31015625 0.459375 0.396875 0.16328125
1 0.625 0.05390625 0.0703125 0.10546875
2 0.76484375 0.621875 0.103125 0.10546875
2 0.56328125 0.6453125 0.1203125 0.19921875
2 0.59609375 0.52578125 0.08515625 0.11640625
8 0.85234375 0.203125 0.04453125 0.09921875
1 0.67578125 0.06171875 0.11640625 0.12265625
8 0.8546875 0.078125 0.07421875 0.15625
8 0.75859375 0.07890625 0.128125 0.10859375
1 0.8 0.146875 0.06953125 0.04453125
6 0.28359375 0.60390625 0.40390625 0.30234375
8 0.97421875 0.3375 0.0515625 0.0890625
2 0.7578125 0.396875 0.4109375 0.54375
5 0.9265625 0.19609375 0.146875 0.39140625
8 0.39609375 0.075 0.43984375 0.14921875
2 0.103125 0.390625 0.0859375 0.028125