1 0.1953125 0.54765625 0.17421875 0.10390625
7 0.66953125 0.509375 0.25859375 0.16484375
7 0.2875 0.55859375 0.27578125 0.24140625
7 0.3578125 0.5546875 0.2703125 0.2609375
7 0.46953125 0.55625 0.396875 0.26640625
7 0.54765625 0.6515625 0.2953125 0.2375
7 0.31015625 0.621875 0.09375 0.13828125
1 0.76171875 0.70859375 0.3765625 0.296875
8 0.33203125 0.446875 0.14453125 0.09609375
5 0.26640625 0.42578125 0.04140625 0.0265625
5 0.278125 0.40859375 0.0359375 0.0140625
1 0.56484375 0.4359375 0.0421875 0.01484375
1 0.603125 0.45625 0.05 0.015625
1 0.61328125 0.4625 0.05390625 0.01171875
1 0.6765625 0.49140625 0.05625 0.0140625
1 0.659375 0.50078125 0.23359375 0.128125
1 0.53515625 0.6921875 0.1203125 0.1484375
1 0.62734375 0.58671875 0.1015625 0.07890625