7 0.74921875 0.4359375 0.07265625 0.12578125
7 0.7421875 0.3875 0.09375 0.11484375
7 0.6421875 0.32578125 0.22890625 0.14375
7 0.6453125 0.2546875 0.23203125 0.11953125
8 0.6296875 0.496875 0.31328125 0.534375
8 0.47109375 0.4796875 0.02421875 0.04765625
8 0.440625 0.56171875 0.10234375 0.17578125
8 0.39609375 0.634375 0.16328125 0.27890625
8 0.309375 0.76328125 0.2421875 0.371875
3 0.42109375 0.64765625 0.021875 0.090625
7 0.62265625 0.175 0.175 0.12734375
7 0.6234375 0.11953125 0.175 0.07734375
8 0.3796875 0.6234375 0.04609375 0.0671875