2 0.20390625 0.63671875 0.4078125 0.41953125
2 0.4453125 0.61796875 0.11484375 0.14296875
2 0.27734375 0.6734375 0.41171875 0.22265625
8 0.7765625 0.67109375 0.2609375 0.17265625
2 0.51796875 0.5203125 0.3421875 0.21484375
2 0.55859375 0.50625 0.28828125 0.16796875
2 0.55234375 0.50234375 0.19140625 0.1578125
2 0.52109375 0.4375 0.1671875 0.19375
2 0.56328125 0.22421875 0.21875 0.35234375
2 0.58359375 0.2578125 0.11875 0.0640625
2 0.778125 0.075 0.16171875 0.1484375
2 0.8515625 0.07421875 0.29609375 0.1484375
2 0.8234375 0.25390625 0.3515625 0.31484375
2 0.8671875 0.19765625 0.265625 0.346875
2 0.62578125 0.16328125 0.18125 0.20078125
2 0.56484375 0.1734375 0.07109375 0.05
2 0.7171875 0.37265625 0.16484375 0.2171875
3 0.83203125 0.40078125 0.08984375 0.05625