8 0.796875 0.05234375 0.125 0.1046875
2 0.51171875 0.62890625 0.4484375 0.5328125
2 0.63046875 0.47109375 0.0453125 0.12578125
8 0.403125 0.26875 0.06796875 0.06015625
8 0.66328125 0.17890625 0.1703125 0.3578125
8 0.8609375 0.03984375 0.0796875 0.0796875
8 0.93671875 0.08671875 0.115625 0.1734375
8 0.80390625 0.17109375 0.18359375 0.29453125
8 0.68359375 0.340625 0.02421875 0.0625
2 0.55234375 0.38203125 0.2515625 0.146875
2 0.540625 0.32421875 0.24453125 0.1609375
2 0.5578125 0.28359375 0.26796875 0.21171875
2 0.5578125 0.19375 0.2859375 0.26796875
6 0.6328125 0.48359375 0.0171875 0.05546875
7 0.21875 0.4828125 0.1359375 0.19140625
2 0.3859375 0.39296875 0.21953125 0.22890625
2 0.55078125 0.55859375 0.1828125 0.34765625
8 0.353125 0.425 0.08203125 0.15234375
2 0.5203125 0.4375 0.08515625 0.10078125
8 0.43203125 0.4796875 0.21171875 0.25625