2 0.184375 0.69140625 0.2390625 0.2640625
8 0.38359375 0.65625 0.26640625 0.29140625
6 0.3828125 0.51796875 0.07109375 0.040625
6 0.434375 0.54453125 0.10234375 0.05546875
6 0.3421875 0.56171875 0.1328125 0.0609375
6 0.35234375 0.61328125 0.07734375 0.04296875
6 0.415625 0.590625 0.13203125 0.0953125
6 0.334375 0.65703125 0.040625 0.0375
8 0.3 0.60859375 0.0921875 0.140625
8 0.7875 0.409375 0.2328125 0.28203125
8 0.60390625 0.49296875 0.1640625 0.21953125
6 0.5984375 0.4359375 0.08671875 0.0640625
8 0.7859375 0.3140625 0.19296875 0.06015625