1 0.14765625 0.30234375 0.2953125 0.6046875
2 0.48828125 0.496875 0.65390625 0.4140625
2 0.54453125 0.34140625 0.4609375 0.21484375
2 0.29921875 0.17265625 0.11484375 0.15546875
2 0.39453125 0.18203125 0.12734375 0.109375
2 0.5375 0.31484375 0.41171875 0.246875
2 0.4046875 0.20546875 0.1046875 0.0765625
2 0.615625 0.203125 0.32578125 0.15
2 0.43359375 0.321875 0.18359375 0.10703125
2 0.47109375 0.3578125 0.23203125 0.12578125
3 0.3046875 0.3703125 0.0703125 0.03671875
2 0.315625 0.38203125 0.08046875 0.0296875
2 0.29453125 0.60703125 0.31484375 0.24375
2 0.35546875 0.56953125 0.07734375 0.02578125
2 0.3234375 0.6046875 0.12578125 0.09921875
2 0.29140625 0.54765625 0.12421875 0.01875
1 0.36796875 0.6609375 0.03046875 0.0875
1 0.2546875 0.5640625 0.2046875 0.0640625
8 0.87734375 0.53359375 0.2453125 0.3421875
2 0.98984375 0.51171875 0.01953125 0.178125
1 0.70390625 0.71953125 0.109375 0.0546875