6 0.0421875 0.5109375 0.084375 0.04296875
7 0.0734375 0.57421875 0.14609375 0.18828125
8 0.1953125 0.53203125 0.16015625 0.19765625
8 0.35 0.51328125 0.16796875 0.3296875
2 0.65859375 0.65234375 0.23203125 0.20078125
7 0.45625 0.78515625 0.21875 0.27578125
2 0.68203125 0.56953125 0.21953125 0.25859375
2 0.79609375 0.3875 0.05390625 0.08828125
2 0.6828125 0.35390625 0.1765625 0.09296875
2 0.6703125 0.32734375 0.1625 0.19609375
2 0.70390625 0.41171875 0.1265625 0.10859375
2 0.72421875 0.51953125 0.1109375 0.153125
2 0.73515625 0.42734375 0.121875 0.09609375
7 0.62734375 0.44140625 0.0828125 0.034375
7 0.63046875 0.475 0.0859375 0.0640625
2 0.62421875 0.51171875 0.09453125 0.05625
2 0.67734375 0.51171875 0.015625 0.05625
2 0.7359375 0.5546875 0.07890625 0.1109375
2 0.86640625 0.63984375 0.1546875 0.3296875
5 0.82734375 0.53984375 0.04453125 0.14609375
6 0.83125 0.5984375 0.04296875 0.065625
1 0.88828125 0.50625 0.01953125 0.0546875
6 0.8921875 0.56171875 0.05859375 0.05625
6 0.88359375 0.596875 0.08515625 0.07578125
1 0.0625 0.584375 0.125 0.065625
1 0.4546875 0.8109375 0.215625 0.18984375