7 0.03984375 0.346875 0.0796875 0.07109375
10 0.18046875 0.34140625 0.3609375 0.30390625
7 0.425 0.19765625 0.0875 0.06640625
1 0.43125 0.1859375 0.07578125 0.0421875
7 0.59296875 0.20703125 0.26484375 0.19140625
1 0.58828125 0.178125 0.2515625 0.08046875
7 0.88984375 0.24453125 0.05546875 0.0421875
8 0.9 0.509375 0.1984375 0.29609375
8 0.90703125 0.3328125 0.1859375 0.15625
8 0.975 0.35546875 0.04921875 0.09921875
7 0.88359375 0.74765625 0.1640625 0.06796875
8 0.7890625 0.85390625 0.3390625 0.19765625
8 0.81875 0.58515625 0.17890625 0.2859375
8 0.68515625 0.73203125 0.23203125 0.14453125
8 0.328125 0.74453125 0.30390625 0.3765625
7 0.29765625 0.753125 0.26640625 0.37265625
1 0.25859375 0.86171875 0.20234375 0.184375
8 0.03125 0.50078125 0.0625 0.07265625
10 0.07890625 0.50390625 0.15703125 0.17421875
7 0.5390625 0.42421875 0.1703125 0.20546875
7 0.6265625 0.3140625 0.03671875 0.03359375
8 0.5484375 0.3375 0.12578125 0.18203125
8 0.278125 0.95546875 0.284375 0.08828125
1 0.56328125 0.93828125 0.365625 0.12265625
7 0.6984375 0.409375 0.4453125 0.68203125
7 0.6703125 0.6609375 0.6578125 0.6453125
8 0.84609375 0.97578125 0.125 0.0484375
7 0.3125 0.2953125 0.06328125 0.05234375
1 0.271875 0.46015625 0.31171875 0.11953125
1 0.33671875 0.36484375 0.22421875 0.2578125
1 0.2890625 0.35546875 0.05234375 0.04609375