2 0.1296875 0.4953125 0.259375 0.13203125
2 0.11953125 0.4359375 0.15546875 0.0875
2 0.1265625 0.45703125 0.115625 0.06171875
3 0.21171875 0.46484375 0.0390625 0.0234375
2 0.6515625 0.58359375 0.37578125 0.14296875
2 0.665625 0.57890625 0.16484375 0.075
2 0.75859375 0.575 0.34453125 0.11796875
2 0.79375 0.60078125 0.06875 0.04140625
2 0.48671875 0.590625 0.1046875 0.071875
2 0.34453125 0.5921875 0.27421875 0.0625
2 0.38359375 0.58125 0.15234375 0.0390625
2 0.478125 0.56484375 0.07890625 0.01640625
2 0.5703125 0.521875 0.85234375 0.103125
2 0.81015625 0.4859375 0.378125 0.04453125
2 0.85078125 0.47265625 0.21015625 0.03515625
2 0.45390625 0.4640625 0.10625 0.0453125
2 0.55546875 0.45859375 0.11484375 0.0640625