5 0.71171875 0.521875 0.10625 0.4953125
5 0.82890625 0.53828125 0.1203125 0.4828125
4 0.8296875 0.69453125 0.109375 0.3578125
4 0.7046875 0.71328125 0.09609375 0.24375
4 0.8859375 0.8828125 0.0546875 0.06484375
1 0.415625 0.5015625 0.084375 0.06015625
2 0.221875 0.45625 0.3109375 0.19921875
2 0.07578125 0.41171875 0.04296875 0.03984375
2 0.24921875 0.3546875 0.034375 0.03515625
2 0.2203125 0.35703125 0.05546875 0.03828125
1 0.303125 0.39765625 0.0546875 0.10703125
6 0.03671875 0.821875 0.0734375 0.271875
1 0.63359375 0.78046875 0.0546875 0.03359375