2 0.37109375 0.42265625 0.0484375 0.0375
2 0.47421875 0.071875 0.109375 0.06640625
2 0.52734375 0.09375 0.02890625 0.0546875
2 0.39921875 0.140625 0.21953125 0.17890625
2 0.46484375 0.18203125 0.23203125 0.10703125
2 0.53515625 0.04140625 0.02734375 0.0828125
2 0.7296875 0.1328125 0.04765625 0.05234375
2 0.6640625 0.07734375 0.25078125 0.1546875
2 0.640625 0.14609375 0.1609375 0.08671875
8 0.73203125 0.1734375 0.046875 0.06171875
2 0.21171875 0.3171875 0.0359375 0.03046875
2 0.27578125 0.3078125 0.14921875 0.15
2 0.56875 0.40078125 0.2953125 0.04609375
2 0.5046875 0.2921875 0.54140625 0.278125
2 0.2609375 0.42578125 0.1796875 0.16953125
2 0.565625 0.4796875 0.5546875 0.196875
2 0.7875 0.825 0.42421875 0.18515625
2 0.603125 0.44921875 0.13203125 0.075
3 0.446875 0.4640625 0.0453125 0.053125
2 0.515625 0.440625 0.16171875 0.10234375
2 0.7078125 0.6171875 0.584375 0.3234375
2 0.51796875 0.1234375 0.0484375 0.03671875
2 0.45390625 0.18046875 0.19921875 0.1
2 0.3328125 0.23671875 0.059375 0.0234375