8 0.52890625 0.84921875 0.58828125 0.30078125
8 0.9 0.8546875 0.2 0.290625
8 0.128125 0.915625 0.25546875 0.16796875
8 0.08125 0.4921875 0.13359375 0.125
8 0.17421875 0.690625 0.34765625 0.39296875
8 0.0234375 0.5296875 0.046875 0.221875
8 0.2953125 0.4828125 0.54296875 0.49921875
6 0.40859375 0.36875 0.1640625 0.0703125
6 0.33046875 0.42890625 0.20546875 0.07890625
6 0.19140625 0.51015625 0.0921875 0.13515625
6 0.38046875 0.47890625 0.0375 0.0328125
4 0.2828125 0.58046875 0.14140625 0.09453125
6 0.29140625 0.51640625 0.1984375 0.1515625
6 0.17109375 0.365625 0.253125 0.13359375
6 0.25546875 0.37578125 0.2734375 0.1578125
2 0.7359375 0.63828125 0.528125 0.59375
5 0.75234375 0.6046875 0.071875 0.0765625
4 0.56953125 0.62734375 0.09375 0.11328125
4 0.7171875 0.68359375 0.09140625 0.053125
4 0.6671875 0.615625 0.11875 0.08984375
6 0.85859375 0.45 0.11875 0.11640625
6 0.59921875 0.4609375 0.134375 0.08203125
4 0.6015625 0.53828125 0.11953125 0.09765625
5 0.8234375 0.51171875 0.15703125 0.2328125
6 0.84140625 0.60859375 0.121875 0.08046875
6 0.8953125 0.54609375 0.04765625 0.08671875
4 0.54921875 0.68984375 0.1890625 0.11875
4 0.62890625 0.684375 0.10703125 0.09921875
4 0.66328125 0.4328125 0.10390625 0.1203125
6 0.7296875 0.46015625 0.17578125 0.25703125
1 0.5484375 0.46953125 0.0828125 0.1234375
1 0.7296875 0.56875 0.425 0.2140625