6 0.72578125 0.92890625 0.24375 0.14140625
6 0.64140625 0.71875 0.40859375 0.5625
2 0.84609375 0.5828125 0.09609375 0.16171875
2 0.921875 0.72578125 0.15625 0.3859375
2 0.7828125 0.74921875 0.34765625 0.29140625
2 0.71953125 0.79765625 0.32421875 0.128125
2 0.7203125 0.7890625 0.296875 0.06796875
2 0.68828125 0.67265625 0.36171875 0.2671875
2 0.4890625 0.65546875 0.140625 0.271875
2 0.31875 0.7453125 0.23125 0.18671875
2 0.40859375 0.88828125 0.30390625 0.22265625
2 0.24921875 0.82734375 0.14140625 0.34453125
2 0.15390625 0.81796875 0.1953125 0.3640625
2 0.0859375 0.9 0.171875 0.2
2 0.3390625 0.459375 0.33359375 0.19921875
2 0.0875 0.84609375 0.175 0.2046875
2 0.33984375 0.621875 0.3046875 0.24140625
2 0.11328125 0.58203125 0.22578125 0.3578125
2 0.6765625 0.5625 0.265625 0.25234375
1 0.65234375 0.72265625 0.1984375 0.0828125
1 0.76796875 0.88828125 0.10859375 0.20859375
2 0.65390625 0.259375 0.3671875 0.51875