6 0.8421875 0.4625 0.08984375 0.03125
8 0.5625 0.44765625 0.53515625 0.41796875
6 0.41796875 0.48515625 0.07109375 0.065625
1 0.41796875 0.428125 0.040625 0.0828125
6 0.646875 0.4078125 0.21328125 0.13046875
6 0.6015625 0.3984375 0.165625 0.11953125
6 0.103125 0.4984375 0.13203125 0.0859375
5 0.2921875 0.5109375 0.16640625 0.37265625
5 0.40546875 0.6328125 0.1046875 0.2359375
5 0.6171875 0.60078125 0.15234375 0.3203125
5 0.50546875 0.6546875 0.19453125 0.44296875
5 0.6953125 0.77421875 0.134375 0.20859375
8 0.90390625 0.74765625 0.12265625 0.1421875
6 0.88984375 0.53828125 0.21953125 0.146875
2 0.9640625 0.46953125 0.0703125 0.06171875
5 0.26171875 0.5890625 0.2046875 0.425