2 0.828125 0.675 0.34296875 0.33125
2 0.0859375 0.24375 0.17109375 0.23828125
2 0.05078125 0.1640625 0.1015625 0.06328125
2 0.03046875 0.1171875 0.0609375 0.05234375
2 0.02734375 0.6125 0.0546875 0.2
1 0.03671875 0.671875 0.03046875 0.0453125
1 0.08125 0.7140625 0.16171875 0.046875
2 0.19296875 0.72265625 0.284375 0.12734375
1 0.21328125 0.7140625 0.20234375 0.06875
2 0.065625 0.63203125 0.13125 0.10546875
2 0.184375 0.66796875 0.23203125 0.08203125
2 0.20234375 0.703125 0.121875 0.01328125
2 0.16953125 0.68828125 0.11953125 0.03515625
2 0.05546875 0.596875 0.0453125 0.0296875
2 0.16875 0.64375 0.23203125 0.10703125
2 0.2109375 0.55390625 0.421875 0.19375
2 0.38203125 0.46484375 0.0953125 0.0546875
2 0.24609375 0.31875 0.41484375 0.20625
2 0.25625 0.425 0.42578125 0.2734375
2 0.3015625 0.39609375 0.190625 0.20703125
2 0.29921875 0.43125 0.2 0.16640625
2 0.1484375 0.45546875 0.296875 0.1578125
2 0.2 0.33125 0.4 0.23203125
2 0.4515625 0.684375 0.40546875 0.3828125
2 0.4453125 0.7390625 0.28125 0.1140625
2 0.3484375 0.64375 0.19375 0.234375
2 0.453125 0.66328125 0.159375 0.15703125
2 0.67734375 0.7125 0.26484375 0.140625
2 0.6328125 0.521875 0.41171875 0.0984375
2 0.60546875 0.63203125 0.44609375 0.25390625
2 0.63984375 0.62734375 0.29765625 0.2046875
2 0.69609375 0.36875 0.58515625 0.4859375
3 0.91171875 0.61875 0.05 0.0328125
3 0.8890625 0.6 0.0828125 0.06171875
1 0.93671875 0.62578125 0.07578125 0.02734375
1 0.92265625 0.68125 0.1546875 0.1265625