8 0.10625 0.58046875 0.196875 0.46484375
8 0.24296875 0.5890625 0.1328125 0.39375
2 0.78671875 0.63359375 0.321875 0.35234375
1 0.97734375 0.41484375 0.0453125 0.06015625
1 0.97734375 0.384375 0.0453125 0.0765625
1 0.96171875 0.359375 0.06953125 0.065625
2 0.8484375 0.38359375 0.234375 0.22890625
2 0.89921875 0.440625 0.10546875 0.20078125
2 0.82109375 0.38828125 0.17109375 0.1546875
2 0.83671875 0.4171875 0.0875 0.07109375
2 0.8265625 0.4296875 0.0515625 0.06015625
2 0.78125 0.390625 0.0796875 0.09921875
2 0.87734375 0.51328125 0.07890625 0.15625
2 0.74375 0.5359375 0.2 0.33515625
2 0.77890625 0.425 0.0859375 0.12890625
2 0.73984375 0.42578125 0.05546875 0.090625
2 0.71484375 0.4625 0.11328125 0.11171875
6 0.78984375 0.46796875 0.05234375 0.07578125
2 0.70546875 0.4421875 0.04921875 0.1125
2 0.76796875 0.51171875 0.04453125 0.02265625