2 0.73203125 0.4921875 0.0609375 0.06796875
2 0.82890625 0.690625 0.11015625 0.0453125
1 0.8 0.7546875 0.0546875 0.0828125
2 0.88828125 0.77578125 0.221875 0.2109375
7 0.81328125 0.5671875 0.18984375 0.26484375
2 0.4640625 0.5078125 0.16875 0.1078125
2 0.46328125 0.57109375 0.159375 0.096875
2 0.65078125 0.63359375 0.24765625 0.2890625
2 0.65625 0.52734375 0.12265625 0.1203125
2 0.6671875 0.58828125 0.13671875 0.12421875
2 0.2296875 0.3078125 0.20859375 0.20625
8 0.146875 0.55546875 0.24375 0.32734375
8 0.296875 0.34375 0.19375 0.21796875
2 0.5015625 0.32265625 0.04921875 0.153125
7 0.40625 0.4484375 0.0734375 0.0453125
2 0.45859375 0.41875 0.1328125 0.109375
2 0.45 0.4046875 0.07578125 0.05234375
2 0.4703125 0.396875 0.11015625 0.05625
8 0.30546875 0.5890625 0.16484375 0.3171875
8 0.19296875 0.65234375 0.13828125 0.290625
2 0.4515625 0.68828125 0.1984375 0.17265625
2 0.47109375 0.590625 0.16875 0.14453125
2 0.4734375 0.64453125 0.140625 0.1375
2 0.57109375 0.56328125 0.134375 0.2953125
8 0.6953125 0.528125 0.04296875 0.03125
2 0.65078125 0.3109375 0.25546875 0.34921875