1 0.228125 0.59140625 0.09375 0.23046875
1 0.37421875 0.415625 0.38203125 0.22109375
1 0.2453125 0.5453125 0.28125 0.13984375
1 0.2828125 0.76328125 0.06640625 0.03203125
1 0.33828125 0.73828125 0.21328125 0.06171875
1 0.5203125 0.7421875 0.0546875 0.0234375
8 0.41171875 0.7546875 0.0453125 0.02265625
8 0.4234375 0.71015625 0.18203125 0.08515625
1 0.5359375 0.70703125 0.0703125 0.06328125
1 0.5671875 0.65 0.16328125 0.10703125
8 0.603125 0.65078125 0.315625 0.0375
8 0.53046875 0.55625 0.29296875 0.1625
8 0.53671875 0.52265625 0.32421875 0.2359375
8 0.34375 0.6546875 0.328125 0.23203125