5 0.7765625 0.43046875 0.21015625 0.23125
5 0.67421875 0.475 0.04296875 0.0375
5 0.83125 0.3625 0.0671875 0.0671875
5 0.9609375 0.37578125 0.07109375 0.065625
5 0.875 0.47890625 0.04765625 0.04296875
5 0.365625 0.5921875 0.10078125 0.04296875
5 0.2421875 0.61484375 0.1421875 0.09921875
5 0.05625 0.56484375 0.11171875 0.05234375
1 0.06875 0.62421875 0.1375 0.08515625
5 0.23828125 0.509375 0.2703125 0.09921875
5 0.33046875 0.384375 0.096875 0.05625
1 0.22109375 0.45703125 0.1078125 0.015625
5 0.084375 0.70390625 0.04609375 0.04765625
5 0.4828125 0.85625 0.1078125 0.07890625
5 0.2515625 0.43828125 0.16171875 0.0734375