1 0.1078125 0.3578125 0.01328125 0.03828125
8 0.11875 0.41796875 0.02421875 0.04140625
8 0.19375 0.325 0.05859375 0.10234375
2 0.10390625 0.24609375 0.06484375 0.1078125
8 0.16015625 0.2671875 0.0625 0.1
8 0.23125 0.29765625 0.05546875 0.09296875
7 0.3125 0.1859375 0.19609375 0.15234375
1 0.9296875 0.240625 0.03203125 0.08828125
2 0.94921875 0.7921875 0.10078125 0.165625
8 0.62109375 0.6203125 0.15234375 0.190625
8 0.79140625 0.540625 0.20078125 0.19765625
1 0.884375 0.63203125 0.025 0.0375
8 0.75703125 0.76328125 0.33515625 0.471875
8 0.7078125 0.371875 0.453125 0.46171875
8 0.59765625 0.18671875 0.2453125 0.3734375
2 0.9296875 0.1 0.13984375 0.19921875
2 0.2609375 0.515625 0.43203125 0.56796875
8 0.27109375 0.3921875 0.0578125 0.0484375
2 0.00546875 0.85234375 0.0109375 0.05078125
2 0.05546875 0.88828125 0.103125 0.1640625
8 0.240625 0.25546875 0.07890625 0.08671875
2 0.25546875 0.375 0.38984375 0.20703125
8 0.35234375 0.2984375 0.16015625 0.25078125
8 0.24453125 0.3546875 0.0796875 0.13671875
8 0.2265625 0.328125 0.025 0.05859375
8 0.19375 0.3078125 0.02578125 0.121875
6 0.0078125 0.98125 0.01484375 0.03671875
2 0.0671875 0.2421875 0.1046875 0.121875
8 0.190625 0.3953125 0.05703125 0.0625
2 0.1359375 0.23671875 0.0359375 0.01484375
8 0.19453125 0.40390625 0.046875 0.04921875
8 0.13984375 0.346875 0.06328125 0.17890625
8 0.0703125 0.35546875 0.10703125 0.18125