4 0.3703125 0.45859375 0.740625 0.72109375
6 0.45234375 0.23359375 0.27578125 0.18203125
1 0.56171875 0.18984375 0.15859375 0.03359375
6 0.46171875 0.6390625 0.1890625 0.10078125
1 0.21484375 0.36875 0.0421875 0.034375
6 0.18046875 0.53671875 0.29765625 0.2734375
2 0.25546875 0.365625 0.06875 0.12109375
6 0.46796875 0.4125 0.38828125 0.434375
6 0.77734375 0.40390625 0.38984375 0.33671875
1 0.67734375 0.3359375 0.24765625 0.2375
1 0.815625 0.43828125 0.1234375 0.03359375
2 0.78203125 0.4859375 0.2953125 0.14296875
2 0.67578125 0.61640625 0.31484375 0.2203125
2 0.45546875 0.409375 0.35 0.2640625
1 0.28046875 0.54296875 0.0609375 0.06328125
1 0.496875 0.77734375 0.04296875 0.25703125
1 0.58203125 0.74921875 0.1875 0.32109375