7 0.53125 0.63203125 0.2734375 0.1484375
7 0.471875 0.6171875 0.26875 0.1125
7 0.47734375 0.59375 0.19609375 0.06640625
7 0.39921875 0.53359375 0.35078125 0.1609375
1 0.6125 0.5828125 0.03046875 0.05390625
2 0.48671875 0.51875 0.51328125 0.1703125
2 0.62890625 0.490625 0.23984375 0.15
2 0.64375 0.465625 0.1171875 0.11640625
1 0.8359375 0.4453125 0.04609375 0.0234375
2 0.78671875 0.46640625 0.26953125 0.0984375
8 0.315625 0.43359375 0.0703125 0.0453125
1 0.3453125 0.48203125 0.0546875 0.03828125
2 0.45546875 0.41875 0.35625 0.2890625
1 0.39453125 0.459375 0.18203125 0.1390625
7 0.6109375 0.55078125 0.0640625 0.0234375