7 0.5828125 0.84140625 0.22734375 0.18046875
8 0.65390625 0.9 0.32890625 0.2
8 0.321875 0.91484375 0.35546875 0.1703125
7 0.56015625 0.66171875 0.26796875 0.30625
8 0.290625 0.74453125 0.52109375 0.36328125
7 0.5765625 0.47109375 0.25390625 0.284375
8 0.259375 0.44375 0.4125 0.5578125
8 0.5078125 0.240625 0.23828125 0.2578125
1 0.61484375 0.71484375 0.03828125 0.2484375
1 0.48125 0.58984375 0.02734375 0.05859375
6 0.39921875 0.69453125 0.17109375 0.11640625
6 0.3734375 0.809375 0.0765625 0.1140625
6 0.3375 0.74609375 0.10234375 0.1
6 0.09609375 0.84765625 0.084375 0.07109375
6 0.29296875 0.8078125 0.11640625 0.203125
6 0.18203125 0.83828125 0.096875 0.1015625
6 0.21875 0.78125 0.08671875 0.12890625
6 0.21875 0.74375 0.05078125 0.05390625
6 0.2703125 0.81640625 0.1609375 0.084375
6 0.21640625 0.7703125 0.14609375 0.1359375
6 0.40234375 0.84609375 0.08046875 0.065625
6 0.4078125 0.61953125 0.07265625 0.03984375