1 0.3 0.67890625 0.1625 0.096875
1 0.44453125 0.67109375 0.4796875 0.1375
4 0.46953125 0.2953125 0.19453125 0.175
1 0.17578125 0.31640625 0.14765625 0.11328125
3 0.18359375 0.66796875 0.1703125 0.12265625
6 0.1703125 0.4421875 0.165625 0.33203125
3 0.6796875 0.57109375 0.17578125 0.1484375
5 0.5828125 0.4890625 0.08046875 0.0578125
5 0.62265625 0.53046875 0.08828125 0.09453125
5 0.28046875 0.4328125 0.0453125 0.08515625
5 0.89453125 0.48125 0.12265625 0.09296875
5 0.42734375 0.271875 0.08046875 0.053125
5 0.35546875 0.45 0.08828125 0.0296875
5 0.9515625 0.13046875 0.09609375 0.1265625