8 0.13203125 0.87578125 0.05390625 0.09609375
7 0.75 0.49140625 0.19140625 0.15234375
2 0.61171875 0.66953125 0.0578125 0.1015625
8 0.4875 0.88515625 0.415625 0.2296875
2 0.446875 0.67734375 0.271875 0.415625
1 0.559375 0.471875 0.04375 0.06953125
2 0.44140625 0.50078125 0.19296875 0.30390625
2 0.22421875 0.68046875 0.0625 0.06171875
2 0.32890625 0.84453125 0.0625 0.13359375
2 0.32265625 0.91484375 0.02890625 0.06328125
2 0.359375 0.884375 0.06875 0.096875
2 0.32265625 0.94375 0.1171875 0.1109375
2 0.37109375 0.98203125 0.0390625 0.03515625
1 0.29453125 0.89609375 0.04609375 0.1671875
2 0.22421875 0.86953125 0.11953125 0.26015625
2 0.225 0.784375 0.08359375 0.1484375
1 0.1828125 0.88828125 0.17890625 0.221875
1 0.75078125 0.43984375 0.1890625 0.03359375
1 0.75078125 0.471875 0.1875 0.0265625