10 0.340625 0.39609375 0.11484375 0.14765625
6 0.25078125 0.5859375 0.1171875 0.0890625
6 0.29296875 0.40234375 0.0734375 0.06015625
6 0.2171875 0.45625 0.10234375 0.18671875
6 0.13125 0.26875 0.16796875 0.21953125
8 0.096875 0.52109375 0.19375 0.34921875
2 0.21015625 0.8640625 0.0828125 0.2703125
8 0.615625 0.6875 0.18359375 0.175
8 0.92578125 0.43125 0.14765625 0.2625
7 0.921875 0.5484375 0.15546875 0.234375
7 0.8578125 0.51484375 0.2109375 0.23359375
1 0.6875 0.41953125 0.05703125 0.0453125
8 0.52265625 0.5203125 0.209375 0.23046875
2 0.41875 0.47109375 0.115625 0.16171875
10 0.80546875 0.71328125 0.328125 0.35390625
2 0.30078125 0.503125 0.1625 0.1796875
1 0.35234375 0.6078125 0.09921875 0.13828125
7 0.38515625 0.82890625 0.3015625 0.34140625
6 0.159375 0.6984375 0.20859375 0.15703125
6 0.02265625 0.74453125 0.0453125 0.10234375
8 0.03046875 0.9 0.0609375 0.1984375
8 0.3953125 0.490625 0.06640625 0.09921875