1 0.1234375 0.7109375 0.246875 0.57734375
1 0.22109375 0.73359375 0.35390625 0.53125
1 0.5109375 0.78671875 0.40625 0.42578125
6 0.6484375 0.5328125 0.146875 0.12109375
6 0.54921875 0.64140625 0.12109375 0.2578125
6 0.61015625 0.65546875 0.06328125 0.17578125
6 0.63515625 0.73359375 0.10078125 0.1453125
6 0.40703125 0.53125 0.1046875 0.1765625
6 0.4109375 0.6265625 0.02890625 0.0703125
6 0.42421875 0.68671875 0.08046875 0.05859375
6 0.47734375 0.71953125 0.05390625 0.0796875
6 0.47578125 0.57890625 0.13359375 0.22109375
6 0.64296875 0.621875 0.04375 0.0796875
6 0.659375 0.65546875 0.0671875 0.05
8 0.12265625 0.56328125 0.0203125 0.0578125
8 0.30859375 0.66640625 0.12109375 0.065625
2 0.1875 0.6546875 0.065625 0.0296875