2 0.4828125 0.2625 0.0625 0.03671875
7 0.184375 0.5359375 0.25859375 0.24609375
4 0.24296875 0.63203125 0.08828125 0.07734375
1 0.5796875 0.6671875 0.04296875 0.05859375
8 0.5359375 0.37109375 0.04375 0.08046875
8 0.45234375 0.53203125 0.3640625 0.56328125
8 0.60625 0.325 0.10625 0.115625
8 0.621875 0.42578125 0.04921875 0.09921875
6 0.5765625 0.41640625 0.07109375 0.084375
1 0.5921875 0.41015625 0.065625 0.06015625
2 0.54140625 0.24921875 0.14140625 0.03671875
2 0.53125 0.2625 0.0421875 0.04921875
3 0.48984375 0.275 0.04296875 0.06015625
2 0.54140625 0.23515625 0.05859375 0.0515625
2 0.55234375 0.2984375 0.0734375 0.05
8 0.76171875 0.559375 0.4234375 0.7421875
1 0.5421875 0.3265625 0.05703125 0.01953125