2 0.65 0.58515625 0.07734375 0.22421875
2 0.540625 0.39921875 0.24296875 0.28203125
2 0.54296875 0.38125 0.09296875 0.121875
2 0.21015625 0.690625 0.21328125 0.26015625
2 0.284375 0.51953125 0.2734375 0.3078125
2 0.828125 0.49453125 0.2515625 0.21484375
2 0.81640625 0.32421875 0.31171875 0.1328125
2 0.82421875 0.3078125 0.0796875 0.059375
2 0.45546875 0.78125 0.2859375 0.35234375
2 0.42421875 0.82734375 0.17734375 0.05390625
2 0.46875 0.8 0.2765625 0.0890625
2 0.33046875 0.75078125 0.01796875 0.13125
2 0.36171875 0.7234375 0.06796875 0.14375
2 0.50234375 0.621875 0.26015625 0.36015625
2 0.4390625 0.75078125 0.17890625 0.14453125
2 0.315625 0.3578125 0.36796875 0.31875
2 0.33828125 0.16328125 0.2796875 0.3265625