2 0.24140625 0.63671875 0.05390625 0.046875
8 0.55703125 0.546875 0.73046875 0.5265625
2 0.13359375 0.696875 0.2671875 0.13671875
2 0.13359375 0.68359375 0.24921875 0.1234375
2 0.134375 0.60078125 0.26875 0.0640625
2 0.1078125 0.6390625 0.21484375 0.096875
2 0.13828125 0.57890625 0.2765625 0.07578125
2 0.096875 0.56875 0.184375 0.03359375
2 0.17734375 0.5046875 0.096875 0.09765625
2 0.07421875 0.55078125 0.14765625 0.0703125
2 0.25078125 0.47890625 0.1515625 0.13125
2 0.0921875 0.46171875 0.184375 0.1234375
2 0.115625 0.40859375 0.0515625 0.04375