2 0.09375 0.86171875 0.1875 0.27578125
8 0.06875 0.91796875 0.1375 0.16328125
2 0.840625 0.6046875 0.31796875 0.7046875
7 0.89140625 0.57578125 0.21640625 0.25
8 0.38828125 0.6921875 0.6625 0.33125
6 0.40390625 0.9171875 0.41015625 0.13125
8 0.57734375 0.82265625 0.10625 0.08984375
2 0.47890625 0.68203125 0.3015625 0.11640625
2 0.525 0.69453125 0.10625 0.02265625
8 0.615625 0.40859375 0.42421875 0.09296875
2 0.55703125 0.56015625 0.60546875 0.3109375
8 0.39921875 0.5296875 0.3109375 0.15703125
8 0.565625 0.28359375 0.315625 0.275