8 0.36484375 0.3671875 0.1296875 0.11171875
8 0.25703125 0.47109375 0.23515625 0.21640625
8 0.4390625 0.47890625 0.1921875 0.13984375
8 0.74453125 0.44453125 0.15078125 0.15859375
8 0.9015625 0.31953125 0.196875 0.1390625
8 0.62578125 0.32421875 0.409375 0.38984375
8 0.940625 0.38828125 0.1171875 0.2078125
8 0.8953125 0.60703125 0.209375 0.31328125
8 0.71640625 0.47890625 0.06484375 0.04453125
8 0.68359375 0.54296875 0.2890625 0.16796875
8 0.46015625 0.57578125 0.1421875 0.08359375
8 0.41953125 0.7015625 0.284375 0.24609375
8 0.74921875 0.69375 0.16171875 0.15859375
8 0.65546875 0.81640625 0.2125 0.2390625
8 0.8546875 0.43125 0.08359375 0.096875
8 0.59375 0.60546875 0.23359375 0.20078125
8 0.865625 0.825 0.26796875 0.25703125
8 0.30625 0.4328125 0.03828125 0.06015625
3 0.2359375 0.41171875 0.059375 0.034375
8 0.278125 0.4328125 0.04375 0.025
8 0.18984375 0.428125 0.06015625 0.075
8 0.19609375 0.4296875 0.134375 0.01796875
8 0.2171875 0.4453125 0.04609375 0.03984375