2 0.46796875 0.56640625 0.79140625 0.79765625
8 0.4515625 0.1984375 0.2421875 0.09453125
0 0.7625 0.28984375 0.1359375 0.14140625
8 0.440625 0.23671875 0.61640625 0.359375
3 0.59609375 0.37578125 0.09921875 0.0609375
1 0.5390625 0.42734375 0.12421875 0.0609375
6 0.50625 0.41953125 0.03671875 0.0234375
2 0.33125 0.25078125 0.1140625 0.03671875
2 0.315625 0.28515625 0.1390625 0.06015625
3 0.259375 0.33359375 0.1453125 0.13125
8 0.33984375 0.36875 0.34921875 0.175
6 0.7 0.4109375 0.2671875 0.12421875
8 0.3578125 0.95 0.13125 0.05859375