7 0.5078125 0.2171875 0.04453125 0.065625
2 0.38046875 0.23125 0.25234375 0.16875
8 0.6828125 0.08515625 0.24921875 0.16953125
1 0.12734375 0.56484375 0.040625 0.0828125
6 0.1390625 0.63046875 0.03984375 0.0515625
7 0.09609375 0.50234375 0.07578125 0.06953125
8 0.14296875 0.525 0.0703125 0.09140625
8 0.2203125 0.61328125 0.15859375 0.2359375
2 0.175 0.56015625 0.03984375 0.025
2 0.90703125 0.94296875 0.17734375 0.11171875
2 0.78515625 0.97421875 0.13984375 0.0515625
8 0.8578125 0.96484375 0.19375 0.06953125
2 0.79609375 0.36640625 0.128125 0.19453125
8 0.77890625 0.29921875 0.0796875 0.0484375
8 0.74375 0.346875 0.0625 0.03125
2 0.73046875 0.46875 0.16875 0.22578125
2 0.665625 0.38046875 0.08515625 0.084375
8 0.640625 0.58203125 0.0921875 0.1984375
6 0.621875 0.5671875 0.05625 0.090625
0 0.6078125 0.5546875 0.0328125 0.05078125
2 0.42265625 0.73046875 0.38359375 0.521875
2 0.5234375 0.503125 0.16015625 0.30546875
2 0.47109375 0.5046875 0.1546875 0.1890625
2 0.35625 0.72421875 0.128125 0.18125
6 0.37890625 0.6921875 0.153125 0.23203125
2 0.48359375 0.50546875 0.11640625 0.18515625
2 0.4578125 0.59375 0.18828125 0.27421875
2 0.41171875 0.52734375 0.03203125 0.10078125
2 0.39375 0.58515625 0.0546875 0.1046875
1 0.63125 0.36796875 0.04921875 0.05625
6 0.10390625 0.5546875 0.03359375 0.05859375