8 0.4625 0.24609375 0.14609375 0.11953125
8 0.403125 0.33203125 0.1140625 0.0671875
8 0.8734375 0.5234375 0.25234375 0.5703125
2 0.5625 0.0765625 0.09140625 0.1515625
8 0.6421875 0.1640625 0.2203125 0.10234375
8 0.66953125 0.72109375 0.40234375 0.275
8 0.40859375 0.59609375 0.2578125 0.18671875
8 0.55859375 0.28359375 0.38046875 0.21015625
8 0.40390625 0.43203125 0.22421875 0.1796875
8 0.51328125 0.4234375 0.1921875 0.20703125
4 0.84765625 0.22578125 0.284375 0.175
8 0.2609375 0.7109375 0.434375 0.45078125
8 0.65859375 0.48046875 0.3078125 0.28515625
6 0.60703125 0.36328125 0.04453125 0.02890625
2 0.5875 0.04140625 0.05859375 0.06015625
1 0.559375 0.05625 0.06015625 0.0296875