2 0.53515625 0.51953125 0.3453125 0.2671875
2 0.33515625 0.68359375 0.23359375 0.24609375
2 0.34140625 0.6953125 0.12890625 0.08984375
3 0.36328125 0.6578125 0.0515625 0.0484375
3 0.4703125 0.34140625 0.0359375 0.0296875
3 0.43828125 0.41953125 0.0453125 0.0234375
2 0.66328125 0.5484375 0.059375 0.03671875
8 0.68203125 0.725 0.39921875 0.384375
1 0.721875 0.60625 0.0375 0.0515625
1 0.70859375 0.5890625 0.02109375 0.0453125
2 0.6515625 0.43125 0.09296875 0.06484375
2 0.63671875 0.3859375 0.0515625 0.0296875
2 0.59296875 0.41015625 0.08203125 0.10859375
8 0.64296875 0.45234375 0.10234375 0.0265625
6 0.553125 0.40625 0.046875 0.0921875