8 0.725 0.5328125 0.2828125 0.5515625
8 0.5046875 0.62578125 0.2359375 0.35546875
2 0.27734375 0.534375 0.17265625 0.04765625
2 0.27109375 0.44609375 0.16796875 0.11875
2 0.2765625 0.50703125 0.16640625 0.07265625
2 0.26171875 0.53203125 0.11328125 0.04375
2 0.26796875 0.49453125 0.07578125 0.04296875
7 0.73203125 0.3375 0.1984375 0.13359375
4 0.62578125 0.47109375 0.08828125 0.18046875
1 0.71953125 0.36015625 0.23125 0.17578125
5 0.82265625 0.64765625 0.07578125 0.11484375
6 0.6390625 0.57734375 0.059375 0.0578125