4 0.30625 0.14296875 0.01484375 0.08203125
4 0.375 0.16015625 0.04296875 0.12109375
4 0.4203125 0.1515625 0.0375 0.10078125
4 0.57109375 0.16484375 0.04453125 0.1390625
10 0.2359375 0.56953125 0.22265625 0.778125
10 0.29375 0.60546875 0.18828125 0.78828125
10 0.39765625 0.5953125 0.15234375 0.796875
10 0.740625 0.5703125 0.26796875 0.8578125
10 0.4609375 0.58515625 0.1671875 0.8296875
10 0.5671875 0.6109375 0.15703125 0.77734375
4 0.50546875 0.134375 0.0125 0.0703125
4 0.71015625 0.121875 0.0140625 0.05078125