8 0.690625 0.60234375 0.17421875 0.25859375
8 0.92421875 0.6078125 0.15 0.23359375
8 0.9296875 0.78984375 0.13984375 0.1609375
8 0.825 0.62109375 0.315625 0.26640625
8 0.7421875 0.85 0.321875 0.2578125
8 0.50390625 0.64453125 0.21015625 0.27734375
6 0.5453125 0.5328125 0.09453125 0.07734375
2 0.25625 0.67578125 0.41484375 0.28671875
8 0.54375 0.771875 0.2296875 0.2890625
2 0.26328125 0.55 0.36640625 0.22890625
2 0.14921875 0.48203125 0.2984375 0.1171875
2 0.2421875 0.50703125 0.321875 0.07734375
2 0.2703125 0.46171875 0.29921875 0.0390625
2 0.2578125 0.390625 0.37734375 0.19453125
6 0.63515625 0.67578125 0.0734375 0.03984375