2 0.1140625 0.06875 0.22734375 0.10546875
8 0.19765625 0.7765625 0.19296875 0.43359375
2 0.15625 0.05625 0.3125 0.1125
2 0.1828125 0.04765625 0.24140625 0.09453125
8 0.425 0.028125 0.2265625 0.05546875
8 0.40078125 0.1421875 0.228125 0.23359375
8 0.121875 0.09140625 0.16796875 0.05625
2 0.040625 0.0828125 0.08046875 0.12265625
8 0.34140625 0.11953125 0.24140625 0.15546875
8 0.68984375 0.47265625 0.603125 0.86953125
8 0.21875 0.3390625 0.4375 0.45078125
1 0.39609375 0.7484375 0.42265625 0.50234375
8 0.0625 0.65546875 0.125 0.6890625
1 0.31875 0.596875 0.17734375 0.17578125
5 0.33125 0.62890625 0.10625 0.1203125
8 0.64921875 0.09296875 0.10703125 0.103125
2 0.6765625 0.159375 0.10234375 0.06796875
6 0.75078125 0.2125 0.0296875 0.03671875
8 0.1609375 0.6265625 0.0578125 0.05703125