6 0.803125 0.015625 0.10625 0.03125
8 0.50625 0.40390625 0.51015625 0.328125
2 0.4765625 0.278125 0.2796875 0.1109375
8 0.621875 0.29296875 0.05390625 0.02734375
8 0.5875 0.31796875 0.09140625 0.04296875
0 0.56328125 0.2390625 0.15546875 0.19609375
5 0.7046875 0.575 0.1234375 0.14296875
8 0.50703125 0.46015625 0.41015625 0.39375
8 0.53203125 0.78984375 0.0375 0.09453125
4 0.75078125 0.4390625 0.05859375 0.18515625
6 0.78046875 0.5625 0.034375 0.06796875
8 0.11640625 0.38671875 0.1421875 0.225
0 0.7671875 0.31328125 0.0515625 0.0296875