1 0.5984375 0.59140625 0.04609375 0.03828125
6 0.425 0.85703125 0.075 0.05859375
6 0.23984375 0.8234375 0.08046875 0.0375
2 0.78828125 0.4953125 0.42265625 0.16875
4 0.3609375 0.15859375 0.690625 0.27734375
4 0.05234375 0.04140625 0.10390625 0.0390625
4 0.7765625 0.5171875 0.44609375 0.18515625
7 0.32578125 0.3046875 0.65078125 0.253125
4 0.58828125 0.3546875 0.13515625 0.06875
7 0.29921875 0.1859375 0.5984375 0.31328125
4 0.49375 0.25859375 0.12890625 0.1
7 0.340625 0.2 0.23203125 0.14921875
4 0.2640625 0.22734375 0.528125 0.1984375
8 0.1671875 0.21875 0.06953125 0.02890625
7 0.06640625 0.2859375 0.084375 0.084375
8 0.02109375 0.271875 0.0421875 0.078125
1 0.04921875 0.11953125 0.06953125 0.06953125
2 0.1359375 0.14609375 0.27109375 0.1890625
4 0.29453125 0.225 0.19765625 0.109375
1 0.3234375 0.21015625 0.2046875 0.1234375
2 0.07421875 0.31640625 0.12109375 0.0796875
7 0.10078125 0.34375 0.046875 0.0328125
7 0.06171875 0.44609375 0.1234375 0.2109375
4 0.025 0.36796875 0.05 0.01953125
4 0.06015625 0.39453125 0.1203125 0.0359375
4 0.06171875 0.4671875 0.1234375 0.115625
4 0.06171875 0.52109375 0.1234375 0.0265625
1 0.06328125 0.4359375 0.1265625 0.23203125
2 0.22421875 0.27421875 0.17421875 0.04609375
8 0.3875 0.5640625 0.53828125 0.5984375
6 0.45234375 0.96015625 0.05078125 0.071875
1 0.215625 0.95078125 0.08125 0.0984375
1 0.64296875 0.96640625 0.14296875 0.05390625
6 0.77734375 0.7421875 0.3359375 0.2203125
1 0.20546875 0.27421875 0.1140625 0.03984375