1 0.86171875 0.625 0.27578125 0.60390625
7 0.71171875 0.38125 0.12734375 0.328125
2 0.365625 0.52890625 0.73046875 0.94140625
3 0.45078125 0.909375 0.20078125 0.18125
5 0.53671875 0.59609375 0.25234375 0.46796875
3 0.14921875 0.43828125 0.14453125 0.16171875
1 0.18125 0.4765625 0.021875 0.0625
5 0.2828125 0.403125 0.1859375 0.27734375
8 0.11171875 0.646875 0.2234375 0.60546875
2 0.26484375 0.91484375 0.20859375 0.10390625
8 0.2453125 0.69453125 0.48984375 0.37734375
4 0.51875 0.834375 0.05 0.0765625