1 0.5 0.46484375 1 0.9296875
6 0.49140625 0.65234375 0.3359375 0.22734375
1 0.3390625 0.32578125 0.44375 0.2859375
6 0.4515625 0.43828125 0.2421875 0.2296875
6 0.6828125 0.4875 0.36640625 0.17265625
6 0.5296875 0.50546875 0.24453125 0.1046875
6 0.55703125 0.41328125 0.4515625 0.20078125
1 0.32734375 0.62890625 0.1609375 0.13046875
6 0.27265625 0.5078125 0.14140625 0.18671875
6 0.70234375 0.55703125 0.19140625 0.1546875
6 0.74453125 0.58828125 0.25859375 0.21328125
2 0.4625 0.6625 0.290625 0.19609375
3 0.428125 0.6734375 0.13515625 0.06875