7 0.47890625 0.5109375 0.3390625 0.19453125
7 0.46953125 0.5484375 0.36953125 0.22421875
7 0.5 0.51640625 0.1703125 0.09453125
7 0.496875 0.546875 0.15078125 0.11328125
7 0.42265625 0.5984375 0.28984375 0.1828125
7 0.36484375 0.728125 0.521875 0.21953125
7 0.35546875 0.7390625 0.3578125 0.215625
7 0.32890625 0.8203125 0.3703125 0.15703125
7 0.2875 0.8875 0.41171875 0.21796875
7 0.7359375 0.89296875 0.41640625 0.21328125
7 0.640625 0.9609375 0.3359375 0.078125
2 0.046875 0.75703125 0.09375 0.0765625
7 0.51796875 0.9640625 0.25234375 0.071875
4 0.2953125 0.89140625 0.07109375 0.07109375
1 0.7890625 0.878125 0.3265625 0.23671875
1 0.64296875 0.95703125 0.34140625 0.0859375