2 0.38984375 0.4078125 0.2859375 0.49765625
2 0.37890625 0.1921875 0.253125 0.23828125
1 0.2828125 0.3 0.059375 0.0484375
2 0.403125 0.246875 0.20859375 0.26484375
8 0.471875 0.22734375 0.05390625 0.078125
2 0.3265625 0.428125 0.15703125 0.23359375
2 0.3921875 0.5234375 0.053125 0.09921875
3 0.43359375 0.47265625 0.10234375 0.175
3 0.3484375 0.50703125 0.09921875 0.11015625
6 0.42265625 0.371875 0.0921875 0.09375
2 0.42421875 0.40859375 0.1296875 0.17265625
1 0.44765625 0.334375 0.0890625 0.0453125
1 0.46484375 0.37421875 0.0625 0.17578125
2 0.5546875 0.47421875 0.2109375 0.47265625
2 0.56171875 0.475 0.209375 0.446875