2 0.68203125 0.396875 0.63515625 0.4125
2 0.58046875 0.34375 0.18984375 0.1921875
2 0.63828125 0.246875 0.084375 0.04296875
2 0.56484375 0.28515625 0.0734375 0.0421875
2 0.603125 0.27734375 0.1265625 0.06875
2 0.59609375 0.28828125 0.09140625 0.04609375
2 0.59765625 0.29609375 0.08828125 0.05
1 0.5359375 0.38515625 0.02578125 0.06953125
2 0.75 0.39296875 0.32265625 0.20078125
1 0.6609375 0.43359375 0.03671875 0.03671875
2 0.75703125 0.2953125 0.23046875 0.13203125
2 0.8421875 0.3125 0.17421875 0.10390625
2 0.2875 0.55625 0.50625 0.384375
2 0.26328125 0.4984375 0.32890625 0.16796875
8 0.203125 0.81953125 0.40546875 0.36015625
8 0.9546875 0.5546875 0.0890625 0.14296875
2 0.2125 0.26953125 0.26640625 0.18359375