8 0.21015625 0.21328125 0.0671875 0.134375
8 0.3125 0.2265625 0.17890625 0.24609375
8 0.56640625 0.3046875 0.02578125 0.13828125
8 0.48828125 0.30546875 0.1703125 0.21953125
8 0.62109375 0.23359375 0.034375 0.025
8 0.72109375 0.20390625 0.028125 0.04765625
8 0.70859375 0.30390625 0.14453125 0.18671875
8 0.61171875 0.328125 0.08359375 0.18984375
8 0.69296875 0.371875 0.13125 0.2453125
1 0.6984375 0.2265625 0.01484375 0.03828125
1 0.70234375 0.22578125 0.0234375 0.05546875
8 0.4140625 0.31875 0.1734375 0.23046875
8 0.30546875 0.38984375 0.08828125 0.08828125
8 0.23828125 0.3328125 0.14453125 0.178125
8 0.2484375 0.49453125 0.13828125 0.1890625
8 0.2328125 0.50859375 0.03359375 0.06953125
8 0.23359375 0.5296875 0.03515625 0.05625
7 0.828125 0.5375 0.1421875 0.29453125
7 0.75390625 0.51796875 0.1953125 0.303125
8 0.53359375 0.4625 0.1546875 0.1421875
8 0.51640625 0.48828125 0.15234375 0.1484375
2 0.6453125 0.5328125 0.11171875 0.08671875
8 0.571875 0.6109375 0.1765625 0.14765625
2 0.78984375 0.7515625 0.078125 0.1734375
2 0.7234375 0.76328125 0.17578125 0.23046875
2 0.625 0.73359375 0.08359375 0.1765625
2 0.7015625 0.6 0.1609375 0.1984375
2 0.57578125 0.73359375 0.128125 0.2875
4 0.2265625 0.728125 0.0625 0.1296875
2 0.3796875 0.6734375 0.26796875 0.48046875
2 0.46640625 0.71171875 0.03203125 0.0453125
2 0.29921875 0.72265625 0.0625 0.0578125
2 0.29453125 0.64765625 0.0703125 0.18828125
2 0.4 0.71796875 0.15 0.05390625
2 0.4203125 0.428125 0.0546875 0.0828125
2 0.43046875 0.6015625 0.12734375 0.278125
2 0.37265625 0.59296875 0.2453125 0.275
1 0.40078125 0.53984375 0.0890625 0.09453125
1 0.3453125 0.5078125 0.09609375 0.15625