2 0.40390625 0.67734375 0.428125 0.24609375
2 0.40390625 0.4671875 0.521875 0.28046875
2 0.38828125 0.596875 0.153125 0.0328125
2 0.3546875 0.49765625 0.36875 0.10234375
2 0.5515625 0.36640625 0.14375 0.075
2 0.48984375 0.4234375 0.1078125 0.06328125
2 0.2953125 0.47578125 0.21171875 0.04453125
2 0.36015625 0.47578125 0.36015625 0.06484375
2 0.2359375 0.4359375 0.06015625 0.05703125
2 0.34140625 0.3203125 0.4 0.28984375
2 0.31875 0.29765625 0.07421875 0.071875
2 0.2625 0.27421875 0.2 0.11796875
1 0.27734375 0.47421875 0.1515625 0.0375
2 0.51015625 0.5984375 0.1015625 0.0328125