8 0.16953125 0.0875 0.33828125 0.17421875
2 0.27265625 0.13515625 0.19609375 0.08828125
8 0.33359375 0.2828125 0.6671875 0.28125
2 0.85546875 0.12265625 0.10390625 0.0546875
8 0.73359375 0.10234375 0.5296875 0.2046875
1 0.58203125 0.1484375 0.23671875 0.09921875
1 0.62265625 0.47578125 0.26953125 0.11484375
8 0.25546875 0.34453125 0.51015625 0.50390625
8 0.63515625 0.0203125 0.115625 0.03984375
6 0.7328125 0.0234375 0.171875 0.04609375
1 0.596875 0.47421875 0.225 0.115625
2 0.9671875 0.090625 0.06484375 0.0953125
8 0.93125 0.33828125 0.1359375 0.22265625
6 0.9203125 0.55078125 0.159375 0.2203125
6 0.57109375 0.70546875 0.55859375 0.434375
6 0.75546875 0.5203125 0.27421875 0.19609375
4 0.9453125 0.2515625 0.109375 0.40703125
2 0.5328125 0.2984375 0.1515625 0.228125
6 0.68046875 0.29765625 0.42421875 0.24765625
6 0.8203125 0.21953125 0.31328125 0.1890625
6 0.45625 0.11484375 0.21640625 0.15234375
6 0.38125 0.1234375 0.1171875 0.13125
1 0.63671875 0.459375 0.07578125 0.04921875
6 0.30546875 0.44921875 0.40703125 0.125
1 0.371875 0.60703125 0.37578125 0.20625
5 0.178125 0.03203125 0.2734375 0.0640625
6 0.9578125 0.9390625 0.084375 0.12109375
2 0.91796875 0.296875 0.16328125 0.36875