1 0.3015625 0.42734375 0.05 0.0390625
1 0.71640625 0.2453125 0.5671875 0.490625
2 0.8234375 0.51875 0.1640625 0.0859375
2 0.67421875 0.4671875 0.103125 0.04453125
2 0.52265625 0.5625 0.06015625 0.028125
2 0.50859375 0.51875 0.13125 0.06953125
2 0.62734375 0.58046875 0.18046875 0.0671875
2 0.515625 0.534375 0.109375 0.03828125
2 0.61953125 0.58671875 0.2 0.23828125
2 0.62421875 0.60078125 0.13359375 0.06484375
2 0.23046875 0.5953125 0.44140625 0.3109375
5 0.23984375 0.56484375 0.034375 0.04453125
5 0.25625 0.53984375 0.0453125 0.0625
5 0.353125 0.51171875 0.0359375 0.04296875
5 0.39609375 0.56328125 0.03671875 0.0546875
5 0.36953125 0.53359375 0.04765625 0.0375
5 0.32578125 0.66484375 0.0375 0.0515625
5 0.25703125 0.6625 0.06875 0.0375
5 0.31171875 0.51796875 0.059375 0.06171875
5 0.18359375 0.58125 0.10546875 0.09296875
5 0.22421875 0.61015625 0.09296875 0.0546875
5 0.2859375 0.59765625 0.0390625 0.02578125
5 0.29609375 0.56875 0.11171875 0.0734375
5 0.153125 0.65625 0.165625 0.0375
5 0.35078125 0.634375 0.05390625 0.0890625
5 0.35 0.575 0.153125 0.134375
5 0.26171875 0.63984375 0.07890625 0.0625
1 0.284375 0.6625 0.08984375 0.05703125
1 0.16640625 0.74453125 0.08515625 0.03515625
2 0.9328125 0.490625 0.13359375 0.3859375
2 0.85859375 0.9296875 0.11796875 0.13984375
2 0.934375 0.88359375 0.12421875 0.15390625
2 0.9734375 0.8546875 0.0515625 0.04609375
1 0.946875 0.9359375 0.10625 0.12734375
7 0.415625 0.50234375 0.04453125 0.0484375