6 0.49375 0.33671875 0.06875 0.053125
8 0.190625 0.628125 0.3046875 0.3140625
8 0.73125 0.53046875 0.23671875 0.27578125
8 0.56875 0.65234375 0.31953125 0.21875
2 0.3359375 0.78828125 0.2484375 0.128125
2 0.31796875 0.69140625 0.29765625 0.1765625
2 0.471875 0.846875 0.4734375 0.21953125
1 0.934375 0.86484375 0.13046875 0.084375
6 0.46640625 0.3421875 0.0578125 0.03515625
6 0.5578125 0.38828125 0.05390625 0.0296875
2 0.5453125 0.3640625 0.04296875 0.046875
8 0.48125 0.38359375 0.11328125 0.06640625