2 0.5015625 0.3421875 0.040625 0.0515625
2 0.38984375 0.14609375 0.14375 0.09296875
2 0.490625 0.19765625 0.09765625 0.2703125
2 0.1796875 0.415625 0.2359375 0.11015625
2 0.175 0.35859375 0.18671875 0.13671875
2 0.3203125 0.271875 0.27734375 0.37578125
2 0.45625 0.54375 0.315625 0.32890625
2 0.45 0.4375 0.20859375 0.28203125
3 0.61640625 0.59453125 0.040625 0.04921875
2 0.775 0.60703125 0.35390625 0.35078125
2 0.796875 0.38046875 0.24296875 0.10546875
2 0.66484375 0.5 0.0296875 0.08828125
2 0.6734375 0.55859375 0.021875 0.05078125
2 0.8140625 0.4859375 0.22734375 0.21171875
2 0.71953125 0.54765625 0.0953125 0.215625
2 0.6484375 0.36640625 0.24921875 0.28359375
2 0.62734375 0.19453125 0.25 0.3234375