1 0.534375 0.78515625 0.01875 0.07421875
7 0.84453125 0.32578125 0.075 0.059375
1 0.80390625 0.37265625 0.07578125 0.0375
7 0.9484375 0.43203125 0.05546875 0.02421875
7 0.96640625 0.459375 0.06640625 0.02890625
7 0.95625 0.5765625 0.0859375 0.03828125
7 0.9671875 0.546875 0.06484375 0.040625
7 0.92890625 0.53125 0.1421875 0.05703125
7 0.95703125 0.49453125 0.08515625 0.06015625
7 0.9625 0.4421875 0.0734375 0.03359375
7 0.9140625 0.38046875 0.17109375 0.09609375
7 0.93828125 0.33828125 0.1234375 0.0484375
7 0.85078125 0.3453125 0.059375 0.046875
7 0.3859375 0.7984375 0.5609375 0.21953125
7 0.4578125 0.721875 0.540625 0.22265625
7 0.340625 0.69765625 0.590625 0.16640625
7 0.21875 0.73984375 0.4375 0.2265625
7 0.221875 0.66875 0.44375 0.16796875
7 0.2078125 0.6234375 0.415625 0.146875
7 0.58515625 0.171875 0.3609375 0.06171875
7 0.48984375 0.234375 0.48046875 0.12578125
7 0.5859375 0.203125 0.26484375 0.0515625
7 0.53359375 0.23515625 0.3578125 0.05234375
7 0.5765625 0.2375 0.27109375 0.01875
7 0.54296875 0.259375 0.340625 0.0484375
7 0.30859375 0.29140625 0.084375 0.046875
7 0.50703125 0.2703125 0.33828125 0.0640625
7 0.50078125 0.30234375 0.45859375 0.08515625
7 0.490625 0.3390625 0.49765625 0.1109375
7 0.528125 0.3703125 0.42890625 0.096875
7 0.54765625 0.403125 0.440625 0.11875
7 0.58515625 0.43828125 0.4609375 0.11953125
7 0.875 0.4078125 0.13125 0.06796875
7 0.9140625 0.46015625 0.03828125 0.040625
7 0.6171875 0.46640625 0.49140625 0.1375
7 0.646875 0.50078125 0.50703125 0.1546875
7 0.665625 0.5359375 0.5046875 0.1546875
7 0.68984375 0.57109375 0.51640625 0.159375
7 0.0375 0.49765625 0.075 0.0640625
7 0.20546875 0.4875 0.08359375 0.12265625
7 0.10546875 0.45 0.2109375 0.234375
7 0.1265625 0.571875 0.25234375 0.078125
7 0.196875 0.50859375 0.39375 0.3046875
7 0.07890625 0.57734375 0.0671875 0.04375
1 0.7734375 0.4 0.31484375 0.24765625
7 0.7359375 0.38984375 0.12578125 0.0546875
1 0.496875 0.46796875 0.21171875 0.33359375
1 0.46171875 0.6515625 0.2234375 0.18125
6 0.309375 0.884375 0.5546875 0.23125
6 0.146875 0.83828125 0.29375 0.3203125
1 0.209375 0.7375 0.20625 0.21875
1 0.82890625 0.72734375 0.340625 0.29921875
1 0.55546875 0.37890625 0.0671875 0.02890625
3 0.2296875 0.68828125 0.0359375 0.04140625
6 0.16953125 0.7 0.08125 0.06015625
6 0.36953125 0.8609375 0.7390625 0.27734375