8 0.40390625 0.084375 0.0390625 0.03359375
8 0.28359375 0.16328125 0.23515625 0.20234375
8 0.6390625 0.14765625 0.165625 0.2375
1 0.35859375 0.12734375 0.05625 0.08203125
1 0.27890625 0.26171875 0.084375 0.03515625
8 0.4421875 0.14609375 0.25703125 0.2921875
0 0.44765625 0.0859375 0.03828125 0.03515625
1 0.5171875 0.08828125 0.14765625 0.08359375
8 0.51796875 0.05625 0.0921875 0.0859375
1 0.146875 0.2421875 0.13125 0.06953125
1 0.478125 0.08515625 0.12734375 0.1296875
1 0.48515625 0.20625 0.08125 0.2140625
1 0.0359375 0.23828125 0.0359375 0.01640625