2 0.6578125 0.6484375 0.03046875 0.03203125
2 0.2390625 0.4171875 0.22421875 0.2875
2 0.34453125 0.521875 0.37734375 0.36640625
2 0.3859375 0.5 0.44140625 0.43984375
2 0.3375 0.41328125 0.203125 0.253125
2 0.31875 0.40390625 0.0671875 0.0953125
2 0.4921875 0.575 0.31640625 0.2890625
2 0.4484375 0.48671875 0.215625 0.16796875
2 0.4046875 0.39921875 0.184375 0.19140625
2 0.4203125 0.41328125 0.1109375 0.11171875
2 0.6828125 0.621875 0.07734375 0.08671875
2 0.4875 0.434375 0.4234375 0.43046875
2 0.55546875 0.37109375 0.1703125 0.246875
2 0.59296875 0.38203125 0.1578125 0.26015625
2 0.70234375 0.58828125 0.11171875 0.15546875
2 0.64609375 0.42421875 0.321875 0.56484375
2 0.675 0.41640625 0.3140625 0.55625
2 0.68125 0.3875 0.1734375 0.328125
2 0.725 0.4328125 0.26875 0.4640625
2 0.7796875 0.51015625 0.22890625 0.40234375