1 0.8375 0.49453125 0.03828125 0.01875
8 0.78046875 0.54140625 0.1421875 0.11328125
8 0.69765625 0.421875 0.1921875 0.28984375
1 0.8890625 0.64453125 0.22109375 0.3203125
2 0.30390625 0.5671875 0.2921875 0.27421875
2 0.40703125 0.43515625 0.26640625 0.26171875
1 0.41328125 0.55703125 0.0921875 0.12421875
2 0.32890625 0.48984375 0.03828125 0.02734375
2 0.35625 0.55625 0.10625 0.1296875
2 0.27421875 0.49453125 0.06015625 0.0765625
8 0.24296875 0.546875 0.05390625 0.08203125
3 0.290625 0.56171875 0.05546875 0.078125
1 0.31796875 0.61875 0.0578125 0.0515625
2 0.63671875 0.6546875 0.35703125 0.25234375
1 0.6765625 0.63203125 0.22578125 0.1578125
8 0.6484375 0.5859375 0.09375 0.034375
3 0.715625 0.62734375 0.07734375 0.040625
2 0.5625 0.6171875 0.24609375 0.15390625
1 0.5328125 0.56953125 0.05625 0.02734375
3 0.9 0.86171875 0.084375 0.0640625
2 0.3984375 0.43125 0.10078125 0.13984375
2 0.396875 0.41171875 0.084375 0.08125