2 0.5953125 0.20703125 0.23671875 0.16171875
2 0.81640625 0.27109375 0.36640625 0.5421875
2 0.9796875 0.3046875 0.03984375 0.1390625
7 0.1265625 0.04375 0.253125 0.08671875
1 0.09140625 0.25546875 0.1828125 0.0515625
2 0.540625 0.553125 0.70703125 0.56328125
2 0.62578125 0.40546875 0.45078125 0.371875
3 0.4984375 0.571875 0.31484375 0.20546875
2 0.546875 0.58828125 0.1703125 0.1390625
1 0.696875 0.68984375 0.1046875 0.1421875
1 0.3984375 0.56796875 0.4203125 0.275
2 0.8484375 0.75234375 0.3015625 0.15859375
7 0.9375 0.93671875 0.125 0.1265625
1 0.778125 0.140625 0.06171875 0.259375