8 0.4328125 0.66796875 0.16171875 0.08125
8 0.39765625 0.71640625 0.184375 0.13515625
8 0.20390625 0.784375 0.2546875 0.18671875
2 0.8109375 0.50234375 0.3078125 0.2625
2 0.7234375 0.4234375 0.1015625 0.08359375
2 0.725 0.41796875 0.08515625 0.0640625
2 0.75859375 0.42265625 0.1234375 0.09140625
2 0.80078125 0.4296875 0.109375 0.10546875
2 0.81484375 0.45703125 0.12890625 0.09609375
2 0.80625 0.45390625 0.0578125 0.05078125
2 0.8296875 0.45859375 0.0734375 0.0515625
2 0.85 0.52578125 0.10625 0.0703125
2 0.715625 0.5875 0.2328125 0.1859375
2 0.7359375 0.50546875 0.11796875 0.09609375
2 0.73046875 0.50546875 0.10859375 0.0671875
2 0.76171875 0.55078125 0.08828125 0.1015625
2 0.7359375 0.55546875 0.07421875 0.10546875
3 0.6953125 0.52421875 0.05078125 0.03515625
2 0.73125 0.61640625 0.021875 0.040625
2 0.665625 0.55234375 0.11015625 0.09296875
2 0.88125 0.48046875 0.09765625 0.0890625