2 0.75078125 0.34609375 0.17109375 0.25390625
2 0.58828125 0.39765625 0.23359375 0.30859375
2 0.45546875 0.84609375 0.2359375 0.29296875
2 0.74375 0.33359375 0.08046875 0.0828125
8 0.72421875 0.30703125 0.0421875 0.096875
2 0.6640625 0.3296875 0.1359375 0.29609375
7 0.64921875 0.30625 0.11328125 0.17734375
2 0.58359375 0.36953125 0.1421875 0.2125
2 0.4875 0.44296875 0.21875 0.31484375
2 0.46015625 0.4265625 0.1328125 0.11953125
2 0.375 0.73046875 0.4390625 0.39609375
2 0.29296875 0.5734375 0.5859375 0.3671875
2 0.29765625 0.4140625 0.06640625 0.1203125
2 0.25625 0.40703125 0.11484375 0.1359375
1 0.52578125 0.39921875 0.0765625 0.0296875
8 0.58671875 0.246875 0.125 0.12109375