2 0.7625 0.49296875 0.10546875 0.03515625
2 0.77734375 0.48125 0.08828125 0.03046875
2 0.77265625 0.47578125 0.08515625 0.03359375
2 0.903125 0.85703125 0.19296875 0.12890625
2 0.853125 0.23671875 0.103125 0.11484375
2 0.896875 0.8625 0.13828125 0.07109375
8 0.74609375 0.396875 0.1765625 0.16171875
2 0.7015625 0.184375 0.0578125 0.13984375
2 0.75390625 0.29921875 0.0625 0.14609375
2 0.52578125 0.13203125 0.41328125 0.23828125
2 0.41640625 0.34296875 0.6015625 0.528125
2 0.75078125 0.70859375 0.496875 0.44296875
2 0.7375 0.2859375 0.07109375 0.13671875
2 0.75703125 0.29765625 0.01875 0.090625
2 0.7421875 0.28984375 0.06640625 0.15390625
2 0.76328125 0.28046875 0.09453125 0.1953125
2 0.759375 0.296875 0.06171875 0.1515625
2 0.80859375 0.26640625 0.0234375 0.05625
2 0.8234375 0.21796875 0.028125 0.05546875
2 0.81484375 0.2109375 0.02578125 0.03828125
2 0.8015625 0.3203125 0.021875 0.059375
2 0.83359375 0.29140625 0.04921875 0.05546875
2 0.8359375 0.3140625 0.0421875 0.04921875
2 0.08828125 0.4203125 0.13671875 0.17265625
6 0.084375 0.44609375 0.0859375 0.03359375
1 0.08515625 0.575 0.07265625 0.0484375
2 0.134375 0.31328125 0.034375 0.07421875
2 0.7765625 0.46171875 0.0765625 0.0390625
2 0.1265625 0.30078125 0.040625 0.10703125