5 0.21640625 0.9609375 0.1453125 0.07734375
5 0.4609375 0.9265625 0.15859375 0.146875
5 0.31640625 0.89453125 0.2671875 0.21015625
5 0.578125 0.87109375 0.303125 0.24921875
5 0.55546875 0.7171875 0.36328125 0.1765625
5 0.36953125 0.8 0.34609375 0.25625
5 0.53359375 0.57578125 0.40546875 0.1171875
5 0.3765625 0.6421875 0.34375 0.1671875
5 0.5515625 0.4140625 0.3796875 0.10703125
5 0.39765625 0.4921875 0.3515625 0.1296875
5 0.584375 0.2859375 0.334375 0.1859375
5 0.396875 0.34296875 0.3515625 0.196875
5 0.61015625 0.13515625 0.31171875 0.2484375
5 0.41015625 0.18203125 0.35625 0.2609375
5 0.55546875 0.05078125 0.1703125 0.1015625
5 0.31015625 0.05546875 0.14609375 0.1109375
5 0.37265625 0.1078125 0.2765625 0.215625
5 0.1796875 0.03125 0.1640625 0.0625