6 0.36171875 0.9265625 0.05625 0.1078125
8 0.61171875 0.59765625 0.72421875 0.790625
8 0.97109375 0.209375 0.0578125 0.4046875
6 0.6796875 0.61484375 0.1765625 0.14609375
8 0.0515625 0.35546875 0.103125 0.3609375
6 0.628125 0.38828125 0.09140625 0.0859375
6 0.3734375 0.59609375 0.0875 0.18515625
6 0.7171875 0.3796875 0.10390625 0.20546875
6 0.73046875 0.4828125 0.09609375 0.12265625
6 0.78515625 0.66328125 0.11171875 0.0828125
6 0.80390625 0.52265625 0.1265625 0.24453125
6 0.546875 0.54453125 0.109375 0.25390625
6 0.66953125 0.53828125 0.15546875 0.27421875
6 0.46796875 0.58828125 0.17109375 0.1921875
6 0.61328125 0.68828125 0.28046875 0.1171875
6 0.45 0.61484375 0.11171875 0.20078125
6 0.68515625 0.45234375 0.24140625 0.11171875
6 0.46875 0.45 0.25703125 0.12265625
6 0.51171875 0.36171875 0.33984375 0.25859375