2 0.86953125 0.73125 0.19609375 0.45234375
2 0.96328125 0.70546875 0.0734375 0.5890625
2 0.5421875 0.5140625 0.8390625 0.84140625
2 0.215625 0.83984375 0.12265625 0.08046875
2 0.22890625 0.42421875 0.3453125 0.8484375
1 0.2296875 0.15703125 0.27734375 0.3140625
2 0.65390625 0.5046875 0.596875 0.7578125
1 0.75625 0.20078125 0.12890625 0.16015625
8 0.6515625 0.8375 0.15078125 0.0890625
2 0.634375 0.540625 0.590625 0.52734375
6 0.94921875 0.40625 0.1 0.12109375
9 0.91796875 0.33515625 0.0453125 0.01015625
8 0.68515625 0.01875 0.21953125 0.0375