1 0.1953125 0.08125 0.05625 0.02109375
2 0.08828125 0.09609375 0.17578125 0.1921875
1 0.06484375 0.12734375 0.1296875 0.1296875
1 0.05078125 0.15 0.1015625 0.0625
1 0.04765625 0.09765625 0.0953125 0.128125
8 0.61953125 0.47578125 0.3421875 0.43125
8 0.38203125 0.384375 0.0859375 0.134375
8 0.2796875 0.55390625 0.3453125 0.37265625
3 0.60703125 0.13203125 0.05 0.0609375
1 0.40625 0.09765625 0.07421875 0.07578125
3 0.19375 0.1953125 0.040625 0.0453125
2 0.29453125 0.18046875 0.24296875 0.18671875
2 0.33203125 0.06171875 0.16015625 0.075
6 0.05703125 0.26796875 0.11328125 0.0578125