2 0.7359375 0.39453125 0.17734375 0.1109375
2 0.7515625 0.36953125 0.1578125 0.08359375
2 0.696875 0.65859375 0.04609375 0.0328125
2 0.75625 0.61953125 0.05546875 0.04140625
1 0.67578125 0.46171875 0.046875 0.02890625
2 0.79140625 0.36171875 0.04609375 0.028125
2 0.7859375 0.36484375 0.03515625 0.021875
2 0.7453125 0.35 0.0484375 0.05390625
6 0.83046875 0.528125 0.2265625 0.14609375
4 0.82421875 0.53359375 0.0359375 0.03671875
2 0.646875 0.59921875 0.278125 0.21171875
2 0.5234375 0.62890625 0.384375 0.2265625
2 0.4796875 0.57578125 0.4265625 0.33828125
2 0.4171875 0.534375 0.41640625 0.18359375