2 0.60234375 0.32734375 0.0265625 0.10546875
8 0.4328125 0.29453125 0.23203125 0.46640625
3 0.56953125 0.646875 0.02890625 0.04765625
8 0.5515625 0.6421875 0.06171875 0.12109375
8 0.42109375 0.628125 0.23203125 0.26640625
8 0.875 0.45859375 0.2453125 0.23125
8 0.3828125 0.7921875 0.32578125 0.2859375
8 0.765625 0.52734375 0.04609375 0.0515625
8 0.71015625 0.73046875 0.31875 0.375
2 0.5125 0.5375 0.03984375 0.09140625
2 0.525 0.4484375 0.040625 0.2265625
2 0.546875 0.3828125 0.07578125 0.3625
2 0.5703125 0.4 0.04921875 0.28125
2 0.59609375 0.4359375 0.0625 0.340625
2 0.58125 0.43515625 0.040625 0.2203125
8 0.55234375 0.571875 0.04609375 0.06171875