8 0.103125 0.53046875 0.15078125 0.18203125
8 0.1953125 0.54765625 0.0875 0.15859375
8 0.2140625 0.4609375 0.065625 0.10390625
10 0.225 0.4125 0.0859375 0.14453125
8 0.20078125 0.6734375 0.12734375 0.12578125
1 0.26953125 0.2 0.12890625 0.39921875
8 0.2703125 0.809375 0.08984375 0.21328125
8 0.3125 0.86171875 0.0375 0.096875
2 0.63671875 0.421875 0.12734375 0.440625
8 0.39453125 0.26640625 0.40859375 0.53203125
8 0.73515625 0.778125 0.2265625 0.26953125
1 0.48125 0.71875 0.50390625 0.5609375
8 0.8109375 0.9390625 0.28359375 0.1203125