1 0.796875 0.39921875 0.03671875 0.06015625
8 0.7546875 0.45703125 0.1171875 0.04921875
6 0.7578125 0.453125 0.06328125 0.03515625
8 0.75859375 0.22890625 0.14140625 0.203125
8 0.5546875 0.1765625 0.13046875 0.1515625
8 0.51796875 0.31484375 0.22109375 0.18515625
8 0.215625 0.24296875 0.04296875 0.03203125
8 0.3140625 0.29140625 0.3125 0.23125
8 0.33671875 0.37109375 0.084375 0.025
6 0.4328125 0.184375 0.190625 0.1546875
8 0.5640625 0.47109375 0.2390625 0.1828125
1 0.4296875 0.41171875 0.03828125 0.0328125
2 0.1859375 0.60546875 0.18671875 0.11484375
8 0.24453125 0.4734375 0.4890625 0.184375
7 0.40390625 0.5453125 0.2828125 0.2234375
2 0.48671875 0.67734375 0.1484375 0.02890625
8 0.52421875 0.609375 0.5359375 0.196875
8 0.396875 0.95546875 0.1890625 0.08125
7 0.48984375 0.809375 0.33515625 0.25234375
8 0.565625 0.66015625 0.14453125 0.08671875
8 0.51015625 0.7703125 0.2015625 0.23828125