6 0.703125 0.5453125 0.06484375 0.04296875
6 0.75625 0.5609375 0.03984375 0.01796875
6 0.675 0.46875 0.08125 0.096875
6 0.5671875 0.5515625 0.0578125 0.06328125
6 0.44765625 0.6734375 0.02109375 0.04375
6 0.46640625 0.6734375 0.034375 0.0296875
6 0.434375 0.73125 0.071875 0.040625
6 0.42578125 0.7640625 0.046875 0.0640625
6 0.5734375 0.63515625 0.096875 0.0515625
6 0.6453125 0.69921875 0.16875 0.09140625
6 0.80859375 0.6125 0.084375 0.09375
6 0.74453125 0.590625 0.1234375 0.0640625
6 0.46640625 0.81171875 0.08515625 0.1
6 0.5078125 0.88671875 0.10625 0.10859375
6 0.6578125 0.84609375 0.1125 0.1234375
6 0.39453125 0.6765625 0.0921875 0.10078125
6 0.37890625 0.61953125 0.0828125 0.02109375
2 0.440625 0.60546875 0.11875 0.06015625
6 0.41328125 0.58203125 0.1484375 0.0734375
6 0.4171875 0.55859375 0.12109375 0.06796875
6 0.47890625 0.51484375 0.1359375 0.08046875
6 0.5640625 0.47734375 0.190625 0.14296875
6 0.49921875 0.6421875 0.196875 0.13046875
6 0.51953125 0.546875 0.08984375 0.1359375
6 0.628125 0.5671875 0.14765625 0.12578125
6 0.6078125 0.4375 0.125 0.096875
6 0.534375 0.7359375 0.22890625 0.1125
6 0.559375 0.815625 0.10625 0.203125
6 0.52890625 0.7953125 0.11796875 0.084375
1 0.54765625 0.8203125 0.01640625 0.0703125
1 0.50703125 0.8453125 0.115625 0.0171875
1 0.51640625 0.87890625 0.06875 0.075
6 0.70234375 0.74453125 0.1328125 0.125
6 0.70625 0.80859375 0.1078125 0.07578125
6 0.78046875 0.7765625 0.08046875 0.07578125
6 0.83359375 0.72578125 0.06015625 0.053125
6 0.7828125 0.71171875 0.1296875 0.08203125
6 0.66171875 0.64375 0.16015625 0.13671875
6 0.88203125 0.64609375 0.0921875 0.096875
6 0.8453125 0.659375 0.0546875 0.0484375
6 0.74453125 0.628125 0.06796875 0.0640625
6 0.81328125 0.690625 0.0453125 0.03359375