2 0.1109375 0.559375 0.1765625 0.26015625
2 0.47734375 0.5890625 0.0671875 0.05625
2 0.4140625 0.4703125 0.32578125 0.19921875
2 0.328125 0.22265625 0.05234375 0.12890625
2 0.4484375 0.32421875 0.3359375 0.33984375
2 0.3671875 0.13828125 0.103125 0.0765625
2 0.30703125 0.54375 0.31484375 0.3140625
2 0.27109375 0.48828125 0.12109375 0.09375
8 0.80703125 0.51328125 0.3859375 0.34921875
2 0.7 0.4046875 0.3703125 0.22421875
8 0.64921875 0.57734375 0.296875 0.3359375
8 0.9171875 0.6796875 0.165625 0.20078125
6 0.85546875 0.4296875 0.0390625 0.04921875