8 0.8828125 0.11171875 0.23125 0.2234375
8 0.67734375 0.08125 0.18515625 0.1625
8 0.74140625 0.1 0.1875 0.19921875
8 0.56015625 0.22734375 0.2015625 0.42265625
8 0.93046875 0.403125 0.13828125 0.4609375
8 0.83515625 0.6046875 0.25234375 0.4796875
7 0.74296875 0.49453125 0.2921875 0.2265625
7 0.3984375 0.5296875 0.3265625 0.35390625
7 0.57578125 0.6453125 0.27890625 0.4171875
7 0.36796875 0.81171875 0.36328125 0.37578125
7 0.56484375 0.58203125 0.21484375 0.2828125
7 0.3890625 0.2921875 0.4015625 0.478125
8 0.540625 0.425 0.06171875 0.065625
7 0.75546875 0.2890625 0.21796875 0.3640625
1 0.4046875 0.3703125 0.371875 0.22109375