6 0.5390625 0.57734375 0.61875 0.7671875
6 0.6484375 0.33125 0.10234375 0.11875
6 0.56328125 0.35859375 0.10859375 0.115625
6 0.4828125 0.3578125 0.08359375 0.04375
6 0.39609375 0.4078125 0.07578125 0.08359375
6 0.31875 0.465625 0.0859375 0.11171875
6 0.66953125 0.42578125 0.12578125 0.10546875
6 0.59140625 0.46171875 0.1171875 0.1046875
6 0.51796875 0.4984375 0.0890625 0.10390625
6 0.4046875 0.796875 0.0953125 0.1453125
6 0.37734375 0.68125 0.0859375 0.12265625
6 0.48828125 0.75078125 0.09765625 0.1265625
6 0.459375 0.64921875 0.08984375 0.13984375
6 0.4359375 0.5546875 0.07890625 0.07734375
6 0.34765625 0.57890625 0.0859375 0.11171875
6 0.45078125 0.45390625 0.23671875 0.23203125
6 0.72421875 0.625 0.13203125 0.103125
6 0.69609375 0.52734375 0.1296875 0.10390625
6 0.64765625 0.665625 0.121875 0.1078125
6 0.56875 0.7046875 0.1125 0.115625
6 0.62109375 0.5640625 0.12265625 0.103125
6 0.53984375 0.6 0.1078125 0.10625