8 0.865625 0.6359375 0.1203125 0.06953125
8 0.80390625 0.85234375 0.11796875 0.06796875
2 0.959375 0.7703125 0.08046875 0.1640625
1 0.85625 0.86484375 0.1140625 0.04296875
8 0.83125 0.74140625 0.2046875 0.2125
8 0.553125 0.625 0.53125 0.246875
6 0.4234375 0.5765625 0.0453125 0.0203125
6 0.6359375 0.5515625 0.01953125 0.025
8 0.3796875 0.571875 0.12265625 0.13359375
6 0.53515625 0.39375 0.071875 0.015625
1 0.68984375 0.5046875 0.17421875 0.28671875
0 0.6265625 0.5375 0.02578125 0.04296875
8 0.49375 0.47265625 0.3140625 0.19609375
8 0.5484375 0.61953125 0.37578125 0.134375
2 0.26328125 0.91328125 0.3125 0.1734375
8 0.33203125 0.934375 0.084375 0.12109375
8 0.25234375 0.95859375 0.10859375 0.0828125