8 0.57421875 0.69375 0.059375 0.06171875
8 0.54140625 0.72265625 0.05625 0.07890625
8 0.5875 0.77734375 0.12265625 0.18046875
8 0.52734375 0.54453125 0.08984375 0.08125
8 0.6296875 0.45546875 0.1109375 0.10234375
7 0.71640625 0.45 0.0578125 0.03515625
8 0.79296875 0.52734375 0.20234375 0.178125
6 0.77109375 0.4484375 0.084375 0.04296875
6 0.82578125 0.4328125 0.04921875 0.02578125
8 0.7421875 0.303125 0.2390625 0.26953125
8 0.946875 0.61640625 0.10546875 0.109375
8 0.834375 0.73359375 0.25546875 0.290625
8 0.68046875 0.578125 0.33125 0.26484375
8 0.659375 0.45703125 0.0625 0.05
8 0.69296875 0.4875 0.05625 0.03203125
8 0.734375 0.82109375 0.3359375 0.24375
8 0.21328125 0.6453125 0.1796875 0.23203125
6 0.26796875 0.55234375 0.04375 0.03359375
8 0.36953125 0.6640625 0.29453125 0.31015625
8 0.43671875 0.8625 0.22734375 0.22890625
8 0.45 0.690625 0.2046875 0.19921875
2 0.56953125 0.22265625 0.228125 0.27734375