2 0.56796875 0.525 0.0625 0.05625
2 0.57578125 0.5296875 0.04609375 0.04453125
8 0.87265625 0.77421875 0.25390625 0.20390625
7 0.17734375 0.66875 0.2609375 0.31640625
2 0.33203125 0.80859375 0.11484375 0.16328125
1 0.43046875 0.87734375 0.04921875 0.02109375
2 0.10546875 0.6046875 0.1984375 0.2390625
6 0.234375 0.828125 0.07734375 0.06875
2 0.18046875 0.8640625 0.36015625 0.271875
2 0.48828125 0.7140625 0.23203125 0.32890625
7 0.76640625 0.8328125 0.46640625 0.2875
1 0.653125 0.9546875 0.04765625 0.046875
1 0.65 0.9828125 0.08046875 0.03359375
2 0.259375 0.5296875 0.29296875 0.40078125
2 0.36640625 0.43125 0.10625 0.20234375
7 0.25859375 0.45078125 0.115625 0.1390625