6 0.41953125 0.28515625 0.4328125 0.31484375
6 0.30234375 0.484375 0.0984375 0.15703125
6 0.60390625 0.296875 0.09296875 0.05078125
6 0.4515625 0.37578125 0.26640625 0.290625
6 0.46875 0.4546875 0.24140625 0.3421875
6 0.7125 0.32109375 0.140625 0.109375
6 0.30703125 0.64765625 0.1796875 0.253125
8 0.54921875 0.4640625 0.33046875 0.3625
6 0.84375 0.4140625 0.20078125 0.14921875
7 0.834375 0.67421875 0.2421875 0.3765625
6 0.7296875 0.4765625 0.36484375 0.23046875
6 0.6234375 0.9015625 0.2203125 0.19609375
8 0.315625 0.665625 0.146875 0.040625
8 0.63203125 0.70078125 0.5421875 0.5609375
1 0.28828125 0.5875 0.0484375 0.13359375
6 0.60078125 0.70546875 0.4609375 0.54453125