2 0.13515625 0.2421875 0.26953125 0.1421875
2 0.1734375 0.140625 0.1171875 0.1078125
2 0.284375 0.1515625 0.3015625 0.1140625
2 0.35703125 0.2 0.36875 0.15546875
2 0.30859375 0.23125 0.0953125 0.1125
2 0.390625 0.2296875 0.1921875 0.1109375
2 0.03359375 0.28359375 0.03828125 0.03828125
2 0.1875 0.290625 0.21640625 0.025
2 0.21171875 0.34296875 0.2609375 0.10390625
2 0.35390625 0.30546875 0.07578125 0.07578125
2 0.159375 0.39453125 0.31875 0.1953125
0 0.12265625 0.34921875 0.11875 0.01484375
8 0.465625 0.39453125 0.31484375 0.34765625
8 0.6703125 0.58984375 0.3796875 0.45234375