10 0.63203125 0.74375 0.15 0.19140625
10 0.53046875 0.73828125 0.146875 0.1890625
10 0.27578125 0.76640625 0.20390625 0.3078125
10 0.43203125 0.78203125 0.15078125 0.24140625
10 0.68203125 0.4828125 0.15078125 0.146875
10 0.546875 0.48359375 0.15703125 0.1515625
10 0.278125 0.47734375 0.17421875 0.16171875
10 0.4203125 0.478125 0.1171875 0.15390625
10 0.7390625 0.09140625 0.215625 0.18203125
10 0.54375 0.11328125 0.2046875 0.1375
10 0.23359375 0.12265625 0.15078125 0.12265625
10 0.36484375 0.1171875 0.15234375 0.13125