7 0.5625 0.7359375 0.371875 0.2890625
7 0.5546875 0.72734375 0.1390625 0.07421875
8 0.52109375 0.12578125 0.3265625 0.2515625
8 0.53203125 0.31640625 0.42265625 0.2984375
2 0.3890625 0.5546875 0.13515625 0.08125
2 0.5234375 0.39375 0.14765625 0.06953125
2 0.5671875 0.4046875 0.06015625 0.04609375
2 0.6890625 0.42265625 0.14453125 0.09609375
2 0.5390625 0.409375 0.11875 0.0546875
2 0.5703125 0.50859375 0.31015625 0.228125
2 0.6296875 0.6015625 0.11953125 0.103125
6 0.4546875 0.54453125 0.525 0.39453125