2 0.05390625 0.43125 0.1078125 0.3375
2 0.0140625 0.53125 0.028125 0.2375
2 0.11875 0.65703125 0.2375 0.31484375
2 0.5 0.5171875 1 0.76015625
2 0.3890625 0.528125 0.68984375 0.2984375
2 0.52421875 0.61796875 0.1015625 0.040625
2 0.321875 0.5984375 0.05390625 0.03359375
2 0.43046875 0.60234375 0.20390625 0.03359375
2 0.58203125 0.62265625 0.0359375 0.059375
2 0.40234375 0.61875 0.1609375 0.04921875
2 0.4734375 0.63515625 0.221875 0.03515625
2 0.32890625 0.62265625 0.14609375 0.0390625
2 0.66484375 0.3515625 0.0375 0.2421875
2 0.66328125 0.2375 0.02578125 0.23046875
2 0.65546875 0.371875 0.1328125 0.58046875
2 0.35078125 0.34609375 0.6125 0.509375
2 0.74453125 0.42578125 0.0484375 0.02265625
2 0.75859375 0.4921875 0.0734375 0.12109375