2 0.1140625 0.4328125 0.228125 0.26484375
2 0.1046875 0.4046875 0.1640625 0.0296875
2 0.36171875 0.68359375 0.36015625 0.21328125
2 0.3953125 0.51875 0.51953125 0.31484375
2 0.68515625 0.671875 0.3125 0.34296875
2 0.61640625 0.59140625 0.15546875 0.165625
2 0.76796875 0.55078125 0.16328125 0.15390625
3 0.6171875 0.63125 0.11171875 0.10546875
2 0.721875 0.6296875 0.15234375 0.11015625
2 0.70859375 0.66015625 0.08203125 0.05
1 0.7984375 0.59921875 0.0859375 0.0453125
2 0.7671875 0.63515625 0.11328125 0.08125
2 0.43125 0.3296875 0.45625 0.2796875
8 0.471875 0.25 0.3046875 0.27890625