2 0.11796875 0.59921875 0.16796875 0.05625
2 0.11171875 0.51484375 0.22265625 0.1703125
2 0.0515625 0.44296875 0.065625 0.021875
2 0.03828125 0.4515625 0.0359375 0.021875
2 0.11640625 0.4515625 0.0875 0.04296875
2 0.1359375 0.48671875 0.02109375 0.03828125
8 0.303125 0.55390625 0.290625 0.24765625
2 0.18984375 0.41015625 0.3796875 0.13515625
8 0.8015625 0.428125 0.12890625 0.06171875
8 0.89453125 0.5359375 0.1609375 0.184375
8 0.71015625 0.53359375 0.22109375 0.21796875
8 0.58984375 0.5875 0.3625 0.24765625