8 0.4390625 0.3765625 0.1125 0.190625
8 0.45703125 0.3609375 0.0625 0.103125
8 0.91796875 0.09140625 0.16328125 0.08828125
7 0.47578125 0.6609375 0.084375 0.0984375
8 0.325 0.4625 0.13359375 0.07109375
8 0.31015625 0.50625 0.11328125 0.08828125
8 0.13046875 0.45859375 0.2609375 0.2171875
8 0.3828125 0.49140625 0.04765625 0.07421875
8 0.33125 0.56171875 0.15859375 0.1296875
8 0.13046875 0.6125 0.2609375 0.26171875
8 0.1546875 0.51015625 0.1875 0.13359375
8 0.2703125 0.61171875 0.23359375 0.1203125
8 0.21875 0.7453125 0.33046875 0.29609375
7 0.46328125 0.51484375 0.1484375 0.21640625
7 0.52578125 0.36328125 0.1015625 0.13671875
7 0.553125 0.25078125 0.1265625 0.109375
8 0.73984375 0.3484375 0.51953125 0.4609375
8 0.70703125 0.74453125 0.5859375 0.41015625
1 0.3265625 0.57890625 0.04921875 0.028125