2 0.33046875 0.30546875 0.11328125 0.03359375
1 0.284375 0.32421875 0.0734375 0.0078125
2 0.6546875 0.31875 0.18828125 0.13125
2 0.24921875 0.4890625 0.04375 0.0234375
7 0.47734375 0.55859375 0.16640625 0.128125
8 0.49140625 0.47109375 0.1984375 0.11953125
2 0.49609375 0.4625 0.08046875 0.04296875
2 0.37109375 0.47734375 0.10078125 0.02578125
2 0.29921875 0.4359375 0.13359375 0.084375
8 0.41328125 0.37265625 0.37578125 0.1484375
8 0.65 0.39453125 0.275 0.234375
8 0.73515625 0.478125 0.32734375 0.16953125
6 0.35234375 0.51953125 0.1875 0.0921875
2 0.34375 0.4453125 0.1703125 0.140625
6 0.2453125 0.50390625 0.05703125 0.0296875
4 0.434375 0.63046875 0.02265625 0.0390625
8 0.2765625 0.64453125 0.38359375 0.2765625
6 0.47421875 0.69140625 0.04140625 0.04453125
6 0.5171875 0.80625 0.1921875 0.0828125
2 0.6671875 0.68125 0.53671875 0.321875
1 0.6046875 0.52578125 0.01328125 0.0390625
8 0.60546875 0.58984375 0.15546875 0.1484375
1 0.6375 0.5828125 0.034375 0.0390625
2 0.54765625 0.67734375 0.07890625 0.03046875
1 0.59765625 0.6734375 0.0734375 0.05078125
6 0.55078125 0.65 0.04765625 0.0296875
3 0.76484375 0.6140625 0.0859375 0.05625
3 0.79375 0.62578125 0.040625 0.03046875
8 0.69296875 0.6140625 0.12890625 0.18515625
1 0.76171875 0.62109375 0.0859375 0.10859375
8 0.67265625 0.68203125 0.04296875 0.0640625
6 0.71015625 0.6765625 0.13515625 0.09375
1 0.25546875 0.78125 0.0671875 0.02578125