2 0.4484375 0.78828125 0.3671875 0.37265625
1 0.4046875 0.8921875 0.05546875 0.0484375
6 0.3390625 0.8796875 0.11484375 0.06484375
2 0.084375 0.67109375 0.16875 0.6578125
6 0.0203125 0.8140625 0.040625 0.128125
8 0.6984375 0.2140625 0.24765625 0.25
1 0.69921875 0.14140625 0.1015625 0.0609375
2 0.0265625 0.1578125 0.053125 0.12578125
7 0.4671875 0.259375 0.225 0.20546875
2 0.0265625 0.22578125 0.05234375 0.21640625
7 0.5125 0.43359375 0.2609375 0.253125
6 0.06328125 0.25234375 0.0828125 0.140625
1 0.5140625 0.42265625 0.25546875 0.05390625
2 0.1953125 0.26875 0.24453125 0.22265625
2 0.2125 0.275 0.1515625 0.10546875
2 0.28671875 0.2046875 0.034375 0.05
2 0.26171875 0.2453125 0.06015625 0.03671875
2 0.190625 0.18203125 0.184375 0.14921875
2 0.171875 0.26796875 0.12421875 0.04609375
2 0.2421875 0.2859375 0.04765625 0.0171875
8 0.4640625 0.93671875 0.05234375 0.05859375
2 0.18671875 0.26953125 0.16171875 0.0375
6 0.4453125 0.9 0.040625 0.02421875