8 0.54453125 0.16015625 0.1296875 0.1828125
2 0.59921875 0.16640625 0.0921875 0.1359375
8 0.703125 0.271875 0.2203125 0.25703125
8 0.74921875 0.459375 0.14921875 0.234375
6 0.734375 0.4140625 0.02734375 0.0234375
6 0.71328125 0.43671875 0.05390625 0.046875
6 0.7078125 0.4078125 0.03828125 0.02109375
6 0.7671875 0.4421875 0.0546875 0.05625
8 0.2390625 0.3453125 0.20859375 0.26640625
8 0.371875 0.27265625 0.228125 0.29765625
8 0.53203125 0.42109375 0.3125 0.509375
2 0.196875 0.66171875 0.171875 0.24140625
8 0.3765625 0.6421875 0.365625 0.546875
2 0.7640625 0.22109375 0.06484375 0.04609375