6 0.46875 0.1921875 0.03984375 0.1265625
1 0.46484375 0.26796875 0.02890625 0.0640625
2 0.73984375 0.30625 0.5203125 0.51796875
2 0.41484375 0.296875 0.17578125 0.2125
6 0.85078125 0.58046875 0.059375 0.11640625
2 0.71328125 0.80625 0.01796875 0.01875
8 0.9171875 0.6875 0.165625 0.42265625
8 0.759375 0.68671875 0.203125 0.42734375
6 0.509375 0.4234375 0.11875 0.13984375
8 0.06171875 0.59375 0.1140625 0.165625
10 0.02265625 0.8359375 0.0453125 0.17578125
2 0.00859375 0.74375 0.0171875 0.0546875
2 0.33046875 0.60859375 0.59140625 0.78125
6 0.74375 0.2953125 0.1640625 0.22578125
8 0.75625 0.40234375 0.08984375 0.09609375