2 0.696875 0.60078125 0.40390625 0.53359375
2 0.784375 0.3234375 0.14296875 0.43671875
8 0.45703125 0.75546875 0.24765625 0.38984375
2 0.44375 0.67421875 0.22109375 0.17734375
3 0.72734375 0.69375 0.24609375 0.08828125
2 0.65546875 0.51953125 0.25859375 0.20859375
6 0.81484375 0.58828125 0.06796875 0.13125
3 0.6609375 0.73359375 0.14609375 0.09296875
6 0.7453125 0.60703125 0.11015625 0.1625
2 0.64296875 0.60859375 0.11484375 0.065625
3 0.63984375 0.65234375 0.11953125 0.1234375
8 0.671875 0.409375 0.1484375 0.0890625
1 0.75625 0.846875 0.05703125 0.07109375
8 0.265625 0.48515625 0.31484375 0.375
2 0.63515625 0.65703125 0.07578125 0.10234375
8 0.3953125 0.4015625 0.1046875 0.16953125