1 0.146875 0.55390625 0.06953125 0.05078125
2 0.365625 0.471875 0.35625 0.446875
2 0.28203125 0.63203125 0.14765625 0.209375
1 0.43046875 0.3703125 0.1734375 0.06171875
1 0.22421875 0.4625 0.0265625 0.26328125
1 0.3921875 0.60546875 0.08359375 0.04765625
7 0.76015625 0.35703125 0.44375 0.2796875
1 0.87421875 0.290625 0.1265625 0.06640625
1 0.621875 0.34140625 0.08984375 0.23671875
1 0.76484375 0.30390625 0.434375 0.1125
1 0.765625 0.3171875 0.0171875 0.05859375
1 0.82890625 0.41640625 0.11640625 0.15859375