8 0.4125 0.46953125 0.08125 0.075
1 0.4171875 0.54765625 0.07109375 0.03828125
8 0.55234375 0.184375 0.23671875 0.1546875
1 0.46015625 0.42109375 0.05859375 0.04765625
8 0.6734375 0.83125 0.41328125 0.325
8 0.40546875 0.703125 0.28203125 0.228125
8 0.5765625 0.5328125 0.3671875 0.284375
3 0.69765625 0.2 0.05546875 0.053125
3 0.62421875 0.271875 0.096875 0.05
3 0.8328125 0.1140625 0.04140625 0.04375
2 0.6984375 0.19453125 0.05078125 0.0359375
6 0.70546875 0.18359375 0.04296875 0.025
8 0.54140625 0.40859375 0.06875 0.02109375