1 0.5 0.5 1 1
8 0.53359375 0.8515625 0.31015625 0.25078125
6 0.8703125 0.6796875 0.25859375 0.28125
6 0.9390625 0.6328125 0.08984375 0.11328125
1 0.715625 0.646875 0.10078125 0.09375
1 0.84453125 0.653125 0.196875 0.15078125
6 0.628125 0.7203125 0.58203125 0.478125
6 0.65546875 0.28984375 0.21875 0.2125
6 0.678125 0.49296875 0.26484375 0.26171875
6 0.59453125 0.46640625 0.28359375 0.15
6 0.87421875 0.45078125 0.2515625 0.22734375
8 0.96953125 0.4390625 0.046875 0.07578125
8 0.83125 0.4734375 0.14296875 0.190625
6 0.11640625 0.64609375 0.17734375 0.1328125
6 0.3328125 0.68203125 0.328125 0.23828125
6 0.390625 0.1765625 0.2484375 0.08984375
6 0.35859375 0.40546875 0.63671875 0.478125
6 0.30234375 0.21875 0.03984375 0.01015625
6 0.1609375 0.26015625 0.25859375 0.18203125
6 0.33203125 0.38203125 0.5671875 0.38515625
1 0.1984375 0.57265625 0.31484375 0.14453125
1 0.04765625 0.39453125 0.06484375 0.05390625
6 0.109375 0.4671875 0.21875 0.1140625
6 0.1328125 0.41640625 0.20234375 0.11875
6 0.2859375 0.33359375 0.26953125 0.221875