8 0.784375 0.753125 0.2734375 0.33203125
6 0.47109375 0.72265625 0.4140625 0.24140625
3 0.9796875 0.67734375 0.040625 0.0125
2 0.5875 0.515625 0.825 0.45625
2 0.2546875 0.28515625 0.50859375 0.5453125
6 0.62265625 0.68515625 0.0625 0.08125
3 0.9734375 0.68359375 0.05234375 0.01328125
3 0.96796875 0.68984375 0.0640625 0.0140625
3 0.9546875 0.8109375 0.090625 0.24296875
6 0.92578125 0.9734375 0.084375 0.053125
6 0.84453125 0.7890625 0.140625 0.35390625
2 0.65 0.203125 0.24453125 0.15703125
2 0.85234375 0.20078125 0.2953125 0.29375
8 0.7015625 0.140625 0.11875 0.0546875
2 0.05078125 0.78125 0.1015625 0.1453125
2 0.11875 0.89609375 0.2375 0.2078125
2 0.0265625 0.9734375 0.053125 0.053125