2 0.25390625 0.5328125 0.48359375 0.225
2 0.23515625 0.4234375 0.36875 0.11875
2 0.1390625 0.48203125 0.16796875 0.01328125
2 0.37734375 0.4640625 0.203125 0.03125
2 0.45078125 0.47109375 0.0625 0.009375
2 0.4421875 0.43359375 0.0625 0.03671875
2 0.45234375 0.4390625 0.053125 0.0234375
2 0.44453125 0.4375 0.05546875 0.034375
2 0.03203125 0.53984375 0.04453125 0.04609375
8 0.94453125 0.85546875 0.1109375 0.22421875
1 0.26328125 0.50234375 0.09375 0.271875
2 0.80390625 0.69765625 0.3921875 0.246875
2 0.74140625 0.56640625 0.384375 0.11328125
2 0.73984375 0.53671875 0.375 0.1015625
1 0.59140625 0.51171875 0.0703125 0.0578125
2 0.78046875 0.5203125 0.31015625 0.05703125
2 0.734375 0.40390625 0.4203125 0.2609375
1 0.75390625 0.56328125 0.0359375 0.0984375