2 0.5359375 0.37734375 0.1359375 0.11171875
8 0.65703125 0.3046875 0.18671875 0.10625
8 0.74765625 0.35234375 0.17265625 0.22109375
8 0.68984375 0.42578125 0.21171875 0.21640625
8 0.6109375 0.575 0.325 0.22734375
8 0.6921875 0.69921875 0.42421875 0.3296875
1 0.49765625 0.4484375 0.06484375 0.03515625
1 0.30703125 0.459375 0.04296875 0.03828125
1 0.28359375 0.43359375 0.075 0.046875
2 0.36484375 0.49375 0.10625 0.04765625
2 0.40859375 0.43515625 0.14609375 0.1421875
1 0.04765625 0.59140625 0.0953125 0.14375
8 0.10625 0.578125 0.08828125 0.0859375
2 0.07734375 0.665625 0.1546875 0.14765625
8 0.2609375 0.525 0.35390625 0.21484375