8 0.83046875 0.32578125 0.26171875 0.2671875
8 0.90703125 0.56953125 0.1859375 0.3921875
8 0.96640625 0.3234375 0.06640625 0.30625
2 0.5515625 0.44296875 0.09609375 0.18671875
2 0.6484375 0.3546875 0.15703125 0.19609375
2 0.47109375 0.5484375 0.12578125 0.08671875
2 0.07109375 0.771875 0.1421875 0.23515625
8 0.03359375 0.29921875 0.06640625 0.11171875
2 0.15703125 0.42421875 0.1203125 0.23671875
2 0.01796875 0.540625 0.03515625 0.0265625
2 0.06015625 0.5234375 0.06875 0.07109375
6 0.0640625 0.70625 0.128125 0.3125
6 0.1015625 0.6875 0.02109375 0.05078125
2 0.18515625 0.59140625 0.14140625 0.12421875
2 0.21484375 0.69921875 0.20078125 0.16796875
2 0.33828125 0.60546875 0.1671875 0.12578125
2 0.50546875 0.5453125 0.04296875 0.0796875
7 0.32734375 0.43828125 0.4046875 0.27734375
2 0.36796875 0.33671875 0.27265625 0.28359375
2 0.38515625 0.25703125 0.12890625 0.1671875
3 0.3125 0.29453125 0.09140625 0.05625
8 0.634375 0.6671875 0.38515625 0.50546875
6 0.38984375 0.2296875 0.06953125 0.07734375
6 0.58984375 0.8546875 0.09609375 0.06953125