2 0.81171875 0.2296875 0.25 0.275
2 0.809375 0.28515625 0.203125 0.0625
2 0.84296875 0.22578125 0.26953125 0.0859375
2 0.65625 0.32578125 0.2 0.28203125
8 0.47265625 0.33046875 0.2109375 0.2953125
8 0.1328125 0.31328125 0.2328125 0.27734375
8 0.1625 0.4328125 0.32421875 0.4375
8 0.36640625 0.55625 0.24765625 0.34140625
2 0.0578125 0.79140625 0.11484375 0.39375
1 0.0390625 0.88046875 0.07734375 0.090625
2 0.03125 0.5484375 0.06171875 0.12109375
7 0.2109375 0.79609375 0.35546875 0.31015625
8 0.03046875 0.69765625 0.0609375 0.1921875
8 0.575 0.55859375 0.19609375 0.38203125
2 0.82109375 0.184375 0.26328125 0.08984375
1 0.2078125 0.84609375 0.35078125 0.1625
8 0.25390625 0.2890625 0.046875 0.10703125