2 0.5265625 0.49140625 0.04140625 0.0421875
7 0.23046875 0.20078125 0.20234375 0.1796875
2 0.384375 0.2046875 0.20859375 0.04765625
2 0.4265625 0.1875 0.22734375 0.0453125
2 0.3859375 0.1703125 0.2546875 0.03203125
2 0.4390625 0.18828125 0.078125 0.06484375
2 0.3703125 0.16171875 0.25859375 0.03671875
2 0.3671875 0.1453125 0.2546875 0.03828125
7 0.44453125 0.665625 0.33671875 0.378125
8 0.49296875 0.52421875 0.1109375 0.025
2 0.24921875 0.521875 0.10390625 0.096875
2 0.4875 0.53671875 0.1203125 0.02890625
2 0.45390625 0.6140625 0.146875 0.05546875
2 0.43046875 0.61875 0.046875 0.02421875
2 0.4375 0.571875 0.14453125 0.1015625
2 0.5015625 0.57265625 0.15859375 0.08828125
2 0.4875 0.44765625 0.04140625 0.08671875
2 0.6015625 0.8859375 0.09140625 0.103125