7 0.13515625 0.65234375 0.21015625 0.30234375
1 0.1375 0.65859375 0.0859375 0.1875
1 0.1296875 0.60703125 0.05 0.04609375
2 0.115625 0.675 0.03515625 0.06640625
2 0.0625 0.753125 0.125 0.16875
2 0.06015625 0.709375 0.1203125 0.09375
2 0.059375 0.67578125 0.11796875 0.05390625
2 0.07421875 0.49296875 0.1484375 0.1453125
8 0.2671875 0.65234375 0.19140625 0.171875
8 0.625 0.35 0.1921875 0.08515625
8 0.53125 0.49453125 0.3890625 0.35546875
2 0.04921875 0.62578125 0.0984375 0.07578125
2 0.04921875 0.60390625 0.0984375 0.0890625
6 0.8640625 0.24296875 0.2703125 0.3890625
1 0.90625 0.19921875 0.04296875 0.0140625
6 0.2828125 0.1078125 0.34140625 0.215625