8 0.66953125 0.45546875 0.303125 0.14453125
3 0.63515625 0.5765625 0.07421875 0.06640625
2 0.63359375 0.57265625 0.06484375 0.04765625
8 0.8671875 0.88984375 0.1828125 0.13203125
8 0.74375 0.8609375 0.1703125 0.16171875
2 0.36875 0.6640625 0.29296875 0.228125
8 0.3828125 0.4671875 0.26640625 0.13671875
8 0.33046875 0.534375 0.24921875 0.1265625
6 0.2765625 0.5015625 0.07734375 0.02421875
6 0.49921875 0.534375 0.096875 0.10859375
2 0.31796875 0.5984375 0.0421875 0.04609375
2 0.415625 0.57578125 0.16171875 0.090625