8 0.46953125 0.37265625 0.3015625 0.32734375
2 0.54609375 0.94375 0.1890625 0.11171875
6 0.67734375 0.57734375 0.3015625 0.1328125
2 0.4046875 0.646875 0.2203125 0.19765625
7 0.4125 0.7265625 0.13125 0.159375
6 0.5640625 0.75546875 0.2890625 0.28671875
2 0.13671875 0.50703125 0.09765625 0.1296875
7 0.1046875 0.59609375 0.0828125 0.1546875
2 0.21953125 0.3671875 0.07734375 0.1265625
6 0.46875 0.396875 0.24765625 0.1390625
6 0.46171875 0.29296875 0.24609375 0.11640625
7 0.2890625 0.09296875 0.08125 0.1859375
1 0.29609375 0.2359375 0.06171875 0.0765625
2 0.36171875 0.21171875 0.12109375 0.075
8 0.4453125 0.1 0.271875 0.2
7 0.4328125 0.51015625 0.16171875 0.16015625
6 0.30234375 0.6265625 0.26171875 0.2
8 0.21171875 0.4765625 0.0703125 0.10703125
6 0.2953125 0.3734375 0.10390625 0.30703125
2 0.20703125 0.60625 0.22734375 0.228125
2 0.8625 0.01640625 0.15859375 0.03203125
2 0.7546875 0.93125 0.015625 0.0390625