7 0.6125 0.75390625 0.13515625 0.2375
7 0.5296875 0.83828125 0.15234375 0.2171875
7 0.4546875 0.82890625 0.05546875 0.1375
8 0.628125 0.578125 0.05234375 0.12265625
8 0.57890625 0.496875 0.08828125 0.06171875
2 0.13359375 0.71328125 0.1046875 0.121875
1 0.11875 0.74296875 0.125 0.10625
8 0.390625 0.31953125 0.18359375 0.17578125
8 0.3828125 0.20390625 0.13359375 0.13359375
8 0.40390625 0.57109375 0.1453125 0.22421875
8 0.4015625 0.44296875 0.125 0.1359375
8 0.484375 0.43125 0.07734375 0.15234375
8 0.50234375 0.51953125 0.08046875 0.096875
8 0.53125 0.58984375 0.178125 0.15078125
8 0.48984375 0.70546875 0.15546875 0.11953125
8 0.5703125 0.41640625 0.16875 0.19296875
8 0.73671875 0.734375 0.09609375 0.10078125
8 0.675 0.66640625 0.1140625 0.16328125
8 0.69921875 0.49140625 0.16484375 0.196875
8 0.65078125 0.40703125 0.1921875 0.1640625
8 0.77890625 0.69921875 0.07421875 0.1234375
8 0.74921875 0.5890625 0.17421875 0.1921875
8 0.8875 0.57421875 0.1328125 0.09296875
8 0.846875 0.60703125 0.08828125 0.115625
8 0.9609375 0.621875 0.028125 0.04296875
8 0.903125 0.61875 0.109375 0.11796875
1 0.5546875 0.81953125 0.225 0.14921875
1 0.434375 0.81875 0.0375 0.109375