8 0.49609375 0.09296875 0.2015625 0.1859375
8 0.30625 0.1890625 0.27421875 0.3140625
8 0.1484375 0.62734375 0.29609375 0.53046875
8 0.59296875 0.09765625 0.20703125 0.19453125
8 0.6953125 0.053125 0.075 0.10546875
8 0.81015625 0.240625 0.23046875 0.48125
2 0.45234375 0.6765625 0.40546875 0.30703125
2 0.46015625 0.5546875 0.4265625 0.49453125
2 0.471875 0.45234375 0.3984375 0.27265625
2 0.39921875 0.33359375 0.23984375 0.3421875
2 0.43046875 0.28515625 0.17265625 0.1921875
2 0.5390625 0.30078125 0.2546875 0.28203125
2 0.21015625 0.3546875 0.146875 0.2078125
2 0.47265625 0.44765625 0.29296875 0.240625
2 0.6703125 0.47578125 0.09921875 0.271875
2 0.653125 0.25 0.225 0.30546875
2 0.12421875 0.3546875 0.24765625 0.27578125