6 0.4453125 0.88671875 0.56484375 0.2265625
6 0.8625 0.91328125 0.275 0.17265625
4 0.44296875 0.265625 0.1984375 0.11875
4 0.515625 0.3671875 0.13203125 0.1046875
4 0.57109375 0.44453125 0.02890625 0.0515625
4 0.3671875 0.5953125 0.40234375 0.15703125
4 0.35859375 0.42734375 0.41640625 0.21015625
4 0.96640625 0.28984375 0.0671875 0.13828125
4 0.9796875 0.40703125 0.040625 0.09921875
4 0.76796875 0.390625 0.4328125 0.1546875
4 0.7453125 0.2203125 0.471875 0.24140625
4 0.76640625 0.57578125 0.46640625 0.23671875