2 0.64765625 0.109375 0.0921875 0.08046875
2 0.1875 0.09765625 0.375 0.1578125
2 0.8125 0.2890625 0.31953125 0.16328125
2 0.825 0.271875 0.34921875 0.20234375
2 0.82421875 0.2359375 0.35078125 0.196875
2 0.74296875 0.0703125 0.1765625 0.140625
2 0.84921875 0.17734375 0.3 0.2140625
2 0.94453125 0.1875 0.11015625 0.11953125
2 0.915625 0.1015625 0.16796875 0.06328125
2 0.87421875 0.0390625 0.2515625 0.078125
2 0.946875 0.06484375 0.10546875 0.11015625
8 0.63046875 0.24921875 0.06015625 0.0234375
1 0.6734375 0.2796875 0.06640625 0.0515625
6 0.70078125 0.3109375 0.04140625 0.02578125
6 0.31484375 0.16875 0.23984375 0.11171875
8 0.80859375 0.49296875 0.38203125 0.46875
8 0.3671875 0.50703125 0.73359375 0.8859375