6 0.15390625 0.15390625 0.1703125 0.09140625
6 0.5984375 0.33046875 0.28046875 0.16796875
6 0.55078125 0.31328125 0.24296875 0.0328125
6 0.27734375 0.4796875 0.190625 0.19921875
6 0.1546875 0.39609375 0.1125 0.07734375
6 0.1734375 0.36875 0.08125 0.0234375
6 0.3875 0.29921875 0.1140625 0.13671875
6 0.278125 0.2671875 0.28125 0.1578125
6 0.08203125 0.24296875 0.16328125 0.21875
6 0.3390625 0.309375 0.05 0.0625
6 0.30234375 0.2546875 0.05546875 0.0875
6 0.159375 0.33125 0.09140625 0.07109375
6 0.16796875 0.27734375 0.0328125 0.04609375
6 0.16171875 0.525 0.034375 0.04375
6 0.1859375 0.44453125 0.14453125 0.13203125
6 0.27265625 0.353125 0.1546875 0.2421875
6 0.23671875 0.478125 0.13125 0.1609375
6 0.26484375 0.48984375 0.0796875 0.06171875
6 0.24765625 0.284375 0.17578125 0.22421875
6 0.29609375 0.5703125 0.1765625 0.09765625
6 0.659375 0.5671875 0.0890625 0.04921875
6 0.55625 0.48984375 0.12578125 0.16640625
6 0.43359375 0.4921875 0.13828125 0.23125
3 0.52890625 0.5609375 0.075 0.021875
6 0.56640625 0.6078125 0.275 0.071875
6 0.66640625 0.46640625 0.1375 0.16953125
6 0.725 0.46796875 0.14375 0.140625
6 0.53671875 0.67578125 0.1921875 0.065625