2 0.12578125 0.7546875 0.07734375 0.11953125
2 0.39765625 0.72734375 0.0546875 0.0671875
2 0.45 0.553125 0.0296875 0.04453125
2 0.49453125 0.54375 0.07109375 0.1734375
2 0.278125 0.56640625 0.34609375 0.32109375
7 0.28671875 0.46015625 0.2515625 0.27578125
7 0.56953125 0.6953125 0.17265625 0.2453125
8 0.6390625 0.37421875 0.1015625 0.07890625
6 0.65859375 0.4859375 0.15390625 0.2296875
3 0.8859375 0.30390625 0.07265625 0.06640625
8 0.90390625 0.28671875 0.0421875 0.05703125
8 0.565625 0.565625 0.1 0.18515625
8 0.84609375 0.51953125 0.22421875 0.3859375
8 0.7328125 0.7078125 0.16953125 0.44140625
2 0.69453125 0.48984375 0.05390625 0.065625
1 0.26484375 0.8609375 0.1375 0.27734375
7 0.50546875 0.740625 0.1109375 0.0734375