7 0.38125 0.715625 0.2890625 0.384375
8 0.54765625 0.05234375 0.03359375 0.03984375
8 0.3453125 0.171875 0.140625 0.29375
7 0.5484375 0.36875 0.053125 0.17578125
1 0.72578125 0.89921875 0.51484375 0.20078125
7 0.46953125 0.3046875 0.1953125 0.24765625
7 0.67109375 0.640625 0.3125 0.47734375
7 0.6703125 0.55390625 0.3328125 0.42421875
7 0.46171875 0.203125 0.20078125 0.21328125
7 0.45625 0.11640625 0.20703125 0.12421875
7 0.33046875 0.58046875 0.390625 0.475
8 0.48046875 0.3359375 0.06015625 0.02578125
7 0.3125 0.4671875 0.32734375 0.38046875
1 0.45703125 0.146875 0.2078125 0.1515625
1 0.46953125 0.26796875 0.1953125 0.1625
1 0.56953125 0.32109375 0.01015625 0.06796875