2 0.29921875 0.56171875 0.309375 0.13984375
2 0.21875 0.4875 0.0546875 0.103125
2 0.3328125 0.49453125 0.234375 0.14609375
2 0.6765625 0.62265625 0.52109375 0.484375
8 0.71171875 0.73828125 0.1859375 0.07421875
2 0.8296875 0.5890625 0.09609375 0.25703125
2 0.75078125 0.64375 0.17109375 0.196875
7 0.62265625 0.290625 0.290625 0.2484375
7 0.625 0.55859375 0.34140625 0.31875
2 0.85703125 0.70703125 0.0546875 0.11796875
1 0.83203125 0.7703125 0.07265625 0.06015625
2 0.31015625 0.41640625 0.1625 0.1875
2 0.13828125 0.321875 0.23984375 0.3
8 0.15390625 0.20234375 0.059375 0.03515625
2 0.15625 0.25390625 0.10078125 0.10234375
0 0.1703125 0.24375 0.04921875 0.08046875
2 0.09921875 0.2859375 0.1109375 0.0984375
2 0.159375 0.2921875 0.04453125 0.04921875
2 0.18984375 0.24765625 0.0234375 0.04140625