6 0.1609375 0.2390625 0.034375 0.046875
8 0.16640625 0.334375 0.07109375 0.146875
8 0.4484375 0.38359375 0.2515625 0.36953125
8 0.90625 0.58203125 0.1875 0.32734375
8 0.76484375 0.45625 0.05234375 0.07109375
8 0.68671875 0.3625 0.2109375 0.29453125
8 0.42421875 0.6828125 0.1953125 0.36328125
8 0.5796875 0.51171875 0.22734375 0.34140625
8 0.74453125 0.62890625 0.18515625 0.3015625
8 0.88671875 0.35703125 0.2046875 0.23671875
8 0.26875 0.246875 0.28046875 0.4140625
8 0.19296875 0.63984375 0.29375 0.58828125