2 0.1171875 0.55703125 0.23359375 0.26875
2 0.8234375 0.359375 0.22421875 0.10546875
2 0.9453125 0.38359375 0.109375 0.10625
2 0.95234375 0.45546875 0.09375 0.15625
2 0.96875 0.4015625 0.02265625 0.04375
2 0.975 0.5453125 0.05 0.02578125
2 0.9703125 0.5890625 0.05078125 0.06328125
2 0.9203125 0.64453125 0.09296875 0.12265625
2 0.9015625 0.634375 0.1109375 0.046875
2 0.9 0.59609375 0.14296875 0.06875
2 0.84375 0.5453125 0.21953125 0.090625
2 0.88046875 0.62890625 0.0953125 0.0203125
2 0.83203125 0.4984375 0.20078125 0.07890625
2 0.809375 0.4453125 0.20234375 0.07109375
2 0.8359375 0.47265625 0.1609375 0.01796875
2 0.71953125 0.49765625 0.0640625 0.1375
2 0.81796875 0.378125 0.2125 0.1296875
2 0.8171875 0.59375 0.1046875 0.06796875
2 0.54921875 0.68359375 0.4265625 0.3109375
2 0.6609375 0.784375 0.56875 0.396875
2 0.97109375 0.6953125 0.0578125 0.25234375
2 0.98671875 0.6953125 0.025 0.0375
1 0.94453125 0.4140625 0.06796875 0.075
2 0.83046875 0.4765625 0.1359375 0.009375