9 0.47578125 0.1828125 0.128125 0.05703125
9 0.7890625 0.2953125 0.02578125 0.03828125
9 0.81640625 0.36875 0.03203125 0.04140625
9 0.75859375 0.4078125 0.028125 0.0375
9 0.7328125 0.3890625 0.03046875 0.03828125
9 0.4625 0.3015625 0.0265625 0.0375
9 0.58046875 0.2421875 0.1640625 0.14609375
9 0.71328125 0.28984375 0.128125 0.059375
9 0.74609375 0.33984375 0.12890625 0.05078125
9 0.696875 0.40859375 0.071875 0.0859375
9 0.58203125 0.39140625 0.1640625 0.18125
9 0.64609375 0.5359375 0.0515625 0.16640625
9 0.475 0.4984375 0.0546875 0.1609375
9 0.38203125 0.5171875 0.1078125 0.1359375
9 0.4140625 0.37421875 0.1140625 0.1265625
9 0.34609375 0.28984375 0.11015625 0.18125
9 0.32734375 0.434375 0.04453125 0.1453125