2 0.5078125 0.0984375 0.0609375 0.04765625
2 0.82109375 0.0578125 0.07265625 0.08125
2 0.79765625 0.29609375 0.13515625 0.18203125
2 0.75859375 0.2125 0.13359375 0.2015625
6 0.4390625 0.3546875 0.234375 0.23359375
2 0.58046875 0.240625 0.26640625 0.1234375
7 0.28984375 0.48984375 0.35859375 0.44375
7 0.67109375 0.50234375 0.4421875 0.546875
2 0.59921875 0.14765625 0.43125 0.29453125
1 0.3890625 0.31875 0.05546875 0.03203125
2 0.61171875 0.10703125 0.159375 0.18125
2 0.57109375 0.196875 0.06640625 0.10703125
1 0.28984375 0.5375 0.34921875 0.23125
1 0.3 0.4578125 0.24453125 0.27578125