3 0.76171875 0.465625 0.065625 0.071875
2 0.57734375 0.51875 0.4203125 0.2171875
2 0.546875 0.4921875 0.24375 0.07734375
2 0.62578125 0.53359375 0.26015625 0.10859375
2 0.70390625 0.49609375 0.07421875 0.05
2 0.61875 0.4890625 0.14609375 0.08828125
2 0.640625 0.465625 0.03984375 0.01171875
8 0.64375 0.46015625 0.26171875 0.10078125
8 0.50234375 0.56953125 0.57421875 0.16640625
6 0.17109375 0.6203125 0.11015625 0.221875
8 0.1421875 0.6125 0.028125 0.05078125
8 0.8546875 0.54921875 0.1625 0.1421875
1 0.6546875 0.3890625 0.1171875 0.03828125
2 0.4796875 0.38984375 0.04296875 0.0234375
2 0.79765625 0.415625 0.08359375 0.02109375