2 0.3921875 0.16640625 0.62734375 0.32734375
1 0.5703125 0.2203125 0.06484375 0.0546875
8 0.5 0.5390625 1 0.69921875
8 0.67890625 0.61953125 0.1203125 0.06484375
2 0.51484375 0.70859375 0.50703125 0.23828125
3 0.6984375 0.70625 0.10546875 0.08984375
2 0.64140625 0.4359375 0.6484375 0.371875
2 0.475 0.51015625 0.57734375 0.44375
2 0.5984375 0.5609375 0.04765625 0.025
8 0.4671875 0.4953125 0.2828125 0.1671875
8 0.71484375 0.55390625 0.0453125 0.02265625
2 0.81640625 0.775 0.36640625 0.45
4 0.88359375 0.85390625 0.23203125 0.2921875
8 0.8953125 0.81953125 0.2078125 0.1625
2 0.853125 0.95859375 0.18359375 0.0828125