2 0.11328125 0.825 0.2265625 0.27890625
2 0.47734375 0.821875 0.34921875 0.35546875
2 0.73515625 0.5703125 0.02265625 0.05078125
2 0.84140625 0.4375 0.31640625 0.228125
2 0.96796875 0.61484375 0.06328125 0.16875
1 0.328125 0.403125 0.08046875 0.19765625
6 0.346875 0.521875 0.12109375 0.28359375
6 0.23359375 0.621875 0.23828125 0.31328125
6 0.121875 0.56015625 0.20546875 0.296875
6 0.48125 0.98046875 0.08515625 0.0390625
1 0.06484375 0.946875 0.12890625 0.10546875
2 0.26484375 0.865625 0.37265625 0.26875
2 0.31015625 0.90625 0.2453125 0.1875
2 0.609375 0.8578125 0.0734375 0.1265625
2 0.62578125 0.80859375 0.025 0.03359375
2 0.6875 0.69375 0.10703125 0.21015625
2 0.81640625 0.7421875 0.3671875 0.31875
2 0.809375 0.909375 0.38046875 0.18046875
8 0.76640625 0.95625 0.46640625 0.08671875
2 0.690625 0.79375 0.04453125 0.06640625
6 0.5578125 0.70234375 0.375 0.415625
6 0.5671875 0.5234375 0.3828125 0.353125
6 0.4 0.33203125 0.0921875 0.36171875
6 0.50078125 0.3546875 0.24921875 0.41953125
6 0.5796875 0.509375 0.078125 0.1640625
6 0.6203125 0.52421875 0.065625 0.13359375
6 0.68671875 0.48671875 0.10390625 0.1203125
2 0.72578125 0.70859375 0.0546875 0.125
2 0.74765625 0.696875 0.0328125 0.05078125
2 0.78046875 0.71171875 0.06875 0.0578125
2 0.91484375 0.68125 0.0375 0.10078125
2 0.865625 0.6984375 0.1078125 0.12265625
1 0.89765625 0.75625 0.04140625 0.03828125
6 0.8375 0.5875 0.2078125 0.24296875
2 0.79375 0.79375 0.23125 0.13359375
1 0.45234375 0.94453125 0.040625 0.05234375