8 0.2609375 0.6 0.1296875 0.0875
8 0.32578125 0.3921875 0.15703125 0.125
6 0.3515625 0.48671875 0.09296875 0.04921875
6 0.29921875 0.45859375 0.15546875 0.07421875
6 0.5359375 0.60703125 0.08046875 0.08046875
8 0.4203125 0.584375 0.2265625 0.21875
8 0.24765625 0.50625 0.196875 0.15234375
6 0.571875 0.61640625 0.05390625 0.07578125
8 0.73046875 0.59609375 0.36484375 0.3984375
3 0.2078125 0.5421875 0.04375 0.0375
6 0.18828125 0.4765625 0.04453125 0.046875
3 0.209375 0.49609375 0.071875 0.05625
3 0.22890625 0.55234375 0.0375 0.05703125