2 0.496875 0.68828125 0.275 0.17578125
2 0.5875 0.59375 0.24765625 0.2234375
2 0.5078125 0.58984375 0.03203125 0.0796875
2 0.43046875 0.52421875 0.1328125 0.19296875
8 0.728125 0.4046875 0.26328125 0.434375
8 0.7015625 0.29609375 0.08046875 0.04609375
2 0.76953125 0.28125 0.04765625 0.01640625
8 0.771875 0.2859375 0.03515625 0.0078125
8 0.4859375 0.40546875 0.321875 0.33984375
2 0.58828125 0.62421875 0.1171875 0.01875
2 0.490625 0.6 0.02578125 0.04375
2 0.42734375 0.628125 0.0875 0.08984375
2 0.40390625 0.63125 0.053125 0.0421875
2 0.52890625 0.67578125 0.1328125 0.07421875
6 0.3265625 0.8015625 0.41171875 0.28984375
6 0.18359375 0.79921875 0.290625 0.17421875
6 0.2296875 0.80625 0.15703125 0.1046875
6 0.36484375 0.8390625 0.0796875 0.1015625
6 0.26484375 0.73828125 0.165625 0.15859375
6 0.47109375 0.790625 0.1828125 0.22421875
6 0.3265625 0.81953125 0.14765625 0.07890625
6 0.32890625 0.81328125 0.125 0.06484375
6 0.3234375 0.8046875 0.05390625 0.04921875
6 0.2578125 0.73203125 0.0890625 0.11015625
6 0.33203125 0.72890625 0.19296875 0.11171875