6 0.6625 0.02265625 0.0375 0.0453125
2 0.496875 0.484375 0.1734375 0.3265625
2 0.853125 0.14921875 0.0984375 0.2671875
2 0.74765625 0.34453125 0.2796875 0.259375
2 0.75546875 0.29140625 0.2203125 0.2375
8 0.7203125 0.06484375 0.1765625 0.1296875
2 0.73984375 0.071875 0.05234375 0.04765625
2 0.68984375 0.17109375 0.1640625 0.24765625
2 0.72109375 0.12421875 0.08671875 0.06484375
2 0.8078125 0.165625 0.0984375 0.1328125
2 0.76328125 0.14765625 0.04453125 0.0734375
6 0.646875 0.596875 0.1921875 0.29453125
2 0.55703125 0.2921875 0.2296875 0.36171875
2 0.553125 0.196875 0.1796875 0.18671875
8 0.34609375 0.61953125 0.35625 0.75625
6 0.29609375 0.33671875 0.07265625 0.0875
8 0.3328125 0.35625 0.0484375 0.05234375
8 0.36796875 0.39375 0.09609375 0.06171875
6 0.86953125 0.06171875 0.06484375 0.01875