2 0.44609375 0.74296875 0.49296875 0.22890625
8 0.4703125 0.8453125 0.3375 0.21875
2 0.378125 0.65703125 0.5296875 0.24140625
2 0.34765625 0.61015625 0.20234375 0.10625
2 0.4546875 0.590625 0.15078125 0.0671875
7 0.41328125 0.44296875 0.54921875 0.24921875
2 0.4546875 0.3875 0.46796875 0.13046875
1 0.3625 0.3578125 0.0796875 0.0328125
2 0.49296875 0.346875 0.26328125 0.07890625
2 0.49765625 0.3265625 0.103125 0.04453125
1 0.43515625 0.35625 0.06953125 0.059375
2 0.390625 0.2765625 0.31328125 0.1359375
1 0.2234375 0.3265625 0.090625 0.028125
3 0.58125 0.32734375 0.0734375 0.053125
6 0.58046875 0.28984375 0.084375 0.03203125