2 0.21875 0.58828125 0.34140625 0.340625
2 0.34921875 0.50859375 0.02890625 0.09453125
2 0.0171875 0.3015625 0.03359375 0.23125
2 0.2328125 0.428125 0.23046875 0.2875
1 0.07734375 0.6828125 0.1546875 0.4
2 0.1640625 0.43203125 0.23828125 0.28046875
2 0.1796875 0.50703125 0.23671875 0.1328125
8 0.76640625 0.6671875 0.28203125 0.35703125
8 0.4953125 0.66875 0.265625 0.2765625
1 0.459375 0.578125 0.0453125 0.034375
8 0.47109375 0.48125 0.19765625 0.1625
8 0.403125 0.54296875 0.0546875 0.06875
6 0.53984375 0.57890625 0.0609375 0.05234375
6 0.49921875 0.56953125 0.034375 0.05390625
8 0.6609375 0.39453125 0.33671875 0.4109375