8 0.096875 0.09453125 0.165625 0.1890625
8 0.17890625 0.1625 0.0765625 0.0671875
8 0.1578125 0.3546875 0.19765625 0.39453125
1 0.6671875 0.31484375 0.1046875 0.0953125
1 0.94140625 0.5796875 0.11640625 0.18984375
1 0.85078125 0.6046875 0.1921875 0.2296875
1 0.76484375 0.6359375 0.1953125 0.19453125
1 0.81484375 0.45234375 0.18046875 0.1359375
1 0.88203125 0.36328125 0.2359375 0.43203125
1 0.696875 0.53671875 0.22578125 0.196875
8 0.571875 0.58203125 0.059375 0.06875
8 0.45 0.74453125 0.59140625 0.48359375
1 0.66484375 0.43828125 0.175 0.321875
1 0.74609375 0.27734375 0.32109375 0.36171875
8 0.41953125 0.34140625 0.40390625 0.6828125