1 0.509375 0.03359375 0.15859375 0.06328125
8 0.5 0.5390625 1 0.91171875
3 0.3125 0.64296875 0.2671875 0.1640625
3 0.74375 0.74453125 0.03671875 0.05
3 0.6859375 0.6953125 0.0984375 0.0765625
3 0.71015625 0.6515625 0.16640625 0.1375
3 0.79765625 0.61015625 0.13359375 0.21484375
3 0.76875 0.51171875 0.06796875 0.04453125
3 0.71875 0.57890625 0.11328125 0.11875
3 0.6109375 0.665625 0.11328125 0.09140625
3 0.6140625 0.74921875 0.278125 0.1046875
3 0.596875 0.5015625 0.1078125 0.0859375
3 0.703125 0.42265625 0.05625 0.0296875
3 0.63046875 0.56015625 0.24375 0.275
3 0.45234375 0.64921875 0.1359375 0.1171875
3 0.66015625 0.53203125 0.3921875 0.20390625
3 0.6109375 0.28671875 0.05390625 0.02890625
3 0.6671875 0.35859375 0.3234375 0.15390625
3 0.20078125 0.359375 0.25390625 0.146875
3 0.1 0.34609375 0.1984375 0.16015625
3 0.25 0.3375 0.18515625 0.14296875
3 0.1078125 0.6125 0.125 0.0875
3 0.07890625 0.49375 0.0859375 0.0703125
3 0.090625 0.5515625 0.1328125 0.146875
3 0.178125 0.49140625 0.11640625 0.15234375
3 0.32421875 0.278125 0.03359375 0.04140625
3 0.38359375 0.396875 0.08828125 0.04921875
3 0.42734375 0.2984375 0.17578125 0.075
3 0.27265625 0.45546875 0.17734375 0.10390625
3 0.43671875 0.48203125 0.49453125 0.3546875
3 0.44296875 0.45546875 0.1234375 0.084375
3 0.378125 0.50703125 0.16171875 0.11328125
1 0.33125 0.3671875 0.0921875 0.0875
3 0.3890625 0.3265625 0.10625 0.11796875
1 0.3859375 0.32265625 0.04296875 0.021875
1 0.1828125 0.2765625 0.0421875 0.025
1 0.1546875 0.56953125 0.0625 0.03203125
6 0.2640625 0.325 0.07578125 0.10234375