1 0.01640625 0.24296875 0.0328125 0.1578125
8 0.11015625 0.30078125 0.18671875 0.24921875
7 0.63359375 0.5265625 0.01796875 0.05625
7 0.73125 0.5609375 0.065625 0.07734375
8 0.43671875 0.525 0.3765625 0.08203125
7 0.33671875 0.3921875 0.2703125 0.20703125
1 0.2671875 0.36171875 0.12421875 0.07421875
8 0.19609375 0.51640625 0.07265625 0.0328125
7 0.22109375 0.5640625 0.16015625 0.10078125
2 0.3484375 0.76953125 0.428125 0.37265625
2 0.3484375 0.7109375 0.365625 0.171875
8 0.5453125 0.91953125 0.0265625 0.06640625
2 0.69609375 0.86640625 0.05703125 0.03984375
2 0.69296875 0.65703125 0.18046875 0.228125
6 0.53984375 0.60703125 0.23828125 0.13125
2 0.09453125 0.753125 0.171875 0.2859375
7 0.07421875 0.6140625 0.1484375 0.14453125
8 0.04375 0.6328125 0.065625 0.06640625
6 0.6875 0.25234375 0.4015625 0.33125
6 0.5859375 0.5359375 0.01640625 0.09453125