1 0.6234375 0.4734375 0.0921875 0.0375
1 0.55234375 0.24375 0.09140625 0.0390625
1 0.60234375 0.52734375 0.12265625 0.09140625
1 0.5046875 0.25546875 0.1125 0.05859375
2 0.39375 0.5234375 0.45078125 0.42265625
2 0.42109375 0.4203125 0.46171875 0.2734375
1 0.275 0.5640625 0.08515625 0.03125
1 0.33515625 0.5765625 0.35859375 0.14453125
2 0.4578125 0.475 0.28671875 0.26328125
1 0.415625 0.35859375 0.090625 0.14140625
2 0.4640625 0.39375 0.12734375 0.13203125
1 0.69609375 0.43984375 0.09765625 0.059375