2 0.5875 0.271875 0.12578125 0.13515625
8 0.49375 0.2140625 0.0953125 0.2515625
1 0.534375 0.3421875 0.07421875 0.07578125
2 0.3734375 0.19296875 0.34140625 0.26015625
1 0.3671875 0.4609375 0.23203125 0.07265625
3 0.48359375 0.40234375 0.025 0.05
8 0.309375 0.4125 0.353125 0.103125
2 0.31015625 0.3234375 0.33359375 0.25
2 0.2859375 0.34296875 0.15703125 0.08359375
4 0.2390625 0.50625 0.0671875 0.11875
2 0.2390625 0.68203125 0.3671875 0.296875
1 0.6421875 0.7375 0.04140625 0.02734375
3 0.63359375 0.80625 0.1515625 0.125
2 0.84453125 0.08671875 0.040625 0.01328125