8 0.15625 0.3796875 0.3125 0.159375
7 0.26171875 0.278125 0.409375 0.13828125
7 0.5484375 0.33671875 0.48984375 0.296875
7 0.6046875 0.30078125 0.37265625 0.2359375
7 0.66953125 0.3578125 0.228125 0.18984375
8 0.08046875 0.52109375 0.1609375 0.121875
1 0.30703125 0.8828125 0.11875 0.08203125
1 0.1765625 0.878125 0.115625 0.0390625
8 0.3390625 0.78671875 0.2234375 0.1765625
8 0.240625 0.9609375 0.33125 0.078125
7 0.5765625 0.83125 0.4109375 0.25234375
8 0.6359375 0.58046875 0.39140625 0.36875
4 0.3359375 0.5515625 0.5921875 0.3546875
2 0.1265625 0.70703125 0.253125 0.3390625
6 0.5140625 0.61328125 0.04765625 0.06484375
6 0.51796875 0.55625 0.06796875 0.04375