1 0.25625 0.3765625 0.05703125 0.0296875
8 0.61328125 0.39609375 0.08828125 0.09921875
8 0.78125 0.3765625 0.31484375 0.15703125
8 0.49921875 0.48125 0.23359375 0.31484375
6 0.4578125 0.44453125 0.16328125 0.18828125
1 0.32109375 0.3953125 0.078125 0.0375
6 0.53203125 0.428125 0.10703125 0.153125
8 0.24296875 0.58984375 0.44296875 0.46015625
8 0.7625 0.54453125 0.3859375 0.4359375
1 0.8390625 0.56015625 0.175 0.23671875
6 0.66875 0.478125 0.15078125 0.04921875
6 0.70546875 0.565625 0.21640625 0.16171875