8 0.94140625 0.37265625 0.11640625 0.41796875
1 0.06328125 0.928125 0.1265625 0.14296875
1 0.075 0.80625 0.15 0.11953125
6 0.6125 0.36875 0.41796875 0.46171875
6 0.31171875 0.76328125 0.0640625 0.03046875
6 0.390625 0.54375 0.6640625 0.53203125
4 0.17734375 0.46796875 0.13203125 0.115625
2 0.25625 0.28984375 0.4546875 0.3328125
8 0.03359375 0.50234375 0.0671875 0.46640625
1 0.1109375 0.51875 0.221875 0.59140625
0 0.03046875 0.48359375 0.06015625 0.20546875
2 0.6015625 0.19375 0.2265625 0.13984375