8 0.88359375 0.153125 0.18359375 0.27578125
7 0.18671875 0.37265625 0.175 0.09140625
3 0.6625 0.7265625 0.290625 0.15078125
10 0.13671875 0.4484375 0.2734375 0.16953125
8 0.3015625 0.6640625 0.60234375 0.36796875
8 0.2203125 0.1640625 0.440625 0.328125
7 0.30234375 0.31875 0.27578125 0.1421875
8 0.6890625 0.275 0.5828125 0.55
0 0.50234375 0.109375 0.2828125 0.19296875
8 0.96953125 0.25234375 0.0609375 0.43828125
7 0.078125 0.5609375 0.0921875 0.04765625
7 0.35 0.6140625 0.1625 0.10078125
10 0.10234375 0.3421875 0.2046875 0.08046875