2 0.72578125 0.2578125 0.54765625 0.12578125
6 0.771875 0.35390625 0.45625 0.21953125
2 0.79375 0.4734375 0.41171875 0.19921875
6 0.61953125 0.9640625 0.29921875 0.071875
6 0.82734375 0.9109375 0.34453125 0.07109375
8 0.92109375 0.95234375 0.1578125 0.09453125
6 0.1875 0.73515625 0.02734375 0.00859375
6 0.09765625 0.75 0.19453125 0.03125
6 0.12421875 0.86953125 0.2484375 0.2578125
6 0.54765625 0.775 0.9046875 0.3671875
6 0.34296875 0.51796875 0.6859375 0.18203125
6 0.31484375 0.59296875 0.6296875 0.146875
6 0.32734375 0.66328125 0.6546875 0.1984375
6 0.78515625 0.621875 0.38984375 0.24609375
6 0.34765625 0.30390625 0.26328125 0.09140625
8 0.665625 0.840625 0.66796875 0.30390625
3 0.3859375 0.55859375 0.44453125 0.49765625
6 0.91640625 0.62265625 0.1671875 0.1828125
6 0.8421875 0.60078125 0.29921875 0.23203125