8 0.153125 0.55234375 0.0796875 0.165625
8 0.1734375 0.353125 0.02890625 0.04921875
4 0.3921875 0.78046875 0.15234375 0.09140625
8 0.240625 0.76015625 0.228125 0.0796875
8 0.5640625 0.80078125 0.2 0.20234375
2 0.38046875 0.51875 0.46953125 0.50390625
3 0.4625 0.37890625 0.09609375 0.1140625
1 0.40703125 0.34296875 0.08125 0.06015625
6 0.51875 0.38671875 0.059375 0.1234375
8 0.34765625 0.53203125 0.07265625 0.03671875
2 0.41171875 0.42578125 0.08828125 0.0328125
6 0.471875 0.4328125 0.0390625 0.02421875
8 0.16640625 0.4515625 0.06953125 0.04296875
8 0.31875 0.884375 0.6375 0.228125
6 0.47734375 0.50234375 0.26015625 0.1296875
8 0.43515625 0.396875 0.09140625 0.07734375
2 0.26328125 0.40625 0.27265625 0.16484375
6 0.25703125 0.51640625 0.14375 0.14140625
1 0.28828125 0.31953125 0.08359375 0.0578125