4 0.29609375 0.03984375 0.07265625 0.0796875
4 0.3796875 0.025 0.04453125 0.04921875
4 0.42890625 0.03203125 0.05390625 0.0640625
4 0.4609375 0.04609375 0.090625 0.0921875
4 0.60390625 0.0203125 0.071875 0.040625
4 0.659375 0.03359375 0.0796875 0.0671875
4 0.7328125 0.01171875 0.05 0.0234375
6 0.7328125 0.1609375 0.209375 0.27421875
6 0.96796875 0.08984375 0.06328125 0.171875
3 0.865625 0.58515625 0.17578125 0.221875
6 0.659375 0.4046875 0.18125 0.25625
6 0.33125 0.49296875 0.51875 0.73984375
8 0.37421875 0.359375 0.07734375 0.121875
8 0.30546875 0.30078125 0.16640625 0.234375
8 0.35546875 0.49609375 0.1515625 0.21640625
8 0.240625 0.47890625 0.0859375 0.21328125
1 0.3546875 0.1703125 0.05546875 0.06875
6 0.55078125 0.79609375 0.23203125 0.3171875
1 0.50234375 0.890625 0.1484375 0.21796875
1 0.1984375 0.08203125 0.11171875 0.1625