5 0.96875 0.409375 0.0625 0.1234375
6 0.69453125 0.253125 0.0421875 0.1296875
5 0.959375 0.49375 0.04375 0.15625
8 0.7296875 0.609375 0.3515625 0.559375
6 0.46953125 0.4890625 0.209375 0.8546875
6 0.62109375 0.46875 0.1546875 0.75859375
6 0.4296875 0.14375 0.12578125 0.26015625
6 0.31640625 0.4890625 0.18359375 0.61953125
5 0.9609375 0.66953125 0.03984375 0.2203125
6 0.24765625 0.46328125 0.121875 0.63828125
5 0.9046875 0.6484375 0.10625 0.35234375
6 0.97890625 0.67421875 0.04140625 0.31640625
5 0.946875 0.18828125 0.10546875 0.1328125