3 0.35390625 0.1828125 0.0578125 0.021875
8 0.42578125 0.325 0.03671875 0.046875
6 0.38046875 0.4859375 0.04453125 0.134375
6 0.3859375 0.3 0.0671875 0.1
6 0.359375 0.21953125 0.12890625 0.0703125
6 0.29296875 0.2609375 0.05625 0.08203125
6 0.28125 0.3078125 0.0453125 0.0390625
6 0.34140625 0.28203125 0.075 0.0875
8 0.34140625 0.4375 0.16875 0.28828125
6 0.33203125 0.1609375 0.02734375 0.04609375
3 0.15234375 0.490625 0.15 0.2234375
2 0.55546875 0.728125 0.0734375 0.07421875
3 0.5875 0.5703125 0.05625 0.25390625
3 0.52109375 0.63046875 0.125 0.19921875
6 0.4328125 0.4265625 0.09921875 0.18359375
6 0.38828125 0.609375 0.1484375 0.21953125
6 0.0328125 0.09921875 0.06015625 0.0265625
1 0.4578125 0.6125 0.0328125 0.14375
6 0.19296875 0.6578125 0.0609375 0.23125
1 0.22578125 0.7328125 0.06484375 0.02734375
6 0.26796875 0.64453125 0.08984375 0.11640625
8 0.18359375 0.2546875 0.36640625 0.50859375
6 0.2671875 0.48203125 0.065625 0.11640625
3 0.3109375 0.37421875 0.20546875 0.09921875
6 0.45078125 0.27734375 0.10703125 0.1484375
3 0.48828125 0.40390625 0.0625 0.1078125
3 0.48984375 0.459375 0.071875 0.14453125
3 0.6734375 0.634375 0.125 0.125
6 0.53359375 0.32109375 0.11796875 0.1484375
3 0.62421875 0.4265625 0.09140625 0.1984375
2 0.84921875 0.76953125 0.153125 0.1984375
2 0.8125 0.546875 0.37421875 0.4140625
3 0.65 0.7359375 0.17421875 0.17109375
2 0.91953125 0.865625 0.06640625 0.04765625
2 0.92421875 0.7953125 0.1515625 0.21796875
2 0.75625 0.884375 0.4875 0.23046875
3 0.51953125 0.5109375 0.15078125 0.25625
6 0.4421875 0.72109375 0.0828125 0.22734375
6 0.32265625 0.75546875 0.14375 0.12578125
2 0.346875 0.76796875 0.06640625 0.0953125
3 0.39921875 0.87265625 0.2328125 0.1328125
1 0.44140625 0.5234375 0.05 0.05078125
1 0.50546875 0.55859375 0.0421875 0.11484375
1 0.6453125 0.99140625 0.04453125 0.01640625
1 0.9078125 0.8890625 0.18359375 0.078125