6 0.0578125 0.40703125 0.11484375 0.084375
6 0.03046875 0.4625 0.0609375 0.06875
1 0.05390625 0.45859375 0.09453125 0.01953125
8 0.64296875 0.240625 0.15703125 0.1265625
8 0.703125 0.396875 0.1265625 0.06640625
4 0.4609375 0.46640625 0.1453125 0.0515625
1 0.3640625 0.490625 0.2234375 0.04140625
0 0.33203125 0.63046875 0.0703125 0.0546875
6 0.49921875 0.7046875 0.09921875 0.1109375
2 0.4625 0.69375 0.121875 0.1109375
6 0.54609375 0.71328125 0.0875 0.121875
1 0.60390625 0.72109375 0.1203125 0.0203125
1 0.4015625 0.86171875 0.07421875 0.0953125
1 0.70546875 0.55 0.08359375 0.05546875