1 0.725 0.30703125 0.05 0.0453125
6 0.703125 0.328125 0.07890625 0.053125
1 0.74765625 0.53046875 0.32578125 0.22734375
1 0.47265625 0.9578125 0.10859375 0.08359375
8 0.83671875 0.95859375 0.0828125 0.0828125
1 0.29296875 0.93046875 0.10859375 0.1390625
1 0.3265625 0.76796875 0.0859375 0.103125
6 0.44921875 0.76796875 0.12421875 0.08984375
3 0.33984375 0.60078125 0.11875 0.06328125
6 0.33984375 0.64609375 0.1984375 0.04140625
3 0.43828125 0.54609375 0.10625 0.07578125
1 0.53046875 0.61015625 0.2546875 0.0453125
8 0.415625 0.48359375 0.10234375 0.0625
8 0.36875 0.4703125 0.07578125 0.0765625
1 0.6625 0.29609375 0.08671875 0.0859375
6 0.39296875 0.2859375 0.03828125 0.02734375
8 0.10859375 0.21328125 0.11875 0.0640625
1 0.090625 0.11875 0.18125 0.0796875
8 0.51796875 0.15390625 0.05625 0.04140625
8 0.38515625 0.1953125 0.096875 0.05234375
6 0.38125 0.075 0.0375 0.0296875
2 0.4296875 0.06015625 0.09609375 0.08828125
1 0.6984375 0.14140625 0.13984375 0.10390625
1 0.58125 0.0453125 0.071875 0.06953125
3 0.65078125 0.08125 0.0984375 0.0484375
8 0.6359375 0.02421875 0.1375 0.0484375
6 0.04609375 0.62578125 0.0921875 0.05625