6 0.39609375 0.6671875 0.2171875 0.1296875
1 0.51640625 0.69921875 0.1046875 0.10703125
8 0.8015625 0.42734375 0.09296875 0.075
8 0.59296875 0.3921875 0.0484375 0.04921875
6 0.4796875 0.38203125 0.1921875 0.12578125
6 0.62421875 0.50703125 0.09921875 0.078125
4 0.6734375 0.525 0.0421875 0.0203125
1 0.67578125 0.52265625 0.22734375 0.05703125
2 0.69140625 0.6109375 0.278125 0.1796875
1 0.73671875 0.734375 0.1296875 0.12734375
1 0.92890625 0.703125 0.078125 0.059375
8 0.93359375 0.578125 0.13203125 0.19609375
1 0.20078125 0.5828125 0.046875 0.0328125
8 0.45234375 0.48515625 0.303125 0.23984375
6 0.915625 0.05 0.16796875 0.1
6 0.9765625 0.1421875 0.0453125 0.10859375
1 0.7921875 0.2640625 0.1453125 0.115625
2 0.79140625 0.42109375 0.07109375 0.0609375