2 0.796875 0.49375 0.0375 0.04140625
2 0.31640625 0.4109375 0.14453125 0.0796875
8 0.6328125 0.31328125 0.44453125 0.26875
2 0.38671875 0.34765625 0.13515625 0.08046875
2 0.76171875 0.72890625 0.09921875 0.11484375
2 0.1828125 0.8578125 0.2890625 0.24453125
2 0.78828125 0.52421875 0.05859375 0.04375
2 0.815625 0.565625 0.0765625 0.0484375
2 0.74921875 0.58359375 0.1203125 0.10859375
2 0.5421875 0.778125 0.47578125 0.40625
2 0.39140625 0.84140625 0.22109375 0.11640625
2 0.4359375 0.74765625 0.54609375 0.24765625
2 0.4671875 0.57109375 0.68671875 0.3671875
2 0.1203125 0.3078125 0.240625 0.2640625
6 0.2265625 0.409375 0.13828125 0.05234375
2 0.084375 0.28359375 0.071875 0.0234375
2 0.10546875 0.20859375 0.18125 0.14296875
2 0.06796875 0.92109375 0.1359375 0.15703125
2 0.0390625 0.22890625 0.07734375 0.046875
2 0.08203125 0.5984375 0.1640625 0.46796875
6 0.28828125 0.45625 0.0625 0.04453125
2 0.415625 0.3484375 0.065625 0.0546875
6 0.22890625 0.43203125 0.10234375 0.0453125
2 0.35234375 0.39296875 0.1421875 0.0984375
2 0.40546875 0.35 0.06015625 0.04375
8 0.20078125 0.453125 0.21015625 0.0609375
2 0.37578125 0.540625 0.61875 0.2828125
2 0.146875 0.68984375 0.0703125 0.10546875