2 0.74765625 0.55234375 0.03046875 0.05078125
8 0.8640625 0.365625 0.12421875 0.13359375
8 0.78515625 0.36328125 0.07265625 0.09296875
8 0.68203125 0.39765625 0.13671875 0.13203125
8 0.72265625 0.31796875 0.15859375 0.075
8 0.61015625 0.4703125 0.2828125 0.36171875
6 0.90390625 0.49765625 0.06875 0.05234375
1 0.9375 0.5203125 0.0390625 0.0203125
8 0.428125 0.26328125 0.1453125 0.14765625
8 0.80859375 0.63359375 0.31796875 0.17890625
8 0.803125 0.4453125 0.146875 0.19765625
8 0.32578125 0.35 0.209375 0.06796875
8 0.42578125 0.60625 0.47109375 0.54296875
1 0.43046875 0.340625 0.046875 0.02890625
8 0.678125 0.76953125 0.36953125 0.24296875