1 0.31640625 0.42578125 0.06328125 0.08984375
8 0.40078125 0.43828125 0.11640625 0.17265625
8 0.321875 0.603125 0.2671875 0.36484375
8 0.36875 0.58125 0.1671875 0.24921875
8 0.53359375 0.36875 0.0890625 0.184375
2 0.56640625 0.33984375 0.0328125 0.05
2 0.5265625 0.34453125 0.06328125 0.10546875
2 0.56875 0.40703125 0.040625 0.1125
8 0.49375 0.61015625 0.18359375 0.4328125
2 0.5359375 0.39140625 0.07578125 0.10859375
8 0.83671875 0.61796875 0.25234375 0.26875
8 0.39140625 0.36484375 0.03671875 0.0234375
8 0.64140625 0.54609375 0.15 0.2953125
8 0.26484375 0.434375 0.07109375 0.07421875
7 0.13515625 0.465625 0.1953125 0.24296875
2 0.253125 0.50546875 0.0734375 0.08203125