6 0.96796875 0.2921875 0.06328125 0.10625
6 0.853125 0.42265625 0.2921875 0.2453125
8 0.67421875 0.3140625 0.18046875 0.10390625
2 0.696875 0.35859375 0.0484375 0.03046875
2 0.63359375 0.3203125 0.0984375 0.0890625
8 0.40625 0.40234375 0.42265625 0.278125
7 0.61328125 0.596875 0.3171875 0.17578125
7 0.31484375 0.6390625 0.39921875 0.25390625
2 0.68046875 0.59453125 0.2640625 0.0375
2 0.54921875 0.56171875 0.05234375 0.05546875
2 0.4703125 0.5109375 0.1046875 0.0546875
2 0.465625 0.49296875 0.12265625 0.08671875
2 0.65546875 0.4859375 0.4328125 0.26484375
2 0.53359375 0.484375 0.196875 0.16015625
2 0.68359375 0.471875 0.4 0.240625
8 0.38828125 0.49921875 0.11875 0.07421875