2 0.96875 0.51875 0.0625 0.46875
8 0.94453125 0.490625 0.1109375 0.20546875
2 0.5 0.5890625 1 0.6671875
8 0.40703125 0.5375 0.69140625 0.621875
6 0.71875 0.4046875 0.4515625 0.36640625
6 0.64296875 0.72890625 0.31796875 0.1984375
1 0.51953125 0.728125 0.0546875 0.07265625
1 0.57421875 0.7296875 0.05703125 0.08203125
6 0.70703125 0.40625 0.2203125 0.09609375
6 0.6296875 0.42421875 0.37265625 0.42734375
1 0.5234375 0.51328125 0.15546875 0.2953125
4 0.703125 0.25859375 0.20625 0.13203125
4 0.696875 0.38984375 0.21015625 0.09375
4 0.65234375 0.52734375 0.25625 0.1765625
0 0.97421875 0.41875 0.0515625 0.07421875
0 0.9796875 0.4078125 0.040625 0.06796875