8 0.7859375 0.2203125 0.4265625 0.37578125
8 0.703125 0.33671875 0.521875 0.2796875
2 0.2828125 0.36328125 0.284375 0.13828125
2 0.08671875 0.7640625 0.17265625 0.22578125
2 0.125 0.60859375 0.25 0.3140625
2 0.20703125 0.44375 0.3015625 0.2640625
2 0.5671875 0.73125 0.771875 0.5234375
1 0.603125 0.67890625 0.52890625 0.25390625
2 0.7328125 0.36796875 0.20078125 0.08359375
8 0.4796875 0.321875 0.26171875 0.07578125
8 0.34375 0.44296875 0.23515625 0.2203125
6 0.2734375 0.45859375 0.08125 0.125
7 0.5671875 0.52109375 0.58203125 0.3625