2 0.86015625 0.578125 0.27890625 0.215625
2 0.52421875 0.5234375 0.53203125 0.346875
2 0.5109375 0.45546875 0.475 0.19375
2 0.63984375 0.38359375 0.3015625 0.07421875
2 0.44921875 0.49765625 0.30546875 0.109375
2 0.53203125 0.4984375 0.125 0.046875
2 0.5 0.53125 0.0609375 0.0421875
2 0.54296875 0.5234375 0.06953125 0.05859375
2 0.434375 0.515625 0.090625 0.07421875
1 0.51875 0.490625 0.534375 0.29140625
1 0.29453125 0.6609375 0.05390625 0.015625
1 0.490625 0.68125 0.4359375 0.03046875
1 0.71015625 0.64609375 0.0609375 0.015625