3 0.01484375 0.14765625 0.0296875 0.075
8 0.09921875 0.5828125 0.1984375 0.40703125
8 0.7546875 0.175 0.4875 0.35
2 0.63984375 0.35703125 0.2875 0.065625
2 0.7765625 0.53359375 0.21953125 0.2953125
2 0.3203125 0.33984375 0.0625 0.02265625
2 0.3484375 0.1734375 0.696875 0.346875
2 0.43828125 0.52265625 0.5875 0.37109375
2 0.32265625 0.52734375 0.171875 0.21796875
3 0.971875 0.3796875 0.00078125 0.00078125
3 0.9828125 0.39609375 0.03359375 0.0328125
3 0.978125 0.40859375 0.04296875 0.040625
3 0.98046875 0.40390625 0.03828125 0.03984375
3 0.98515625 0.3859375 0.0296875 0.04921875
2 0.5125 0.046875 0.0171875 0.07578125
2 0.51875 0.10703125 0.03671875 0.06015625
3 0.99140625 0.478125 0.0171875 0.04921875
3 0.94453125 0.4765625 0.0984375 0.08671875