2 0.60234375 0.35078125 0.02890625 0.0515625
6 0.78671875 0.3734375 0.028125 0.04609375
8 0.49609375 0.3359375 0.25 0.375
8 0.50703125 0.54296875 0.09453125 0.1234375
6 0.4734375 0.46171875 0.10546875 0.10703125
2 0.7 0.42734375 0.16015625 0.175
2 0.678125 0.3203125 0.1046875 0.2296875
8 0.62109375 0.565625 0.1578125 0.3
8 0.74296875 0.72578125 0.1515625 0.30234375
8 0.37734375 0.47109375 0.0890625 0.12578125
8 0.3234375 0.5765625 0.109375 0.165625
8 0.46328125 0.5796875 0.17109375 0.20234375
8 0.2859375 0.75 0.19140625 0.2625
8 0.428125 0.7125 0.22734375 0.39453125
8 0.6015625 0.775 0.1921875 0.36875
2 0.19609375 0.87421875 0.2515625 0.2515625
2 0.17890625 0.859375 0.18046875 0.1875
8 0.43671875 0.934375 0.2421875 0.13125
8 0.4265625 0.190625 0.15859375 0.1859375
6 0.64375 0.6359375 0.04921875 0.06328125
1 0.671875 0.38515625 0.03828125 0.1015625