1 0.978125 0.9484375 0.04296875 0.1015625
8 0.33125 0.05546875 0.06328125 0.04921875
6 0.16328125 0.86484375 0.10390625 0.26953125
1 0.46875 0.046875 0.22109375 0.09375
2 0.5015625 0.48671875 0.665625 0.9734375
2 0.46328125 0.59453125 0.42265625 0.59921875
6 0.51328125 0.83515625 0.25546875 0.11171875
1 0.44765625 0.9265625 0.06953125 0.0859375
8 0.4734375 0.53125 0.40546875 0.52109375
6 0.58984375 0.359375 0.08359375 0.15546875
6 0.6140625 0.51328125 0.08359375 0.15234375
6 0.6234375 0.66875 0.103125 0.1609375
6 0.43046875 0.3875 0.290625 0.23125
6 0.44921875 0.534375 0.27734375 0.20546875
6 0.46875 0.68359375 0.303125 0.1828125
8 0.05703125 0.88125 0.103125 0.103125
8 0.01484375 0.74140625 0.02890625 0.06953125