2 0.60703125 0.528125 0.03671875 0.0296875
2 0.41640625 0.46875 0.3484375 0.171875
3 0.5109375 0.47265625 0.0375 0.0453125
2 0.39765625 0.45 0.225 0.17890625
2 0.20234375 0.51796875 0.12421875 0.0671875
2 0.11171875 0.4453125 0.2234375 0.14296875
2 0.0640625 0.49765625 0.128125 0.08515625
2 0.10234375 0.5421875 0.2046875 0.025
2 0.2390625 0.5546875 0.04453125 0.025
2 0.11796875 0.5859375 0.23515625 0.1109375
8 0.0328125 0.73515625 0.065625 0.0984375
8 0.384375 0.62734375 0.4796875 0.2953125
1 0.60625 0.5578125 0.07734375 0.02734375