2 0.38046875 0.55390625 0.17890625 0.140625
8 0.51328125 0.59375 0.23125 0.1859375
8 0.5421875 0.36796875 0.19921875 0.159375
6 0.39921875 0.53046875 0.1140625 0.025
8 0.56953125 0.3828125 0.15625 0.0828125
2 0.77578125 0.51640625 0.24296875 0.21328125
8 0.7234375 0.28671875 0.19296875 0.25078125
6 0.6828125 0.4234375 0.05234375 0.03125
4 0.6625 0.45234375 0.05078125 0.03359375
4 0.6046875 0.44296875 0.03671875 0.0234375
8 0.5453125 0.4828125 0.17421875 0.09296875
2 0.53125 0.42265625 0.140625 0.0859375
8 0.3875 0.46015625 0.15859375 0.11953125
8 0.4890625 0.59140625 0.13515625 0.134375
8 0.30546875 0.6796875 0.14453125 0.13828125
8 0.31796875 0.64609375 0.11953125 0.0953125
4 0.5171875 0.403125 0.04453125 0.03125