2 0.578125 0.365625 0.10390625 0.07734375
0 0.6796875 0.29453125 0.04609375 0.07109375
8 0.67265625 0.27265625 0.03203125 0.0609375
2 0.82265625 0.3328125 0.2546875 0.18046875
6 0.4 0.78828125 0.04609375 0.0515625
2 0.25859375 0.29765625 0.2578125 0.1921875
8 0.353125 0.71171875 0.17265625 0.2609375
2 0.56796875 0.62265625 0.27109375 0.2984375
2 0.459375 0.55390625 0.03828125 0.1546875
8 0.94296875 0.6390625 0.11328125 0.13828125
8 0.2046875 0.646875 0.16328125 0.4125
8 0.84375 0.60625 0.28125 0.37109375
2 0.47890625 0.5421875 0.07109375 0.178125
2 0.70390625 0.6171875 0.0828125 0.06171875
8 0.44453125 0.35703125 0.1640625 0.2953125
2 0.625 0.51796875 0.2875 0.215625
8 0.09765625 0.78359375 0.1953125 0.390625
6 0.67734375 0.35078125 0.06953125 0.09765625
8 0.2859375 0.49375 0.30703125 0.33203125
2 0.61015625 0.4953125 0.21015625 0.24375
6 0.5875 0.50078125 0.0609375 0.02421875