8 0.265625 0.04140625 0.05234375 0.0828125
8 0.3078125 0.0875 0.059375 0.175
7 0.35234375 0.29609375 0.10859375 0.16953125
8 0.37265625 0.19140625 0.115625 0.159375
8 0.49453125 0.29296875 0.21171875 0.38125
2 0.6421875 0.46796875 0.29375 0.4484375
2 0.575 0.4203125 0.0734375 0.22890625
2 0.6453125 0.3921875 0.16015625 0.26015625
2 0.7203125 0.40078125 0.20625 0.334375
2 0.21171875 0.51640625 0.1625 0.17265625
2 0.38125 0.62265625 0.28046875 0.33359375
2 0.38203125 0.63359375 0.1796875 0.2078125
8 0.3953125 0.61953125 0.121875 0.1328125
8 0.9546875 0.578125 0.090625 0.1703125