6 0.4515625 0.56015625 0.375 0.29921875
5 0.28359375 0.75 0.0375 0.07890625
6 0.5265625 0.409375 0.35703125 0.09609375
6 0.534375 0.73203125 0.17265625 0.0625
8 0.3359375 0.71328125 0.09375 0.09765625
6 0.334375 0.38515625 0.11484375 0.11328125
8 0.45078125 0.703125 0.165625 0.0984375
8 0.41640625 0.4234375 0.08828125 0.05859375
6 0.5765625 0.2765625 0.27734375 0.1796875
6 0.48203125 0.3046875 0.1359375 0.11640625
6 0.55234375 0.3125 0.30234375 0.2109375
8 0.48359375 0.62578125 0.203125 0.1015625
6 0.59765625 0.42578125 0.18046875 0.19140625
1 0.3234375 0.64140625 0.11875 0.01640625
7 0.503125 0.5390625 0.26640625 0.14609375
6 0.34140625 0.30625 0.0859375 0.11171875
6 0.659375 0.68046875 0.08828125 0.125
6 0.4515625 0.38359375 0.26171875 0.265625