2 0.2390625 0.5359375 0.2921875 0.61484375
2 0.4546875 0.57421875 0.31484375 0.66796875
2 0.45078125 0.27890625 0.271875 0.1546875
2 0.4578125 0.2078125 0.16953125 0.20078125
2 0.15625 0.096875 0.15625 0.13359375
8 0.70546875 0.70859375 0.225 0.37890625
8 0.60703125 0.81328125 0.121875 0.24609375
3 0.1921875 0.20625 0.04140625 0.08203125
6 0.2078125 0.30390625 0.0390625 0.0625
1 0.246875 0.2578125 0.08984375 0.115625
8 0.6609375 0.55859375 0.12421875 0.1671875
1 0.2296875 0.2140625 0.071875 0.08359375