5 0.06328125 0.29765625 0.1265625 0.3609375
5 0.39140625 0.36953125 0.01484375 0.11015625
5 0.375 0.365625 0.02109375 0.1453125
5 0.3640625 0.35859375 0.0203125 0.16875
5 0.3515625 0.34765625 0.0375 0.2125
5 0.9171875 0.32578125 0.11640625 0.30546875
2 0.91171875 0.3625 0.1 0.1984375
5 0.3125 0.3421875 0.09921875 0.2890625
5 0.0390625 0.60078125 0.07734375 0.61171875
5 0.20234375 0.50859375 0.278125 0.79765625
5 0.60859375 0.378125 0.0734375 0.18125
5 0.64296875 0.3390625 0.090625 0.31796875
5 0.94375 0.3046875 0.11171875 0.396875
2 0.9375 0.69609375 0.125 0.45390625
5 0.7484375 0.51015625 0.28046875 0.81796875
5 0.47265625 0.51484375 0.27265625 0.8296875