7 0.5 0.4734375 1 0.946875
5 0.35625 0.8859375 0.24921875 0.22734375
5 0.50859375 0.2515625 0.1234375 0.11953125
5 0.53359375 0.20859375 0.14921875 0.1984375
5 0.37421875 0.325 0.05546875 0.05546875
5 0.73984375 0.36640625 0.05546875 0.0328125
5 0.2453125 0.390625 0.14609375 0.12890625
5 0.409375 0.284375 0.28203125 0.1265625
5 0.68515625 0.27578125 0.37734375 0.26484375
5 0.61953125 0.45546875 0.44609375 0.17890625
5 0.31015625 0.365625 0.1734375 0.1671875
5 0.47578125 0.3671875 0.484375 0.14765625
5 0.14921875 0.49296875 0.18359375 0.209375
5 0.5140625 0.71484375 0.4234375 0.16953125
5 0.26328125 0.47890625 0.3125 0.2046875
2 0.853125 0.515625 0.29375 0.35546875
5 0.5546875 0.5375 0.36328125 0.0828125
5 0.6 0.68828125 0.3953125 0.11484375
5 0.140625 0.6046875 0.271875 0.36015625
5 0.37890625 0.7953125 0.425 0.26875
5 0.503125 0.61640625 0.52578125 0.12734375
5 0.4171875 0.46171875 0.496875 0.1296875
5 0.4 0.74140625 0.48203125 0.29453125
4 0.89765625 0.509375 0.203125 0.125
1 0.903125 0.23203125 0.19296875 0.1828125
7 0.18125 0.746875 0.3625 0.50546875