2 0.6703125 0.20546875 0.0703125 0.07890625
2 0.82578125 0.92421875 0.34765625 0.1515625
2 0.91953125 0.80078125 0.159375 0.13203125
2 0.78984375 0.76171875 0.41953125 0.384375
8 0.4921875 0.68828125 0.58203125 0.62265625
3 0.59921875 0.7484375 0.35234375 0.18515625
1 0.51328125 0.228125 0.28828125 0.10703125
3 0.83359375 0.5765625 0.19765625 0.29453125
8 0.59453125 0.47734375 0.809375 0.50625
3 0.084375 0.74765625 0.16796875 0.178125
1 0.05546875 0.6328125 0.1109375 0.1640625
3 0.2 0.659375 0.2265625 0.15625
1 0.246875 0.75 0.23046875 0.08125
2 0.034375 0.81015625 0.06875 0.1109375
6 0.64140625 0.12578125 0.0609375 0.05
3 0.55 0.20234375 0.203125 0.1625
1 0.45390625 0.2390625 0.09921875 0.084375
1 0.40859375 0.1546875 0.03046875 0.203125
1 0.775 0.128125 0.2265625 0.2359375
1 0.81875 0.0640625 0.3125 0.128125
8 0.85390625 0.23203125 0.2921875 0.4640625
8 0.4859375 0.9640625 0.0984375 0.071875