7 0.30078125 0.46953125 0.5109375 0.565625
1 0.80390625 0.6265625 0.27421875 0.221875
7 0.4484375 0.54375 0.38671875 0.50234375
8 0.890625 0.54375 0.05625 0.03359375
6 0.59375 0.8015625 0.1234375 0.13984375
6 0.60859375 0.84453125 0.090625 0.0984375
6 0.6640625 0.8484375 0.05234375 0.05390625
6 0.70390625 0.78359375 0.13515625 0.1625
6 0.5921875 0.58203125 0.13046875 0.10546875
6 0.5359375 0.65 0.1515625 0.05
6 0.659375 0.64765625 0.1109375 0.0546875
6 0.51875 0.7265625 0.1921875 0.128125
6 0.63046875 0.71171875 0.334375 0.08046875