8 0.74609375 0.4640625 0.3578125 0.4109375
8 0.4671875 0.1765625 0.35390625 0.1953125
1 0.715625 0.315625 0.40078125 0.2765625
0 0.60390625 0.31015625 0.04296875 0.04140625
8 0.1984375 0.61328125 0.3265625 0.34140625
8 0.47421875 0.51953125 0.78671875 0.7171875
2 0.62578125 0.29296875 0.034375 0.0484375
8 0.190625 0.2453125 0.15390625 0.10703125
1 0.08359375 0.5015625 0.075 0.03828125
1 0.46875 0.54375 0.0421875 0.01328125
2 0.65390625 0.5546875 0.04765625 0.05703125
2 0.63125 0.64609375 0.13125 0.10546875
6 0.4640625 0.68359375 0.271875 0.18359375