2 0.3453125 0.32578125 0.4546875 0.06953125
2 0.24296875 0.375 0.23125 0.06796875
2 0.54375 0.41484375 0.4109375 0.08515625
2 0.35546875 0.27421875 0.0875 0.14375
8 0.2828125 0.3390625 0.03359375 0.01328125
8 0.259375 0.3375 0.0515625 0.025
8 0.24140625 0.4671875 0.2296875 0.29140625
8 0.490625 0.29765625 0.15859375 0.04921875
8 0.46328125 0.36875 0.215625 0.19296875
1 0.58125 0.3609375 0.06328125 0.0375
8 0.6578125 0.43828125 0.08671875 0.075
8 0.44921875 0.521875 0.50234375 0.32109375
8 0.62734375 0.62109375 0.43046875 0.27109375