7 0.9546875 0.771875 0.08984375 0.3234375
7 0.89296875 0.8109375 0.12734375 0.37734375
7 0.8453125 0.81015625 0.059375 0.334375
7 0.75078125 0.82578125 0.1734375 0.3484375
7 0.57421875 0.80703125 0.20546875 0.275
7 0.39609375 0.865625 0.1796875 0.165625
7 0.2484375 0.77265625 0.15703125 0.315625
7 0.96875 0.4859375 0.0625 0.2484375
7 0.88671875 0.50234375 0.140625 0.28671875
7 0.79609375 0.5140625 0.06015625 0.29921875
7 0.68125 0.525 0.19140625 0.3046875
7 0.53515625 0.57578125 0.1609375 0.28828125
7 0.36171875 0.63828125 0.26484375 0.35390625
7 0.97578125 0.1875 0.0484375 0.375
7 0.91171875 0.209375 0.1484375 0.41875
7 0.76796875 0.19375 0.2046875 0.3875
7 0.48984375 0.23828125 0.3734375 0.4765625
7 0.2296875 0.25859375 0.3109375 0.5171875
1 0.896875 0.5265625 0.04453125 0.234375
1 0.97734375 0.753125 0.04453125 0.24609375
1 0.78515625 0.51484375 0.0359375 0.303125
1 0.5125 0.92109375 0.034375 0.05
1 0.36015625 0.8703125 0.06953125 0.14921875
1 0.24140625 0.6765625 0.05703125 0.0265625
1 0.2328125 0.6609375 0.0421875 0.31015625