8 0.075 0.09140625 0.15 0.1828125
8 0.246875 0.090625 0.225 0.18125
8 0.10703125 0.22265625 0.21328125 0.18203125
8 0.3453125 0.4203125 0.26640625 0.546875
8 0.18203125 0.60546875 0.3640625 0.7109375
2 0.9171875 0.2546875 0.02578125 0.0578125
2 0.67578125 0.61484375 0.47734375 0.67734375
2 0.55078125 0.24765625 0.06171875 0.14453125
2 0.5640625 0.24765625 0.05 0.1421875
2 0.74453125 0.2078125 0.33203125 0.40078125
2 0.740625 0.334375 0.078125 0.028125
2 0.6625 0.31171875 0.08046875 0.05625
2 0.521875 0.30859375 0.0359375 0.0203125
1 0.6890625 0.38828125 0.34765625 0.2484375
1 0.6171875 0.446875 0.17734375 0.1765625
6 0.8203125 0.33125 0.02265625 0.0453125