8 0.09375 0.15390625 0.1875 0.3078125
8 0.040625 0.6515625 0.08125 0.16953125
8 0.01015625 0.36171875 0.0203125 0.1515625
1 0.03125 0.7265625 0.0625 0.04453125
6 0.146875 0.50546875 0.29375 0.37734375
7 0.3734375 0.5890625 0.20390625 0.08359375
7 0.36640625 0.546875 0.203125 0.06796875
7 0.334375 0.41015625 0.22890625 0.24453125
8 0.34140625 0.46875 0.1953125 0.3265625
2 0.61875 0.63828125 0.33046875 0.2234375
6 0.77421875 0.4234375 0.04296875 0.06015625
2 0.7359375 0.425 0.07734375 0.21953125
2 0.57109375 0.40390625 0.28046875 0.271875