8 0.02734375 0.46875 0.0546875 0.10703125
8 0.0421875 0.50234375 0.06640625 0.0484375
8 0.16015625 0.43359375 0.24375 0.1953125
8 0.2203125 0.64140625 0.14453125 0.146875
8 0.115625 0.67421875 0.23125 0.0984375
8 0.46015625 0.6046875 0.0328125 0.0359375
8 0.69375 0.4125 0.16796875 0.10390625
8 0.8578125 0.50390625 0.20078125 0.146875
8 0.55859375 0.4890625 0.24375 0.11875
8 0.37734375 0.4796875 0.13984375 0.09296875
8 0.65078125 0.5859375 0.08828125 0.07578125
8 0.87890625 0.61640625 0.16015625 0.14296875
8 0.725 0.525 0.159375 0.13515625
8 0.534375 0.54140625 0.2640625 0.13828125
8 0.36015625 0.58046875 0.1875 0.12109375
8 0.2328125 0.50625 0.28046875 0.134375
8 0.090625 0.6015625 0.18125 0.1625
8 0.3859375 0.70078125 0.19375 0.07265625
8 0.79296875 0.640625 0.24765625 0.15703125
8 0.59375 0.6625 0.27109375 0.16328125