8 0.90859375 0.15 0.18203125 0.13046875
2 0.96796875 0.30703125 0.0640625 0.0625
2 0.37421875 0.49296875 0.4203125 0.428125
2 0.92578125 0.246875 0.0453125 0.0234375
8 0.6515625 0.46328125 0.05625 0.0234375
8 0.7296875 0.58125 0.18984375 0.03828125
8 0.43828125 0.56328125 0.1234375 0.0890625
6 0.56015625 0.5171875 0.15 0.1265625
2 0.575 0.53828125 0.184375 0.134375
2 0.72734375 0.528125 0.184375 0.1234375
8 0.5234375 0.41796875 0.128125 0.11015625
6 0.51640625 0.28984375 0.12578125 0.1703125
2 0.4234375 0.35859375 0.07734375 0.16171875
6 0.4765625 0.50078125 0.17265625 0.084375
6 0.46484375 0.4609375 0.1125 0.0765625
6 0.71015625 0.715625 0.2578125 0.22265625
6 0.7125 0.2890625 0.10390625 0.15703125
8 0.62265625 0.3609375 0.17109375 0.2109375
8 0.73671875 0.47578125 0.12890625 0.05546875
8 0.846875 0.3609375 0.30546875 0.2703125