8 0.909375 0.42578125 0.18125 0.44375
2 0.8453125 0.91640625 0.3078125 0.16640625
2 0.87421875 0.7953125 0.25 0.215625
2 0.90078125 0.67890625 0.196875 0.14296875
8 0.875 0.50859375 0.24375 0.58203125
1 0.31875 0.03984375 0.08203125 0.0796875
1 0.36171875 0.040625 0.06328125 0.08125
8 0.34140625 0.03984375 0.06796875 0.0796875
8 0.40078125 0.04140625 0.096875 0.08203125
2 0.51484375 0.04375 0.06328125 0.08671875
2 0.4609375 0.04296875 0.0984375 0.0859375
8 0.50234375 0.515625 0.87265625 0.8890625