1 0.31328125 0.53125 0.32421875 0.1578125
1 0.29921875 0.5421875 0.3 0.10390625
1 0.38125 0.578125 0.2671875 0.13046875
8 0.2765625 0.66015625 0.446875 0.3234375
2 0.28046875 0.6609375 0.4375 0.31953125
2 0.43671875 0.74375 0.275 0.21640625
8 0.7703125 0.3015625 0.34296875 0.2765625
2 0.40625 0.27734375 0.43125 0.359375
2 0.5375 0.30625 0.07734375 0.10234375
2 0.521875 0.2703125 0.103125 0.09296875
2 0.35 0.1828125 0.17265625 0.13359375
2 0.43125 0.259375 0.146875 0.08203125
6 0.340625 0.19765625 0.14296875 0.09921875
2 0.40390625 0.36484375 0.24765625 0.1078125
2 0.446875 0.40859375 0.109375 0.03828125
2 0.35390625 0.27890625 0.21328125 0.06796875
2 0.3796875 0.29765625 0.2234375 0.15703125