5 0.49765625 0.48203125 0.07578125 0.0421875
2 0.41953125 0.653125 0.3734375 0.4765625
2 0.4578125 0.98671875 0.12890625 0.02578125
1 0.4234375 0.946875 0.05625 0.10625
6 0.46171875 0.9 0.125 0.1546875
1 0.44296875 0.83125 0.046875 0.01796875
1 0.3578125 0.81875 0.0625 0.03671875
1 0.36875 0.83203125 0.1 0.0828125
8 0.37109375 0.71171875 0.1125 0.25390625
2 0.41640625 0.68828125 0.12421875 0.19609375
2 0.409375 0.53359375 0.171875 0.2671875
5 0.49609375 0.55078125 0.071875 0.140625
4 0.43125 0.4484375 0.1453125 0.2875
1 0.51171875 0.62265625 0.06875 0.06796875
1 0.3421875 0.63828125 0.096875 0.7234375
8 0.4890625 0.14765625 0.3421875 0.2953125
1 0.5375 0.40625 0.07734375 0.09140625
1 0.55859375 0.36953125 0.0390625 0.0703125