8 0.78046875 0.415625 0.38984375 0.27734375
8 0.4953125 0.5171875 0.5140625 0.66171875
7 0.40546875 0.37890625 0.18828125 0.190625
4 0.51015625 0.2328125 0.165625 0.15078125
8 0.51015625 0.625 0.1984375 0.24140625
2 0.44375 0.565625 0.14921875 0.17578125
6 0.340625 0.43515625 0.04140625 0.05078125
2 0.53515625 0.5046875 0.06875 0.1046875
7 0.50625 0.3375 0.09140625 0.1375
8 0.60625 0.49453125 0.0859375 0.15625
2 0.490625 0.4234375 0.08515625 0.05390625
2 0.57421875 0.4390625 0.06015625 0.046875
6 0.31484375 0.64296875 0.03671875 0.05234375
2 0.85078125 0.45546875 0.15546875 0.1734375
2 0.484375 0.4984375 0.08671875 0.109375