8 0.175 0.23828125 0.22265625 0.07109375
7 0.0765625 0.84140625 0.153125 0.20234375
8 0.62265625 0.24296875 0.0734375 0.04921875
8 0.4859375 0.2421875 0.06875 0.04296875
2 0.559375 0.284375 0.1734375 0.1625
8 0.32109375 0.2984375 0.0703125 0.0921875
8 0.08203125 0.334375 0.1640625 0.1875
1 0.60546875 0.59375 0.16796875 0.17890625
8 0.15625 0.43359375 0.31171875 0.23828125
8 0.2390625 0.3 0.1828125 0.228125
8 0.39609375 0.34375 0.2625 0.18046875
8 0.53671875 0.7453125 0.19140625 0.27421875
8 0.2875 0.4609375 0.35859375 0.20703125
8 0.53359375 0.47109375 0.31640625 0.28671875
8 0.83984375 0.4296875 0.31953125 0.0984375
7 0.88046875 0.28984375 0.2390625 0.11640625
7 0.68828125 0.2359375 0.09140625 0.06015625
7 0.69375 0.2859375 0.125 0.06328125
7 0.7796875 0.37265625 0.43984375 0.15546875
1 0.68359375 0.3859375 0.0671875 0.24296875
2 0.0578125 0.765625 0.115625 0.121875
8 0.31484375 0.74765625 0.40546875 0.4578125
1 0.67578125 0.23046875 0.09609375 0.0515625