2 0.6140625 0.37265625 0.06171875 0.04453125
6 0.41875 0.42421875 0.1453125 0.0875
8 0.09140625 0.365625 0.18203125 0.08046875
2 0.725 0.3328125 0.2 0.10234375
2 0.86796875 0.35 0.26328125 0.12578125
2 0.9109375 0.36171875 0.1765625 0.0609375
2 0.8953125 0.3921875 0.15546875 0.03046875
1 0.8984375 0.4625 0.2015625 0.146875
6 0.52109375 0.378125 0.04375 0.0203125
6 0.71328125 0.3921875 0.2203125 0.14609375
6 0.18671875 0.3890625 0.31640625 0.10390625
6 0.27109375 0.42421875 0.240625 0.084375
6 0.5484375 0.51171875 0.109375 0.0671875
8 0.84296875 0.59453125 0.1859375 0.14296875
8 0.55625 0.5875 0.0796875 0.10625
8 0.60859375 0.5265625 0.37109375 0.30546875
6 0.621875 0.61484375 0.21953125 0.14140625
8 0.61015625 0.5640625 0.19296875 0.24375
8 0.86796875 0.4828125 0.06875 0.02421875
8 0.75546875 0.471875 0.20625 0.10859375
8 0.90390625 0.49609375 0.05390625 0.00703125
8 0.953125 0.5953125 0.09375 0.0625
8 0.8609375 0.59765625 0.1421875 0.23515625
6 0.378125 0.4984375 0.240625 0.09140625
6 0.43203125 0.63125 0.2171875 0.18046875
1 0.34375 0.625 0.03671875 0.03203125
8 0.48125 0.696875 0.228125 0.046875
6 0.35078125 0.57890625 0.06640625 0.07890625
8 0.18671875 0.5296875 0.3734375 0.29296875
6 0.18125 0.65703125 0.3625 0.2078125
6 0.0609375 0.73984375 0.12109375 0.0859375