2 0.70703125 0.6953125 0.23203125 0.2640625
2 0.35234375 0.29140625 0.1390625 0.16171875
1 0.78515625 0.715625 0.14453125 0.3796875
2 0.8625 0.73046875 0.08046875 0.08359375
2 0.86328125 0.740625 0.084375 0.08515625
8 0.7 0.39296875 0.35390625 0.36171875
8 0.5046875 0.4046875 0.1359375 0.20859375
6 0.428125 0.259375 0.0515625 0.0640625
2 0.17890625 0.2828125 0.303125 0.30859375
6 0.12734375 0.259375 0.096875 0.0828125
6 0.30078125 0.2328125 0.0828125 0.05859375
1 0.37578125 0.365625 0.06484375 0.0515625