2 0.9046875 0.2671875 0.190625 0.40703125
2 0.9421875 0.51953125 0.11484375 0.44609375
8 0.3984375 0.2390625 0.53359375 0.35078125
2 0.8625 0.86484375 0.27421875 0.26953125
2 0.51796875 0.63515625 0.8328125 0.72890625
2 0.6078125 0.19296875 0.44609375 0.30390625
2 0.975 0.25078125 0.04921875 0.21015625
2 0.9546875 0.28984375 0.04453125 0.2046875
1 0.90625 0.27890625 0.1875 0.2984375
2 0.44375 0.4171875 0.40703125 0.41484375
2 0.37421875 0.59375 0.1078125 0.02890625
1 0.4921875 0.32734375 0.06953125 0.421875
2 0.50390625 0.49765625 0.26328125 0.19921875
1 0.4796875 0.76796875 0.05625 0.46171875
2 0.5203125 0.48203125 0.25078125 0.22265625
2 0.5828125 0.490625 0.1375 0.16171875
2 0.65234375 0.49296875 0.0203125 0.11171875
2 0.66171875 0.4984375 0.0109375 0.09609375
2 0.66640625 0.5 0.00859375 0.090625
2 0.6734375 0.503125 0.01015625 0.08203125
2 0.684375 0.465625 0.0421875 0.12578125
2 0.8515625 0.50234375 0.05234375 0.0265625
2 0.73046875 0.4875 0.0375 0.096875
2 0.72421875 0.50234375 0.01953125 0.0671875
2 0.73515625 0.4625 0.08359375 0.1265625
2 0.665625 0.4171875 0.0328125 0.0515625
2 0.9859375 0.2609375 0.02734375 0.1875
2 0.15390625 0.4375 0.1015625 0.0828125
2 0.0625 0.4890625 0.12421875 0.04296875
8 0.1515625 0.8953125 0.30234375 0.20859375
2 0.33515625 0.96328125 0.11953125 0.07265625
2 0.128125 0.6875 0.25625 0.375
2 0.1 0.7296875 0.2 0.1140625
2 0.19765625 0.74609375 0.10234375 0.06875
2 0.1625 0.7671875 0.1 0.04453125
2 0.63828125 0.965625 0.19453125 0.06875
2 0.11875 0.83515625 0.17890625 0.071875
2 0.1078125 0.828125 0.1453125 0.05234375