1 0.08046875 0.28359375 0.1609375 0.34609375
2 0.2609375 0.375 0.13984375 0.22890625
6 0.61171875 0.2140625 0.12734375 0.06640625
6 0.78125 0.1234375 0.225 0.246875
6 0.909375 0.18515625 0.05078125 0.03515625
8 0.97109375 0.109375 0.05625 0.1640625
4 0.9421875 0.1640625 0.07265625 0.05703125
6 0.06484375 0.48515625 0.1296875 0.09609375
1 0.865625 0.2203125 0.26796875 0.06328125
4 0.58046875 0.4078125 0.05859375 0.31484375
4 0.42890625 0.38515625 0.271875 0.490625
4 0.72734375 0.43046875 0.25625 0.403125