7 0.7828125 0.78359375 0.30546875 0.3796875
2 0.5078125 0.65859375 0.05234375 0.075
2 0.403125 0.58046875 0.10078125 0.12109375
7 0.14296875 0.33984375 0.11171875 0.07734375
7 0.1046875 0.40234375 0.15859375 0.13125
7 0.1140625 0.3421875 0.1015625 0.0828125
8 0.1375 0.69765625 0.12578125 0.20234375
2 0.2875 0.459375 0.0921875 0.1484375
2 0.371875 0.50703125 0.1515625 0.171875
2 0.2578125 0.3453125 0.165625 0.178125
2 0.3046875 0.46328125 0.0265625 0.04921875
2 0.46796875 0.26953125 0.23203125 0.1734375
2 0.33125 0.3921875 0.08671875 0.11640625
2 0.33984375 0.328125 0.02734375 0.05078125
2 0.48671875 0.2984375 0.1328125 0.134375
2 0.3609375 0.43046875 0.11875 0.18828125
8 0.4328125 0.615625 0.10859375 0.17421875
2 0.571875 0.51328125 0.34765625 0.57421875
8 0.43203125 0.71875 0.11015625 0.10234375
8 0.2234375 0.515625 0.17265625 0.23828125
8 0.3203125 0.60859375 0.128125 0.165625
8 0.25546875 0.63203125 0.0671875 0.09921875
8 0.23984375 0.6875 0.09375 0.1484375
8 0.3046875 0.76171875 0.16953125 0.18984375