2 0.1515625 0.765625 0.21875 0.4359375
8 0.09609375 0.4265625 0.1453125 0.04609375
2 0.07109375 0.5828125 0.1421875 0.184375
2 0.04921875 0.72890625 0.0984375 0.2015625
8 0.04609375 0.88046875 0.0921875 0.2390625
2 0.471875 0.6890625 0.71484375 0.27578125
2 0.24140625 0.65703125 0.071875 0.04375
2 0.2296875 0.6296875 0.0984375 0.0546875
2 0.22578125 0.69453125 0.10234375 0.08046875
2 0.72421875 0.653125 0.16171875 0.08984375
2 0.48515625 0.33046875 0.65625 0.16640625
2 0.7453125 0.63671875 0.04375 0.10234375
2 0.46796875 0.6171875 0.6375 0.20859375
2 0.51953125 0.5 0.646875 0.13203125
2 0.54375 0.50625 0.29375 0.02109375
2 0.48125 0.44921875 0.6375 0.1