6 0.575 0.86328125 0.11640625 0.09765625
2 0.8578125 0.55546875 0.24140625 0.28828125
2 0.20078125 0.659375 0.265625 0.38046875
3 0.15859375 0.46484375 0.1734375 0.13984375
6 0.096875 0.64765625 0.19296875 0.328125
2 0.13359375 0.590625 0.16171875 0.0828125
1 0.18046875 0.6828125 0.11015625 0.19296875
1 0.19765625 0.6734375 0.15859375 0.10625
6 0.22265625 0.690625 0.05390625 0.08359375
8 0.38203125 0.43203125 0.259375 0.2140625
8 0.60078125 0.56640625 0.2984375 0.36015625
8 0.421875 0.65625 0.2390625 0.396875
8 0.43671875 0.55078125 0.1625 0.14296875