1 0.37734375 0.08359375 0.24765625 0.16640625
8 0.07421875 0.26015625 0.1484375 0.46875
8 0.03125 0.12265625 0.0625 0.09375
8 0.0453125 0.0765625 0.05859375 0.08125
8 0.07265625 0.290625 0.08359375 0.13515625
1 0.21484375 0.08359375 0.03828125 0.03828125
2 0.38203125 0.5078125 0.09375 0.1
8 0.240625 0.3390625 0.27109375 0.42421875
8 0.228125 0.26484375 0.09765625 0.1203125
8 0.225 0.13203125 0.053125 0.1125
8 0.16484375 0.115625 0.08046875 0.11640625
8 0.2234375 0.0796875 0.1140625 0.15859375
8 0.9546875 0.1265625 0.08984375 0.253125
2 0.8390625 0.2015625 0.13203125 0.2234375
1 0.8640625 0.18125 0.109375 0.1265625
2 0.90390625 0.61640625 0.1921875 0.76640625
2 0.64609375 0.42265625 0.528125 0.4234375
2 0.5640625 0.27734375 0.17265625 0.2078125
2 0.64375 0.31640625 0.29375 0.159375
1 0.47421875 0.27265625 0.06640625 0.309375
1 0.64921875 0.465625 0.05546875 0.146875
2 0.58671875 0.54453125 0.31640625 0.44375