6 0.09375 0.60234375 0.10703125 0.11875
6 0.27734375 0.5625 0.04765625 0.0859375
6 0.18359375 0.61640625 0.20625 0.23359375
6 0.32421875 0.59140625 0.078125 0.16875
8 0.39453125 0.64375 0.1859375 0.2625
6 0.259375 0.74453125 0.15625 0.0578125
6 0.24609375 0.696875 0.0375 0.06171875
6 0.303125 0.70078125 0.03515625 0.0390625
8 0.55 0.43125 0.10625 0.20234375
2 0.57109375 0.67109375 0.146875 0.37734375
6 0.55390625 0.56171875 0.0984375 0.12890625
8 0.72109375 0.5328125 0.37265625 0.5890625
6 0.6 0.33203125 0.04921875 0.05546875
6 0.6375 0.33203125 0.04296875 0.053125
6 0.50625 0.565625 0.03203125 0.128125
6 0.59140625 0.53359375 0.03359375 0.12109375