8 0.98671875 0.28359375 0.025 0.1046875
1 0.8171875 0.30625 0.07421875 0.06796875
1 0.89453125 0.353125 0.071875 0.05390625
1 0.70078125 0.35546875 0.0765625 0.0484375
1 0.6921875 0.3984375 0.05234375 0.0390625
3 0.7453125 0.39140625 0.09453125 0.06953125
1 0.6890625 0.4359375 0.06171875 0.03515625
1 0.596875 0.41171875 0.11015625 0.07265625
2 0.6234375 0.57265625 0.421875 0.31171875
1 0.53203125 0.46796875 0.04921875 0.028125
8 0.49921875 0.4671875 0.028125 0.0453125
8 0.4671875 0.478125 0.0375 0.06015625
7 0.375 0.6015625 0.18515625 0.13359375
1 0.44296875 0.634375 0.0546875 0.06328125
1 0.2609375 0.58203125 0.12578125 0.015625
1 0.215625 0.64140625 0.05546875 0.05703125
1 0.05625 0.64609375 0.02890625 0.0578125
1 0.34921875 0.77421875 0.0859375 0.05703125
8 0.5921875 0.74375 0.16015625 0.04765625
1 0.7328125 0.67890625 0.07421875 0.0390625
1 0.81328125 0.75078125 0.0625 0.06953125
8 0.84609375 0.62734375 0.04296875 0.0765625
2 0.88671875 0.59765625 0.11953125 0.1109375