2 0.8984375 0.56640625 0.20234375 0.2609375
2 0.97421875 0.48203125 0.0515625 0.05703125
8 0.86796875 0.8234375 0.26328125 0.35234375
1 0.515625 0.42421875 0.04921875 0.02265625
5 0.62734375 0.4 0.03359375 0.0375
4 0.44453125 0.40625 0.0796875 0.075
6 0.4171875 0.353125 0.0328125 0.04140625
5 0.54921875 0.39453125 0.146875 0.07734375
6 0.46640625 0.346875 0.08203125 0.0921875
6 0.54609375 0.3140625 0.103125 0.0484375
1 0.51484375 0.51328125 0.096875 0.0453125
5 0.64140625 0.49453125 0.053125 0.06015625
6 0.475 0.42421875 0.05625 0.01328125
6 0.590625 0.35234375 0.084375 0.07890625
4 0.5484375 0.4625 0.215625 0.0765625
6 0.4546875 0.46171875 0.0453125 0.0484375
5 0.62890625 0.440625 0.06953125 0.05546875
6 0.5765625 0.43828125 0.07578125 0.084375
6 0.5859375 0.50703125 0.0640625 0.06328125