2 0.5390625 0.3265625 0.0265625 0.01875
2 0.67578125 0.2453125 0.27578125 0.34296875
2 0.67734375 0.33046875 0.06640625 0.0390625
2 0.63515625 0.35 0.07421875 0.03125
2 0.18515625 0.7125 0.228125 0.25625
2 0.17421875 0.584375 0.2 0.265625
2 0.2578125 0.49140625 0.2671875 0.16796875
2 0.59609375 0.69921875 0.75 0.44296875
2 0.48984375 0.5625 0.56875 0.29140625
2 0.55546875 0.51640625 0.3609375 0.1234375
2 0.55546875 0.4421875 0.33359375 0.134375
2 0.659375 0.446875 0.328125 0.11796875
2 0.66640625 0.42890625 0.4828125 0.146875
2 0.67265625 0.40859375 0.5015625 0.13984375
2 0.584375 0.37734375 0.365625 0.1078125
2 0.62734375 0.10546875 0.16796875 0.17421875
2 0.66640625 0.18515625 0.08984375 0.03984375
2 0.60078125 0.178125 0.0390625 0.07421875
2 0.66640625 0.2375 0.0921875 0.0890625
2 0.59765625 0.21328125 0.06484375 0.0640625
2 0.58671875 0.26328125 0.07578125 0.046875
2 0.61640625 0.2859375 0.19375 0.06875
2 0.609375 0.325 0.12265625 0.03203125
1 0.26640625 0.8328125 0.0546875 0.04921875
7 0.0484375 0.84296875 0.096875 0.25390625
7 0.06796875 0.98046875 0.0640625 0.03828125