6 0.89609375 0.77265625 0.06015625 0.009375
6 0.9859375 0.6078125 0.02734375 0.075
6 0.9859375 0.6984375 0.02734375 0.06171875
6 0.9359375 0.6109375 0.05703125 0.1078125
6 0.92421875 0.71796875 0.12578125 0.1359375
6 0.0546875 0.5671875 0.08984375 0.07109375
2 0.18984375 0.63671875 0.03359375 0.04453125
8 0.13515625 0.55390625 0.1109375 0.19375
2 0.4015625 0.33359375 0.16015625 0.11171875
8 0.4796875 0.4203125 0.1046875 0.27265625
8 0.36796875 0.44296875 0.14375 0.19609375
6 0.95078125 0.82421875 0.09765625 0.09609375
2 0.23515625 0.54453125 0.15859375 0.26328125
2 0.27109375 0.47265625 0.03046875 0.059375
2 0.21015625 0.465625 0.09453125 0.084375
2 0.25078125 0.521875 0.0515625 0.034375
2 0.24609375 0.51796875 0.05703125 0.03984375
2 0.240625 0.48359375 0.065625 0.0703125
2 0.2 0.51484375 0.04609375 0.059375
8 0.64375 0.315625 0.23203125 0.46796875
2 0.690625 0.12421875 0.0265625 0.0515625
8 0.72421875 0.559375 0.37734375 0.3828125
6 0.928125 0.61328125 0.0359375 0.075
8 0.37109375 0.64296875 0.2421875 0.2171875
2 0.94375 0.815625 0.053125 0.07421875