2 0.98671875 0.6671875 0.02578125 0.10625
2 0.9671875 0.51953125 0.06484375 0.221875
8 0.14765625 0.425 0.2953125 0.39375
8 0.38203125 0.38671875 0.28359375 0.4171875
2 0.5515625 0.78125 0.6703125 0.43671875
2 0.78671875 0.73828125 0.425 0.41953125
2 0.75859375 0.76484375 0.48125 0.46875
7 0.59765625 0.428125 0.203125 0.2046875
7 0.83984375 0.3234375 0.14296875 0.07265625
2 0.78828125 0.7140625 0.3734375 0.43671875
7 0.5953125 0.32265625 0.159375 0.1703125
2 0.78828125 0.328125 0.1875 0.05390625
2 0.63515625 0.465625 0.03046875 0.28515625
2 0.85546875 0.76875 0.28828125 0.1359375
2 0.98828125 0.64453125 0.021875 0.03984375
2 0.809375 0.59296875 0.38046875 0.4921875
7 0.57890625 0.1984375 0.15859375 0.2046875
1 0.6015625 0.2140625 0.15 0.2671875
2 0.75 0.475 0.2375 0.23671875
8 0.9765625 0.471875 0.046875 0.278125
2 0.16953125 0.834375 0.02734375 0.05546875