6 0.4140625 0.42421875 0.096875 0.2109375
1 0.30703125 0.5953125 0.09609375 0.10859375
1 0.3 0.58203125 0.0984375 0.09453125
1 0.29921875 0.571875 0.09296875 0.0921875
1 0.2921875 0.56953125 0.10078125 0.0859375
6 0.35625 0.675 0.0546875 0.08671875
6 0.4359375 0.56796875 0.07734375 0.07578125
6 0.1828125 0.471875 0.02421875 0.0671875
6 0.259375 0.48203125 0.09296875 0.15859375
6 0.278125 0.41796875 0.0671875 0.1359375
6 0.2078125 0.48828125 0.08984375 0.140625
6 0.38125 0.61171875 0.0578125 0.146875
6 0.2859375 0.5734375 0.06015625 0.0609375
6 0.4359375 0.678125 0.10625 0.22734375
6 0.42890625 0.71875 0.1078125 0.2140625
6 0.5015625 0.70546875 0.08671875 0.15625
7 0.384375 0.4921875 0.12578125 0.1390625
7 0.39375 0.43515625 0.09765625 0.11015625
7 0.29296875 0.5078125 0.1109375 0.1296875
8 0.70859375 0.53984375 0.58203125 0.553125