8 0.77734375 0.32265625 0.1453125 0.24453125
8 0.63203125 0.3484375 0.1890625 0.27109375
8 0.459375 0.36875 0.125 0.153125
8 0.38671875 0.53046875 0.2390625 0.31328125
8 0.61875 0.58203125 0.246875 0.284375
8 0.3 0.753125 0.30859375 0.27890625
8 0.40390625 0.47109375 0.0359375 0.028125
1 0.35390625 0.575 0.0390625 0.04765625
1 0.4015625 0.4421875 0.04453125 0.02734375
8 0.3171875 0.44140625 0.06328125 0.04765625
8 0.3890625 0.41171875 0.075 0.06953125
6 0.2765625 0.79765625 0.04296875 0.04609375
6 0.346875 0.6765625 0.1171875 0.07890625
8 0.66328125 0.253125 0.0546875 0.0359375