4 0.54296875 0.6296875 0.04453125 0.00625
4 0.28828125 0.68125 0.5765625 0.10859375
4 0.4328125 0.6796875 0.865625 0.01875
4 0.24765625 0.68046875 0.4953125 0.025
4 0.33515625 0.71640625 0.66953125 0.078125
1 0.7484375 0.475 0.5015625 0.05234375
1 0.625 0.521875 0.67734375 0.0890625
1 0.8625 0.321875 0.04453125 0.0359375
4 0.45625 0.60234375 0.80078125 0.10390625
1 0.5234375 0.6140625 0.60234375 0.10703125
1 0.61953125 0.56953125 0.5796875 0.08828125
1 0.80234375 0.58125 0.39375 0.215625
4 0.3453125 0.4171875 0.30546875 0.2984375
1 0.7015625 0.5453125 0.55078125 0.1109375
6 0.421875 0.32890625 0.05390625 0.04921875
8 0.3890625 0.35 0.02421875 0.05546875
6 0.35078125 0.33984375 0.0453125 0.04296875