8 0.9375 0.35546875 0.1234375 0.2734375
2 0.571875 0.15546875 0.4453125 0.09375
2 0.534375 0.21640625 0.4453125 0.18125
2 0.56328125 0.215625 0.3046875 0.1328125
2 0.5890625 0.4296875 0.53359375 0.51015625
8 0.6734375 0.60859375 0.21953125 0.37265625
6 0.67109375 0.52890625 0.046875 0.0734375
8 0.47109375 0.59453125 0.22734375 0.4625
6 0.47578125 0.4125 0.06640625 0.059375
8 0.4328125 0.44453125 0.040625 0.04140625
6 0.47109375 0.4171875 0.040625 0.0609375
6 0.496875 0.40234375 0.02109375 0.03671875
8 0.253125 0.71875 0.22734375 0.3140625
6 0.2109375 0.5484375 0.053125 0.11875
6 0.2578125 0.72265625 0.05625 0.08203125
6 0.25703125 0.63984375 0.06328125 0.0625