8 0.0203125 0.26328125 0.040625 0.0734375
2 0.04921875 0.49609375 0.0984375 0.1171875
6 0.0734375 0.315625 0.05234375 0.02265625
2 0.18125 0.3890625 0.08828125 0.134375
2 0.72109375 0.27421875 0.034375 0.03671875
6 0.0515625 0.2890625 0.071875 0.059375
6 0.11015625 0.29296875 0.09921875 0.0859375
2 0.0875 0.403125 0.11171875 0.15546875
3 0.5625 0.29296875 0.05703125 0.16640625
2 0.28046875 0.41328125 0.15859375 0.096875
10 0.22421875 0.60390625 0.4015625 0.31796875
2 0.04453125 0.77890625 0.0890625 0.11015625
2 0.41328125 0.77265625 0.17578125 0.12890625
2 0.34765625 0.790625 0.23125 0.05234375
2 0.340625 0.78359375 0.20703125 0.0390625
2 0.3296875 0.76640625 0.10625 0.05078125
2 0.60703125 0.740625 0.2671875 0.11953125
2 0.79140625 0.3765625 0.11328125 0.225
2 0.6390625 0.4375 0.19609375 0.1046875
2 0.43046875 0.428125 0.22421875 0.11796875
2 0.596875 0.58984375 0.35078125 0.26875
2 0.47265625 0.50703125 0.19453125 0.27578125
2 0.65859375 0.34375 0.1765625 0.10625
2 0.44375 0.328125 0.2046875 0.12578125
2 0.26328125 0.35078125 0.10546875 0.03125
2 0.646875 0.23125 0.1484375 0.0890625
2 0.6578125 0.2765625 0.13203125 0.03203125
2 0.67734375 0.85546875 0.17890625 0.1953125
2 0.4765625 0.8671875 0.18828125 0.14765625
2 0.4078125 0.70703125 0.26875 0.1625
2 0.01875 0.7046875 0.0375 0.1125
2 0.16015625 0.81484375 0.1484375 0.06796875
2 0.2265625 0.7890625 0.0578125 0.0328125
2 0.25625 0.36953125 0.06328125 0.0359375
2 0.31328125 0.36484375 0.05390625 0.01015625
2 0.453125 0.23828125 0.1875 0.06875
2 0.6609375 0.2515625 0.09609375 0.0359375
3 0.79140625 0.315625 0.0765625 0.0546875
2 0.76796875 0.30625 0.04453125 0.0640625
6 0.01640625 0.39375 0.0328125 0.1125
6 0.01640625 0.59375 0.0328125 0.08046875
2 0.24453125 0.3203125 0.25234375 0.1015625