4 0.86015625 0.8234375 0.26171875 0.1796875
4 0.94296875 0.7625 0.11328125 0.1828125
2 0.98515625 0.83828125 0.02890625 0.0546875
1 0.92890625 0.6546875 0.10546875 0.2296875
0 0.8578125 0.09140625 0.10390625 0.065625
8 0.878125 0.24609375 0.24375 0.35625
6 0.94453125 0.421875 0.1109375 0.0296875
1 0.9546875 0.3671875 0.0890625 0.11953125
4 0.94921875 0.42734375 0.1015625 0.040625
6 0.9921875 0.48671875 0.01484375 0.0625
6 0.98125 0.45 0.03671875 0.01171875
8 0.296875 0.28125 0.5140625 0.52265625
6 0.91484375 0.45234375 0.03515625 0.0609375
8 0.62109375 0.55546875 0.59140625 0.51484375
8 0.47265625 0.603125 0.05625 0.0609375
8 0.521875 0.55859375 0.09296875 0.0953125
10 0.52265625 0.54609375 0.08125 0.1078125
8 0.5171875 0.53828125 0.09765625 0.09140625
7 0.55625 0.55 0.10546875 0.06484375
7 0.559375 0.48125 0.059375 0.06328125
6 0.5875 0.45625 0.03671875 0.0296875
6 0.61484375 0.48828125 0.0984375 0.0796875
8 0.6796875 0.4234375 0.2203125 0.20390625
6 0.91484375 0.7046875 0.16875 0.23203125
1 0.24375 0.203125 0.04375 0.01875
8 0.2875 0.18515625 0.06171875 0.040625