2 0.546875 0.1484375 0.0203125 0.04609375
2 0.4671875 0.23125 0.04609375 0.04375
2 0.44453125 0.23828125 0.03671875 0.034375
2 0.54375 0.5125 0.65859375 0.746875
2 0.60703125 0.2328125 0.11796875 0.12890625
2 0.796875 0.48671875 0.01796875 0.04140625
2 0.7859375 0.4046875 0.0328125 0.071875
2 0.76796875 0.51484375 0.034375 0.040625
2 0.77578125 0.490625 0.059375 0.0828125
2 0.77421875 0.4 0.07109375 0.12734375
2 0.67265625 0.26484375 0.16015625 0.17734375
2 0.69140625 0.38125 0.2296875 0.27109375
2 0.5234375 0.2984375 0.1484375 0.10625
2 0.4015625 0.4375 0.125 0.28046875
2 0.6328125 0.4125 0.27890625 0.2328125
2 0.55078125 0.4765625 0.3421875 0.32890625
2 0.609375 0.6 0.40234375 0.26328125
2 0.73671875 0.565625 0.10234375 0.16171875
2 0.66484375 0.72421875 0.04296875 0.0640625
2 0.64375 0.75 0.0703125 0.05546875
2 0.34921875 0.01953125 0.0578125 0.03828125
1 0.296875 0.109375 0.0328125 0.05
2 0.49921875 0.60546875 0.29765625 0.26640625
2 0.54921875 0.69921875 0.246875 0.21015625
2 0.5578125 0.69765625 0.11953125 0.13046875