2 0.6203125 0.62578125 0.31015625 0.10390625
2 0.75078125 0.453125 0.3140625 0.25546875
2 0.7296875 0.45625 0.19375 0.075
2 0.80546875 0.51328125 0.06015625 0.02265625
2 0.67265625 0.50234375 0.0921875 0.0546875
3 0.7328125 0.48203125 0.13828125 0.08359375
8 0.38984375 0.45859375 0.51328125 0.31953125
2 0.25 0.71015625 0.39453125 0.2203125
2 0.1625 0.47265625 0.325 0.0796875
2 0.20390625 0.6359375 0.4078125 0.27890625
2 0.14140625 0.615625 0.28203125 0.15234375
1 0.34140625 0.6328125 0.03984375 0.0640625
1 0.1015625 0.86640625 0.203125 0.26640625
8 0.66796875 0.93125 0.02578125 0.046875
1 0.45234375 0.36875 0.0859375 0.046875