4 0.7453125 0.2484375 0.2828125 0.22265625
4 0.56328125 0.3578125 0.2765625 0.3
4 0.465625 0.4609375 0.3421875 0.33203125
4 0.26640625 0.5234375 0.34453125 0.24609375
4 0.2 0.70859375 0.34921875 0.38984375
6 0.81015625 0.421875 0.37890625 0.2703125
2 0.6234375 0.5765625 0.128125 0.0265625
6 0.7578125 0.5609375 0.16015625 0.0734375
1 0.725 0.58671875 0.07109375 0.03359375
8 0.79140625 0.5765625 0.09765625 0.0421875
8 0.57890625 0.6015625 0.2390625 0.06640625
8 0.940625 0.4546875 0.078125 0.0234375
2 0.91484375 0.51953125 0.1703125 0.13125
2 0.93203125 0.5203125 0.1359375 0.11640625
8 0.275 0.971875 0.03515625 0.05546875
2 0.63828125 0.78203125 0.7234375 0.43515625
1 0.434375 0.8203125 0.2859375 0.359375