6 0.78125 0.32109375 0.3109375 0.15234375
6 0.83203125 0.05859375 0.3359375 0.11640625
6 0.81875 0.18828125 0.3625 0.175
6 0.44140625 0.5171875 0.746875 0.46328125
5 0.73828125 0.3828125 0.0359375 0.03515625
5 0.6546875 0.384375 0.046875 0.0734375
5 0.5921875 0.375 0.03828125 0.0828125
5 0.534375 0.359375 0.03515625 0.078125
5 0.4765625 0.34453125 0.0421875 0.0734375
5 0.69765625 0.40234375 0.05 0.046875
5 0.6125 0.40859375 0.05390625 0.090625
5 0.54765625 0.3921875 0.04375 0.08828125
5 0.48359375 0.37421875 0.04609375 0.0828125
5 0.4375 0.3578125 0.0625 0.078125
5 0.65 0.42734375 0.04921875 0.04609375
5 0.5609375 0.43203125 0.059375 0.1
5 0.49296875 0.41015625 0.05546875 0.09296875
5 0.440625 0.38984375 0.06796875 0.0875
5 0.59453125 0.4546875 0.05234375 0.05234375
5 0.38671875 0.37109375 0.065625 0.0875
5 0.5015625 0.4578125 0.06328125 0.1078125
5 0.53203125 0.48671875 0.05078125 0.05234375
5 0.440625 0.43125 0.08125 0.0984375
5 0.38984375 0.41171875 0.0515625 0.0875
5 0.33125 0.38984375 0.04921875 0.08984375
5 0.38671875 0.45390625 0.07109375 0.10703125
5 0.44765625 0.47734375 0.0859375 0.09609375
5 0.4546875 0.51328125 0.05390625 0.028125
5 0.31484375 0.4171875 0.04765625 0.071875
5 0.2625 0.40390625 0.0640625 0.08671875
3 0.36171875 0.4765625 0.09609375 0.0703125
5 0.36484375 0.4828125 0.05 0.04609375
5 0.290625 0.45 0.05234375 0.04296875
5 0.2296875 0.42265625 0.05078125 0.040625
5 0.165625 0.39609375 0.046875 0.0328125