8 0.9234375 0.42109375 0.15234375 0.7578125
1 0.1078125 0.51015625 0.215625 0.82421875
8 0.440625 0.80546875 0.07734375 0.04140625
8 0.9421875 0.74765625 0.115625 0.08359375
8 0.9234375 0.621875 0.15234375 0.24921875
8 0.5484375 0.42109375 0.903125 0.8421875
7 0.60390625 0.53515625 0.29609375 0.1359375
7 0.55625 0.53515625 0.1765625 0.09921875
7 0.36171875 0.55 0.18359375 0.06953125
7 0.421875 0.5109375 0.1578125 0.0953125
7 0.75234375 0.675 0.1296875 0.25
7 0.5921875 0.7421875 0.2421875 0.16875
7 0.44453125 0.74921875 0.1640625 0.0640625
7 0.2609375 0.69375 0.11953125 0.109375
7 0.41875 0.5171875 0.1328125 0.08671875
7 0.48125 0.78203125 0.21015625 0.0515625
7 0.4265625 0.65 0.27578125 0.228125
7 0.65390625 0.609375 0.32265625 0.20703125
7 0.70390625 0.6296875 0.12265625 0.1140625
7 0.3453125 0.70703125 0.06171875 0.0515625
8 0.95546875 0.478125 0.08828125 0.17421875