2 0.98125 0.6671875 0.03671875 0.04140625
7 0.959375 0.8046875 0.0796875 0.04921875
6 0.97421875 0.25078125 0.0515625 0.14609375
2 0.7859375 0.2046875 0.1234375 0.146875
2 0.884375 0.38359375 0.23046875 0.21953125
8 0.78984375 0.56328125 0.41953125 0.24609375
2 0.75 0.16484375 0.06015625 0.04453125
2 0.7796875 0.22890625 0.08125 0.090625
8 0.52734375 0.1625 0.625 0.15390625
8 0.590625 0.2578125 0.72265625 0.40546875
8 0.47109375 0.50625 0.50390625 0.35234375
7 0.6984375 0.71875 0.34375 0.246875
1 0.71875 0.71796875 0.34296875 0.1359375