1 0.8421875 0.6796875 0.17265625 0.0546875
8 0.803125 0.64453125 0.04453125 0.040625
8 0.69453125 0.54609375 0.3703125 0.32109375
8 0.40078125 0.44765625 0.1875 0.0703125
8 0.27734375 0.6890625 0.334375 0.17890625
8 0.4203125 0.53046875 0.2171875 0.1859375
8 0.26484375 0.66015625 0.1484375 0.0765625
8 0.0546875 0.534375 0.109375 0.43359375
8 0.2015625 0.50703125 0.2609375 0.31875
1 0.18359375 0.43515625 0.18515625 0.09765625
1 0.6765625 0.3859375 0.03203125 0.05390625
1 0.684375 0.41640625 0.059375 0.03671875
1 0.6546875 0.42734375 0.03203125 0.05
2 0.61796875 0.42578125 0.06171875 0.046875
1 0.74609375 0.496875 0.07890625 0.0859375
8 0.81015625 0.5125 0.07421875 0.06328125