5 0.234375 0.359375 0.35703125 0.1984375
5 0.8796875 0.29296875 0.23984375 0.28125
5 0.8609375 0.4203125 0.27734375 0.4484375
5 0.18203125 0.71171875 0.16015625 0.51953125
5 0.31875 0.7234375 0.14296875 0.409375
5 0.69296875 0.31875 0.1515625 0.2359375
5 0.7875 0.615625 0.26640625 0.36875
5 0.45234375 0.74609375 0.14609375 0.39453125
5 0.36640625 0.41953125 0.2890625 0.2921875
5 0.44375 0.46328125 0.2140625 0.27265625
5 0.71328125 0.70546875 0.215625 0.3796875
5 0.58828125 0.740625 0.2328125 0.4125
5 0.584375 0.521875 0.15546875 0.46953125