6 0.09921875 0.5765625 0.1984375 0.453125
6 0.09140625 0.3921875 0.1828125 0.784375
6 0.434375 0.49140625 0.86875 0.68359375
5 0.315625 0.28671875 0.12890625 0.15859375
5 0.45390625 0.29296875 0.103125 0.15703125
5 0.56953125 0.29921875 0.115625 0.15859375
5 0.6984375 0.3015625 0.1171875 0.1625
5 0.30390625 0.36875 0.13515625 0.15625
5 0.43125 0.3765625 0.11875 0.15703125
5 0.55703125 0.38203125 0.11171875 0.16015625
5 0.6890625 0.39140625 0.1234375 0.1578125
5 0.27578125 0.46484375 0.14375 0.14765625
5 0.4140625 0.47421875 0.12734375 0.14453125
5 0.54765625 0.48515625 0.1203125 0.146875
5 0.68125 0.484375 0.128125 0.15
5 0.23671875 0.5734375 0.1703125 0.1359375
5 0.3890625 0.58125 0.1421875 0.140625
5 0.53046875 0.59453125 0.1296875 0.13984375
5 0.678125 0.6046875 0.14140625 0.14140625
5 0.67265625 0.72109375 0.14375 0.10703125
5 0.51796875 0.7078125 0.14140625 0.11328125
5 0.19609375 0.68515625 0.18984375 0.11015625
5 0.36015625 0.7015625 0.159375 0.1046875