2 0.46171875 0.815625 0.07578125 0.0421875
8 0.69609375 0.66953125 0.4609375 0.66015625
2 0.07734375 0.5375 0.1546875 0.25234375
2 0.3140625 0.5671875 0.453125 0.48984375
2 0.30703125 0.65546875 0.0953125 0.0453125
2 0.36484375 0.6546875 0.04609375 0.0484375
2 0.43671875 0.653125 0.12265625 0.06328125
2 0.45859375 0.58125 0.0421875 0.0796875
2 0.278125 0.471875 0.06640625 0.01953125
2 0.23359375 0.5109375 0.1171875 0.11875
2 0.4328125 0.48203125 0.16640625 0.1265625
2 0.49296875 0.5359375 0.0453125 0.2703125
2 0.20859375 0.6171875 0.08984375 0.1140625
2 0.3515625 0.5203125 0.17421875 0.0828125
2 0.37890625 0.59765625 0.19140625 0.084375
2 0.26640625 0.57890625 0.08828125 0.19453125