9 0.25703125 0.721875 0.15859375 0.0765625
9 0.18984375 0.80390625 0.15078125 0.103125
1 0.9515625 0.41953125 0.0953125 0.06875
1 0.76015625 0.4234375 0.1015625 0.015625
9 0.76640625 0.3984375 0.10859375 0.05
9 0.92265625 0.3671875 0.153125 0.0859375
9 0.87265625 0.40390625 0.1234375 0.07265625
9 0.825 0.49453125 0.34921875 0.14921875
9 0.76484375 0.37265625 0.0328125 0.0078125
9 0.81484375 0.328125 0.11953125 0.14296875
9 0.78671875 0.36640625 0.03671875 0.02890625
9 0.76171875 0.34375 0.0484375 0.059375
9 0.640625 0.4328125 0.228125 0.2203125
1 0.571875 0.98359375 0.08984375 0.03203125
9 0.453125 0.95546875 0.31875 0.0890625
9 0.62734375 0.89921875 0.12421875 0.0828125
9 0.75078125 0.7875 0.12734375 0.109375
9 0.809375 0.70078125 0.28515625 0.19375
9 0.7609375 0.6703125 0.12734375 0.08828125
9 0.753125 0.5953125 0.32890625 0.096875
9 0.66171875 0.6921875 0.07578125 0.14765625
9 0.5390625 0.85703125 0.06953125 0.1484375
1 0.42109375 0.83828125 0.17109375 0.03671875
9 0.39375 0.9546875 0.21328125 0.090625
9 0.5265625 0.73046875 0.334375 0.24765625
9 0.271875 0.95234375 0.26953125 0.09453125
9 0.09140625 0.9828125 0.1078125 0.03359375
9 0.05703125 0.9765625 0.1140625 0.046875
9 0.05625 0.9390625 0.11171875 0.0484375
9 0.36875 0.87890625 0.30390625 0.065625
9 0.22421875 0.89609375 0.15078125 0.09765625
9 0.428125 0.46015625 0.18515625 0.2359375
6 0.09921875 0.778125 0.1984375 0.165625
9 0.26484375 0.5578125 0.115625 0.10859375
6 0.14453125 0.59375 0.2875 0.44296875
9 0.340625 0.42265625 0.25859375 0.140625
9 0.38984375 0.34296875 0.225 0.10078125
9 0.54765625 0.346875 0.1484375 0.2109375
9 0.52421875 0.24140625 0.3953125 0.1765625
9 0.20234375 0.3921875 0.2171875 0.27265625
9 0.109375 0.4015625 0.03984375 0.07578125
9 0.046875 0.35390625 0.09296875 0.19375
9 0.08671875 0.2890625 0.1734375 0.16796875
9 0.10625 0.190625 0.21171875 0.21015625
9 0.1375 0.11484375 0.275 0.2296875
9 0.13125 0.07421875 0.24921875 0.1484375
9 0.178125 0.0609375 0.284375 0.121875
9 0.49375 0.15234375 0.4109375 0.22890625
9 0.42421875 0.07109375 0.32265625 0.12421875
9 0.309375 0.01953125 0.17109375 0.0390625
9 0.4765625 0.6203125 0.3421875 0.21640625
9 0.134375 0.91875 0.19140625 0.14375
9 0.028125 0.89609375 0.05625 0.0921875