8 0.65 0.9421875 0.26484375 0.115625
1 0.34765625 0.7796875 0.2453125 0.16875
8 0.2375 0.4296875 0.375 0.55
7 0.58984375 0.71796875 0.2515625 0.353125
1 0.72734375 0.68671875 0.31484375 0.49140625
2 0.43046875 0.609375 0.15234375 0.346875
1 0.43359375 0.575 0.13203125 0.25625
2 0.53984375 0.60078125 0.21328125 0.334375
1 0.5625 0.55703125 0.01484375 0.059375
6 0.55078125 0.61796875 0.065625 0.075
2 0.5421875 0.67265625 0.0578125 0.0671875
1 0.17890625 0.45546875 0.14921875 0.1421875
10 0.19765625 0.33515625 0.20859375 0.15703125