1 0.8078125 0.365625 0.2015625 0.1
6 0.61796875 0.35078125 0.18046875 0.09609375
2 0.37890625 0.57734375 0.1375 0.21171875
2 0.1140625 0.43828125 0.22734375 0.19296875
2 0.24296875 0.33359375 0.14453125 0.13984375
2 0.30859375 0.38984375 0.08359375 0.14296875
2 0.40859375 0.4375 0.19453125 0.253125
2 0.671875 0.671875 0.51015625 0.578125
5 0.67890625 0.77890625 0.0546875 0.12421875
4 0.64296875 0.81796875 0.04453125 0.1125
4 0.6125 0.83359375 0.07109375 0.09453125
4 0.58828125 0.92265625 0.08515625 0.121875
4 0.71953125 0.94140625 0.09609375 0.1171875
5 0.35234375 0.546875 0.0796875 0.1359375
4 0.084375 0.90859375 0.16875 0.18125
2 0.27421875 0.72421875 0.21640625 0.215625
2 0.21328125 0.5953125 0.3171875 0.43671875
4 0.38359375 0.775 0.078125 0.11015625
1 0.37578125 0.253125 0.059375 0.2140625
1 0.14609375 0.15703125 0.05078125 0.04921875
3 0.1984375 0.153125 0.04765625 0.0578125
1 0.5046875 0.37734375 0.0453125 0.0390625
10 0.43984375 0.27421875 0.14296875 0.14453125
6 0.090625 0.2765625 0.18125 0.228125
8 0.0625 0.6875 0.05390625 0.07890625
1 0.42890625 0.56875 0.06015625 0.1578125
1 0.69140625 0.8265625 0.13359375 0.1921875