8 0.70859375 0.35703125 0.3703125 0.27578125
8 0.86640625 0.225 0.0921875 0.21875
8 0.75625 0.1625 0.19453125 0.23984375
8 0.8328125 0.31015625 0.1484375 0.215625
6 0.74921875 0.26640625 0.025 0.0515625
2 0.71875 0.228125 0.05625 0.10703125
6 0.57890625 0.2890625 0.06171875 0.10625
8 0.47890625 0.675 0.1953125 0.2421875
2 0.3671875 0.82265625 0.265625 0.35390625
6 0.4828125 0.64921875 0.05546875 0.02421875
6 0.48125 0.66640625 0.0625 0.03359375
6 0.45 0.62421875 0.06171875 0.07578125
2 0.88125 0.0546875 0.234375 0.109375
6 0.63515625 0.1171875 0.04375 0.09140625
6 0.55859375 0.178125 0.11875 0.13046875
6 0.625 0.1671875 0.10625 0.12265625
6 0.68515625 0.2296875 0.04921875 0.09921875
1 0.5734375 0.2390625 0.05859375 0.0296875
6 0.640625 0.26875 0.08203125 0.1421875
6 0.63359375 0.3515625 0.06171875 0.0453125
1 0.65078125 0.2875 0.03125 0.08671875
8 0.7125 0.32734375 0.11171875 0.11171875
2 0.73828125 0.34609375 0.07578125 0.084375
6 0.775 0.36953125 0.08359375 0.04921875