1 0.9765625 0.01875 0.0453125 0.0375
8 0.76953125 0.0734375 0.3796875 0.146875
1 0.66875 0.1609375 0.22578125 0.09453125
6 0.16171875 0.45 0.146875 0.3125
6 0.215625 0.29375 0.20546875 0.225
6 0.33515625 0.3015625 0.1 0.09453125
2 0.3375 0.5328125 0.23515625 0.1515625
6 0.72578125 0.4234375 0.36796875 0.2109375
2 0.575 0.5890625 0.1671875 0.13359375
8 0.51484375 0.48515625 0.37421875 0.09609375
1 0.31328125 0.3734375 0.06640625 0.0734375
8 0.47890625 0.36953125 0.278125 0.1875
2 0.65234375 0.25390625 0.53828125 0.12734375
8 0.84140625 0.33125 0.3171875 0.10703125
8 0.978125 0.19375 0.04296875 0.1390625
8 0.678125 0.70703125 0.31015625 0.15234375
4 0.5921875 0.628125 0.1859375 0.10625
8 0.7296875 0.5859375 0.30703125 0.16953125
2 0.95 0.5625 0.09921875 0.3109375
1 0.94609375 0.63046875 0.10703125 0.0703125