8 0.48515625 0.46875 0.075 0.21015625
7 0.46328125 0.63515625 0.12265625 0.24375
2 0.40234375 0.50703125 0.1828125 0.18203125
8 0.5234375 0.84609375 0.30546875 0.3078125
8 0.57421875 0.2359375 0.1328125 0.19296875
8 0.61640625 0.51328125 0.225 0.44296875
2 0.696875 0.40546875 0.146875 0.68828125
1 0.64296875 0.184375 0.115625 0.13125
2 0.2515625 0.378125 0.06328125 0.1
8 0.30859375 0.346875 0.11875 0.13671875
2 0.3546875 0.42734375 0.21953125 0.18984375
2 0.7390625 0.54296875 0.16171875 0.51171875
2 0.78515625 0.41640625 0.2515625 0.80078125
2 0.3875 0.51875 0.13984375 0.13828125