2 0.60859375 0.16171875 0.33984375 0.14296875
1 0.2734375 0.2078125 0.13125 0.0859375
2 0.9671875 0.17578125 0.06484375 0.06796875
2 0.09375 0.20625 0.1375 0.11171875
7 0.32421875 0.3984375 0.16796875 0.16328125
7 0.25625 0.35390625 0.27109375 0.06953125
1 0.2484375 0.33515625 0.18515625 0.03046875
1 0.2296875 0.4203125 0.23125 0.1171875
7 0.23515625 0.42421875 0.35078125 0.09296875
8 0.63671875 0.45078125 0.621875 0.4546875
1 0.44765625 0.71015625 0.284375 0.34296875
1 0.8546875 0.3078125 0.28984375 0.2296875