7 0.43984375 0.5453125 0.3265625 0.1921875
2 0.59296875 0.7390625 0.3765625 0.3171875
2 0.20859375 0.625 0.4171875 0.33125
2 0.09296875 0.2875 0.13125 0.121875
2 0.2609375 0.3859375 0.378125 0.2453125
7 0.059375 0.4421875 0.0421875 0.03984375
7 0.028125 0.490625 0.05625 0.09765625
8 0.0609375 0.83984375 0.12109375 0.04921875
1 0.3015625 0.31015625 0.08828125 0.04140625
1 0.2828125 0.37421875 0.19296875 0.15546875
1 0.1765625 0.4296875 0.04921875 0.0828125
1 0.53359375 0.6796875 0.1046875 0.0625
1 0.50234375 0.51171875 0.07265625 0.03203125