8 0.27734375 0.21875 0.5546875 0.4375
8 0.7515625 0.1328125 0.49609375 0.265625
8 0.77265625 0.37109375 0.453125 0.74140625
2 0.46171875 0.54375 0.90703125 0.73671875
6 0.61015625 0.56015625 0.08359375 0.07421875
6 0.63203125 0.534375 0.15703125 0.08046875
4 0.43203125 0.21484375 0.18671875 0.196875
1 0.37265625 0.31953125 0.1765625 0.14921875
2 0.3125 0.31015625 0.13125 0.10703125
6 0.22421875 0.384375 0.31484375 0.3171875
6 0.5875 0.4265625 0.48515625 0.24921875
2 0.65703125 0.33671875 0.0703125 0.03515625
4 0.4625 0.5125 0.2640625 0.2578125
1 0.5671875 0.30546875 0.24921875 0.09609375