8 0.40703125 0.75078125 0.30390625 0.17421875
2 0.240625 0.24609375 0.08125 0.09921875
2 0.26015625 0.33125 0.08984375 0.1265625
8 0.1890625 0.1640625 0.0625 0.15546875
6 0.42109375 0.59765625 0.096875 0.0671875
8 0.33828125 0.565625 0.1875 0.13203125
7 0.58359375 0.5609375 0.2328125 0.1578125
8 0.5765625 0.5484375 0.12734375 0.0796875
8 0.56328125 0.5578125 0.0984375 0.04375
2 0.44609375 0.4515625 0.39453125 0.2390625
2 0.42890625 0.49453125 0.15703125 0.12734375
2 0.4484375 0.41640625 0.1984375 0.07265625
6 0.359375 0.46328125 0.028125 0.04765625
2 0.3859375 0.403125 0.06796875 0.05703125
2 0.47890625 0.3828125 0.13203125 0.08671875
2 0.50703125 0.471875 0.11796875 0.0546875
1 0.51484375 0.48359375 0.09921875 0.05546875