8 0.22109375 0.346875 0.10390625 0.1984375
8 0.43828125 0.24296875 0.11171875 0.153125
8 0.4359375 0.30390625 0.06640625 0.07734375
8 0.5421875 0.26953125 0.140625 0.13359375
8 0.496875 0.41796875 0.1328125 0.23984375
8 0.60234375 0.3328125 0.12421875 0.08125
8 0.6171875 0.53984375 0.24296875 0.396875
8 0.4328125 0.540625 0.31953125 0.4515625
8 0.73046875 0.28359375 0.165625 0.3296875
8 0.24140625 0.528125 0.1421875 0.2109375
8 0.2640625 0.73359375 0.246875 0.4625
8 0.3328125 0.25078125 0.20390625 0.3
8 0.175 0.296875 0.03203125 0.040625
8 0.20703125 0.3 0.028125 0.0515625