1 0.86328125 0.56875 0.04140625 0.0359375
8 0.90078125 0.578125 0.0578125 0.08203125
4 0.98046875 0.74296875 0.03828125 0.0890625
8 0.9578125 0.61953125 0.08359375 0.18046875
2 0.9734375 0.57578125 0.053125 0.09921875
8 0.94375 0.9078125 0.0203125 0.0734375
2 0.97421875 0.89296875 0.0515625 0.21328125
4 0.91875 0.87734375 0.0296875 0.04609375
8 0.83984375 0.72109375 0.08046875 0.1546875
2 0.8203125 0.85078125 0.18671875 0.1359375
6 0.77421875 0.90234375 0.08984375 0.13515625
7 0.80703125 0.64453125 0.0953125 0.203125
6 0.7671875 0.7109375 0.078125 0.1875
1 0.77421875 0.61640625 0.03671875 0.06953125
8 0.8078125 0.6609375 0.09296875 0.259375
8 0.48203125 0.1171875 0.15234375 0.1640625
2 0.61015625 0.22109375 0.134375 0.378125
2 0.82734375 0.271875 0.34453125 0.54375
8 0.65546875 0.459375 0.16796875 0.17734375
2 0.665625 0.6375 0.1890625 0.271875
2 0.590625 0.30390625 0.09453125 0.09765625
2 0.50078125 0.315625 0.1046875 0.06953125
2 0.553125 0.2234375 0.21484375 0.1484375
6 0.35078125 0.290625 0.028125 0.06171875
8 0.3203125 0.23515625 0.190625 0.14921875
6 0.3734375 0.3265625 0.02421875 0.03828125
2 0.22734375 0.359375 0.27421875 0.2953125
6 0.31953125 0.29296875 0.0421875 0.0390625
8 0.453125 0.25859375 0.1125 0.20234375
2 0.4078125 0.40859375 0.0359375 0.04921875
2 0.403125 0.35546875 0.05546875 0.0859375
2 0.2515625 0.40703125 0.2234375 0.20390625
2 0.21796875 0.35 0.2203125 0.21328125
6 0.23046875 0.39921875 0.209375 0.18359375
2 0.346875 0.51328125 0.16875 0.26328125
2 0.52890625 0.44453125 0.2171875 0.26953125
6 0.26875 0.6765625 0.03359375 0.04296875