2 0.32890625 0.70078125 0.17890625 0.23046875
8 0.31640625 0.03359375 0.228125 0.06640625
2 0.39765625 0.0640625 0.04296875 0.0375
2 0.30078125 0.06328125 0.28359375 0.1265625
2 0.071875 0.11328125 0.14375 0.04375
1 0.10390625 0.0640625 0.1453125 0.128125
2 0.10546875 0.00859375 0.0828125 0.0171875
2 0.15234375 0.0265625 0.075 0.03046875
2 0.83984375 0.521875 0.1046875 0.12578125
2 0.91640625 0.5109375 0.11328125 0.096875
1 0.953125 0.52109375 0.0796875 0.06015625
1 0.67109375 0.440625 0.04921875 0.034375
2 0.725 0.40625 0.140625 0.0453125
8 0.603125 0.1515625 0.25625 0.17265625
2 0.228125 0.20390625 0.22265625 0.15078125
8 0.1328125 0.2328125 0.26484375 0.17890625
8 0.44765625 0.359375 0.4859375 0.48515625
8 0.17109375 0.48359375 0.3421875 0.621875
8 0.60390625 0.7203125 0.45859375 0.3671875
8 0.6109375 0.64453125 0.35 0.2765625