2 0.375 0.4046875 0.3015625 0.5328125
2 0.3875 0.3125 0.24609375 0.08828125
2 0.43359375 0.25 0.10234375 0.20859375
2 0.43984375 0.30625 0.08359375 0.21328125
2 0.35390625 0.22734375 0.20625 0.3484375
2 0.35390625 0.2484375 0.08671875 0.12734375
2 0.3390625 0.365625 0.134375 0.1625
2 0.30546875 0.2671875 0.0765625 0.1484375
2 0.63828125 0.39765625 0.23046875 0.4015625
2 0.72734375 0.29296875 0.0640625 0.16796875
2 0.69765625 0.2765625 0.04609375 0.1671875
2 0.6796875 0.26484375 0.03984375 0.1734375
2 0.65078125 0.2640625 0.0453125 0.15859375
2 0.6328125 0.25390625 0.06171875 0.171875
2 0.6203125 0.30234375 0.0359375 0.0515625
2 0.5859375 0.2421875 0.0546875 0.1078125