7 0.2390625 0.76171875 0.478125 0.36171875
8 0.97734375 0.0703125 0.04375 0.06640625
8 0.8390625 0.0578125 0.20625 0.11484375
7 0.93671875 0.053125 0.03515625 0.071875
2 0.90546875 0.1015625 0.18359375 0.0390625
2 0.9578125 0.14921875 0.08359375 0.09765625
0 0.89453125 0.31171875 0.21015625 0.10859375
8 0.66953125 0.1859375 0.59375 0.2625
8 0.51796875 0.40078125 0.7734375 0.38359375
8 0.41796875 0.44609375 0.8359375 0.4515625
1 0.89609375 0.58984375 0.06640625 0.0328125
1 0.52109375 0.9375 0.07421875 0.04375