2 0.69453125 0.27421875 0.24453125 0.134375
6 0.78046875 0.4859375 0.04453125 0.0375
2 0.46171875 0.4359375 0.0390625 0.04296875
2 0.43984375 0.48515625 0.06171875 0.1
2 0.71328125 0.67265625 0.059375 0.05546875
2 0.82421875 0.31796875 0.221875 0.13046875
7 0.4015625 0.3484375 0.34921875 0.225
6 0.8609375 0.3140625 0.071875 0.05234375
8 0.80703125 0.303125 0.0375 0.028125
2 0.6828125 0.39609375 0.32734375 0.2171875
2 0.61953125 0.53671875 0.33515625 0.35
2 0.55546875 0.6109375 0.3921875 0.38828125
2 0.61796875 0.62109375 0.18515625 0.31171875
2 0.4765625 0.57578125 0.2453125 0.3453125
2 0.57734375 0.54765625 0.15078125 0.21640625
1 0.63046875 0.50703125 0.31875 0.1703125
1 0.4015625 0.31171875 0.34296875 0.11953125
7 0.44765625 0.1953125 0.39296875 0.23515625
8 0.1390625 0.1109375 0.27734375 0.15625
1 0.44296875 0.24765625 0.2390625 0.24375