8 0.8203125 0.49765625 0.20703125 0.07890625
2 0.484375 0.58046875 0.67890625 0.35390625
2 0.415625 0.3640625 0.1703125 0.07578125
1 0.65625 0.62109375 0.1 0.05
2 0.3109375 0.4890625 0.08125 0.21015625
2 0.45 0.48046875 0.23671875 0.1890625
2 0.63359375 0.4578125 0.13046875 0.1
2 0.5359375 0.4453125 0.19140625 0.11796875
1 0.3671875 0.4296875 0.0671875 0.0484375
2 0.47578125 0.55625 0.1765625 0.1078125
2 0.4234375 0.43671875 0.0671875 0.059375
2 0.6046875 0.58203125 0.121875 0.12109375
1 0.61328125 0.51953125 0.1078125 0.0171875
1 0.6234375 0.51015625 0.07734375 0.01171875
2 0.49140625 0.6578125 0.23125 0.06640625
2 0.44453125 0.6140625 0.2546875 0.096875
7 0.88125 0.17265625 0.21796875 0.14140625
1 0.828125 0.7546875 0.04921875 0.0296875