8 0.73984375 0.13359375 0.18671875 0.26640625
8 0.76484375 0.2921875 0.09140625 0.1125
8 0.84765625 0.40625 0.1640625 0.2140625
8 0.66171875 0.34921875 0.24765625 0.290625
8 0.53359375 0.8359375 0.175 0.32734375
1 0.5 0.95625 0.03515625 0.06953125
7 0.4265625 0.9125 0.103125 0.07890625
7 0.40859375 0.83828125 0.13203125 0.1734375
6 0.33203125 0.9296875 0.040625 0.09453125
2 0.2625 0.87265625 0.1671875 0.18515625
7 0.49921875 0.5703125 0.17890625 0.2640625
7 0.3515625 0.728125 0.22421875 0.2765625
8 0.634375 0.5640625 0.159375 0.23515625
8 0.80859375 0.49921875 0.21875 0.2828125
8 0.71640625 0.7625 0.3125 0.33984375
3 0.91796875 0.753125 0.08125 0.0609375
6 0.9515625 0.70546875 0.0421875 0.05
1 0.3609375 0.6515625 0.20390625 0.0875
1 0.35859375 0.6734375 0.20546875 0.08515625