6 0.0953125 0.3328125 0.178125 0.19375
6 0.2359375 0.3953125 0.125 0.23046875
2 0.46484375 0.79140625 0.3359375 0.23125
2 0.49296875 0.72734375 0.36015625 0.21171875
2 0.5875 0.56796875 0.72734375 0.3734375
6 0.18046875 0.18984375 0.36015625 0.19453125
2 0.48515625 0.23828125 0.4921875 0.29765625
2 0.52578125 0.459375 0.5125 0.34921875
6 0.18125 0.0609375 0.3625 0.12109375
6 0.24765625 0.54375 0.13984375 0.2078125
6 0.1046875 0.45859375 0.15625 0.18828125
8 0.2484375 0.29296875 0.0390625 0.06328125
6 0.92265625 0.8359375 0.15390625 0.2296875
6 0.95234375 0.69453125 0.0953125 0.14453125
4 0.89296875 0.71953125 0.0515625 0.034375