2 0.1453125 0.50078125 0.09140625 0.12265625
2 0.540625 0.37578125 0.69453125 0.50625
2 0.36171875 0.709375 0.35234375 0.1609375
2 0.39140625 0.55859375 0.46875 0.5171875
1 0.040625 0.51171875 0.0578125 0.05546875
2 0.44765625 0.503125 0.08359375 0.07109375
2 0.39609375 0.47109375 0.0390625 0.02890625
1 0.38125 0.4703125 0.0546875 0.05390625
2 0.40703125 0.5671875 0.18984375 0.18203125
2 0.340625 0.49375 0.05078125 0.07109375
6 0.37265625 0.53828125 0.08203125 0.09921875
6 0.428125 0.57265625 0.13359375 0.1625
6 0.453125 0.571875 0.10546875 0.1203125
6 0.4 0.59140625 0.15390625 0.12734375
1 0.83203125 0.4625 0.1203125 0.3609375
1 0.6828125 0.42890625 0.053125 0.07734375
1 0.5140625 0.7171875 0.0578125 0.11953125