1 0.66953125 0.0953125 0.03046875 0.03671875
8 0.696875 0.178125 0.20390625 0.22734375
6 0.8 0.2734375 0.084375 0.09296875
8 0.5171875 0.31796875 0.19765625 0.3703125
8 0.33125 0.7328125 0.15234375 0.1984375
8 0.84375 0.37109375 0.1671875 0.296875
2 0.36953125 0.390625 0.0859375 0.06953125
2 0.39921875 0.3953125 0.07890625 0.0734375
7 0.3609375 0.42265625 0.06796875 0.0328125
8 0.41953125 0.4953125 0.19609375 0.37265625
8 0.1921875 0.47265625 0.2703125 0.49609375
6 0.22734375 0.3015625 0.1453125 0.0984375
6 0.1625 0.315625 0.084375 0.0890625
6 0.225 0.35546875 0.04921875 0.0359375
8 0.69140625 0.37890625 0.178125 0.34609375
6 0.86328125 0.28515625 0.0328125 0.09609375
6 0.90625 0.28671875 0.0421875 0.034375
6 0.796875 0.36015625 0.0578125 0.13046875
6 0.825 0.39296875 0.08671875 0.10859375
2 0.1765625 0.771875 0.159375 0.17109375
2 0.72265625 0.54375 0.0453125 0.05
8 0.51640625 0.15703125 0.0890625 0.04921875
6 0.82578125 0.07890625 0.1375 0.15703125