5 0.4953125 0.70234375 0.23515625 0.17734375
1 0.72265625 0.584375 0.18359375 0.14609375
3 0.67265625 0.6796875 0.13984375 0.1046875
8 0.70078125 0.515625 0.18203125 0.0453125
1 0.22421875 0.65625 0.20234375 0.0875
1 0.32421875 0.53671875 0.0390625 0.02734375
5 0.2390625 0.57734375 0.253125 0.0765625
4 0.03359375 0.7140625 0.0671875 0.3328125
6 0.1828125 0.2078125 0.365625 0.171875
6 0.1921875 0.07265625 0.384375 0.1453125
1 0.72265625 0.621875 0.04765625 0.03828125
1 0.68515625 0.61875 0.0453125 0.06015625