2 0.33671875 0.69609375 0.28125 0.18125
2 0.31640625 0.525 0.3015625 0.32578125
2 0.81953125 0.41015625 0.0578125 0.22578125
2 0.5984375 0.22734375 0.23984375 0.1453125
2 0.59453125 0.19609375 0.19921875 0.15625
2 0.73984375 0.40625 0.0734375 0.05625
2 0.59140625 0.29453125 0.28828125 0.26171875
2 0.66640625 0.4765625 0.23125 0.165625
2 0.64375 0.55703125 0.42265625 0.3703125
2 0.58984375 0.734375 0.2453125 0.3328125
2 0.52578125 0.66484375 0.0390625 0.0625
2 0.59296875 0.61015625 0.2171875 0.19375
2 0.65078125 0.6984375 0.07265625 0.01484375
2 0.74609375 0.4515625 0.01484375 0.0625
2 0.76484375 0.28828125 0.15234375 0.24921875
2 0.3328125 0.35234375 0.2453125 0.25390625