7 0.20234375 0.74453125 0.36875 0.34140625
2 0.63046875 0.70390625 0.5375 0.315625
2 0.56640625 0.66171875 0.06484375 0.1796875
2 0.82421875 0.62109375 0.0328125 0.08046875
2 0.68359375 0.70859375 0.278125 0.0984375
3 0.69765625 0.7359375 0.0609375 0.03046875
3 0.653125 0.7328125 0.05625 0.028125
2 0.61640625 0.6859375 0.0359375 0.028125
3 0.6453125 0.70703125 0.09453125 0.05078125
2 0.58359375 0.6734375 0.0359375 0.1171875
3 0.70078125 0.7046875 0.1421875 0.06796875
3 0.7484375 0.6828125 0.109375 0.05
2 0.6984375 0.68125 0.096875 0.0328125
2 0.7125 0.6484375 0.24453125 0.0625
2 0.4859375 0.63828125 0.18359375 0.26484375
2 0.6703125 0.5265625 0.296875 0.27109375
2 0.73125 0.39140625 0.1234375 0.11640625
2 0.7296875 0.3640625 0.05703125 0.16328125
2 0.56796875 0.46328125 0.0546875 0.0953125
2 0.3125 0.55703125 0.24921875 0.1828125
2 0.265625 0.55625 0.06484375 0.021875
2 0.31953125 0.53203125 0.12109375 0.07265625
2 0.37109375 0.43515625 0.10859375 0.09140625
2 0.42421875 0.47265625 0.14453125 0.13671875
6 0.48359375 0.46875 0.0515625 0.05078125
8 0.02578125 0.503125 0.0515625 0.03359375
8 0.05078125 0.77734375 0.1015625 0.28515625
2 0.1 0.56640625 0.2 0.15390625
6 0.06328125 0.62734375 0.1265625 0.08671875
8 0.2015625 0.69140625 0.28125 0.1828125
2 0.4484375 0.459375 0.0875 0.07421875
2 0.63125 0.36328125 0.17421875 0.1890625
2 0.76875 0.3796875 0.04375 0.12265625
1 0.9 0.75625 0.11484375 0.22109375