8 0.01953125 0.52734375 0.0390625 0.1234375
8 0.1328125 0.5390625 0.21953125 0.20546875
2 0.64453125 0.21015625 0.33515625 0.15703125
2 0.8515625 0.9234375 0.24453125 0.153125
2 0.97265625 0.884375 0.05390625 0.178125
2 0.97734375 0.9734375 0.0453125 0.05234375
2 0.66015625 0.828125 0.29765625 0.16171875
2 0.36953125 0.70546875 0.3453125 0.3171875
8 0.23203125 0.61484375 0.31015625 0.23515625
2 0.3921875 0.67890625 0.2125 0.1734375
2 0.40625 0.65546875 0.1171875 0.1015625
2 0.41875 0.68984375 0.07265625 0.025
2 0.3484375 0.7 0.11171875 0.08046875
2 0.70546875 0.69140625 0.5453125 0.359375
2 0.671875 0.81015625 0.1921875 0.10390625
2 0.95390625 0.7734375 0.09140625 0.06015625
2 0.66953125 0.45234375 0.4546875 0.3484375
2 0.94375 0.6484375 0.11171875 0.2515625
2 0.7796875 0.625 0.05234375 0.0375
2 0.86328125 0.5984375 0.18046875 0.13671875