8 0.26171875 0.15234375 0.26328125 0.18828125
3 0.8484375 0.29765625 0.0890625 0.06640625
3 0.734375 0.6109375 0.16171875 0.1234375
3 0.84453125 0.56875 0.15390625 0.1375
3 0.73359375 0.4984375 0.1015625 0.0828125
1 0.5625 0.54453125 0.1515625 0.09453125
3 0.6484375 0.43515625 0.17890625 0.09921875
8 0.95703125 0.3140625 0.08515625 0.07109375
2 0.77421875 0.28125 0.13984375 0.1140625
1 0.75078125 0.2359375 0.0859375 0.04765625
8 0.38203125 0.42421875 0.7640625 0.4796875
6 0.096875 0.55859375 0.1 0.071875
6 0.878125 0.39296875 0.19140625 0.18046875
1 0.37578125 0.95 0.14140625 0.1
3 0.63515625 0.73828125 0.16484375 0.115625
1 0.0421875 0.6765625 0.084375 0.04453125