6 0.6109375 0.2171875 0.1375 0.0609375
6 0.57109375 0.253125 0.0671875 0.0671875
6 0.53203125 0.221875 0.0453125 0.03359375
2 0.5984375 0.1640625 0.17265625 0.0609375
2 0.4765625 0.19921875 0.0859375 0.03046875
2 0.5 0.16875 0.06328125 0.03671875
2 0.44453125 0.103125 0.1890625 0.10703125
2 0.375 0.46484375 0.09296875 0.05859375
3 0.29609375 0.453125 0.1203125 0.1078125
8 0.2609375 0.68828125 0.48671875 0.40703125
6 0.2859375 0.525 0.06875 0.05625
6 0.365625 0.54765625 0.1015625 0.09296875
2 0.28828125 0.615625 0.30390625 0.165625
2 0.8953125 0.53359375 0.034375 0.02734375
6 0.77421875 0.35078125 0.09375 0.10390625
2 0.72109375 0.25390625 0.10234375 0.08984375
6 0.63359375 0.28828125 0.15703125 0.1375
2 0.3796875 0.028125 0.078125 0.05625
6 0.30703125 0.01875 0.11328125 0.0375
6 0.7140625 0.3625 0.07578125 0.05859375
2 0.27890625 0.03984375 0.12421875 0.0796875
6 0.2703125 0.05234375 0.13203125 0.0875
2 0.41875 0.2625 0.275 0.10546875
8 0.3296875 0.1671875 0.24609375 0.18828125
6 0.6484375 0.36171875 0.09921875 0.0515625
2 0.17890625 0.26875 0.35703125 0.12734375
8 0.11640625 0.49921875 0.23203125 0.30625
6 0.63046875 0.77890625 0.25 0.1421875
2 0.6421875 0.89921875 0.46328125 0.20078125
2 0.66796875 0.6796875 0.209375 0.165625
8 0.6609375 0.540625 0.19609375 0.20234375
2 0.77265625 0.5984375 0.234375 0.24609375
8 0.809375 0.44453125 0.38125 0.18828125
2 0.6390625 0.51015625 0.11015625 0.05859375
8 0.13046875 0.04765625 0.26015625 0.0953125
2 0.0546875 0.078125 0.109375 0.140625
6 0.0796875 0.18125 0.159375 0.07734375
8 0.08203125 0.4359375 0.1640625 0.31796875
6 0.353125 0.60078125 0.1171875 0.11640625
6 0.39140625 0.54921875 0.05703125 0.04453125
2 0.465625 0.37890625 0.33984375 0.275
6 0.37421875 0.2203125 0.040625 0.053125
6 0.409375 0.14140625 0.1875 0.08984375
2 0.59765625 0.16875 0.084375 0.02421875
6 0.2625 0.6296875 0.24375 0.15390625
8 0.38984375 0.18984375 0.090625 0.0640625