2 0.56328125 0.74140625 0.31484375 0.50078125
2 0.5671875 0.27109375 0.3 0.49453125
2 0.5859375 0.69609375 0.24609375 0.33984375
4 0.55703125 0.89453125 0.09296875 0.06953125
4 0.59453125 0.11484375 0.12578125 0.08359375
1 0.6171875 0.22734375 0.02578125 0.03828125
1 0.6171875 0.27578125 0.02578125 0.03671875
1 0.6171875 0.32265625 0.0265625 0.03828125
1 0.6171875 0.36953125 0.02734375 0.03828125
1 0.6171875 0.46640625 0.0296875 0.03984375
1 0.61796875 0.4171875 0.02890625 0.03828125
1 0.45859375 0.67890625 0.01484375 0.14296875
6 0.6203125 0.3484375 0.1546875 0.3140625