2 0.24296875 0.8234375 0.4859375 0.35
2 0.8859375 0.4765625 0.2265625 0.29296875
2 0.63359375 0.42578125 0.2546875 0.20625
2 0.6625 0.60703125 0.5515625 0.2328125
1 0.35390625 0.6578125 0.11328125 0.0296875
2 0.1703125 0.66796875 0.340625 0.14375
2 0.29375 0.2609375 0.4171875 0.15078125
2 0.4625 0.3296875 0.0546875 0.0453125
2 0.353125 0.45390625 0.44140625 0.2453125
1 0.23984375 0.40703125 0.08203125 0.10078125
2 0.1359375 0.27421875 0.11640625 0.0453125
2 0.4140625 0.05703125 0.13671875 0.059375
2 0.18359375 0.19609375 0.21640625 0.1140625
2 0.30703125 0.16171875 0.05625 0.07578125
1 0.29765625 0.0703125 0.115625 0.08984375
1 0.28359375 0.08828125 0.10625 0.06953125
1 0.27578125 0.09921875 0.10546875 0.07109375
1 0.2671875 0.109375 0.11015625 0.071875
1 0.259375 0.12109375 0.109375 0.071875
1 0.2515625 0.13359375 0.11015625 0.06953125
1 0.24765625 0.14453125 0.10390625 0.0640625
1 0.24375 0.1546875 0.10546875 0.06953125
1 0.23515625 0.15859375 0.11015625 0.0671875
1 0.2296875 0.1671875 0.10546875 0.06875
1 0.2203125 0.178125 0.11640625 0.07578125
3 0.21875 0.18203125 0.09609375 0.06875
3 0.21015625 0.2078125 0.103125 0.06484375
3 0.2046875 0.2328125 0.10703125 0.07109375
2 0.58125 0.09921875 0.18125 0.1984375
2 0.81328125 0.19921875 0.0875 0.0265625
8 0.13359375 0.0734375 0.2671875 0.146875
8 0.0484375 0.1609375 0.096875 0.309375
2 0.13515625 0.33984375 0.2703125 0.13984375
2 0.13359375 0.54375 0.2671875 0.315625
1 0.3515625 0.45703125 0.24375 0.40234375
1 0.43125 0.93046875 0.32890625 0.13828125
1 0.103125 0.9828125 0.20625 0.03125
2 0.8703125 0.80859375 0.25859375 0.3
2 0.809375 0.95859375 0.31328125 0.08125
1 0.496875 0.72890625 0.04921875 0.0265625