7 0.89375 0.09296875 0.209375 0.1859375
3 0.88671875 0.70625 0.22578125 0.071875
1 0.72890625 0.5453125 0.09296875 0.05546875
6 0.23671875 0.73515625 0.2375 0.14140625
1 0.071875 0.653125 0.14375 0.121875
1 0.04140625 0.6640625 0.0828125 0.115625
8 0.021875 0.28359375 0.04296875 0.1953125
7 0.10859375 0.340625 0.1375 0.13671875
1 0.03671875 0.578125 0.07265625 0.04296875
8 0.56015625 0.6125 0.659375 0.35
8 0.25703125 0.4640625 0.46171875 0.29375
2 0.04765625 0.4984375 0.09453125 0.16171875
8 0.53125 0.43828125 0.18125 0.16640625
2 0.46796875 0.41796875 0.0703125 0.04765625
1 0.39296875 0.28984375 0.37265625 0.21953125