1 0.24140625 0.15859375 0.13359375 0.1015625
1 0.13828125 0.1078125 0.1859375 0.215625
1 0.1 0.12421875 0.2 0.2140625
1 0.071875 0.22421875 0.14296875 0.28828125
4 0.16953125 0.4609375 0.109375 0.47734375
2 0.77109375 0.40625 0.45703125 0.12109375
2 0.746875 0.3546875 0.390625 0.11171875
6 0.328125 0.73984375 0.0640625 0.059375
8 0.4375 0.5265625 0.52890625 0.4859375
8 0.33203125 0.36796875 0.45078125 0.33359375
6 0.33515625 0.86015625 0.14296875 0.26640625
0 0.24375 0.72421875 0.04375 0.18984375
8 0.23515625 0.81796875 0.0890625 0.1015625
6 0.3328125 0.91640625 0.1421875 0.1671875
6 0.27421875 0.9203125 0.21171875 0.159375
8 0.87109375 0.78984375 0.2578125 0.41953125
1 0.578125 0.84140625 0.58125 0.3171875
8 0.49921875 0.86015625 0.1796875 0.24296875
8 0.48359375 0.93125 0.16484375 0.1375