2 0.5328125 0.14921875 0.18515625 0.1421875
3 0.4265625 0.0578125 0.0671875 0.06875
8 0.60546875 0.2578125 0.02890625 0.0859375
8 0.70546875 0.3421875 0.1609375 0.1078125
1 0.58125 0.29140625 0.17734375 0.090625
1 0.325 0.18125 0.17109375 0.1609375
3 0.365625 0.24765625 0.0546875 0.04296875
6 0.3453125 0.24453125 0.02734375 0.04296875
2 0.153125 0.0484375 0.06328125 0.06796875
8 0.115625 0.046875 0.0390625 0.0390625
2 0.04921875 0.3265625 0.0984375 0.0875
2 0.125 0.28984375 0.078125 0.09296875
2 0.62109375 0.56328125 0.2984375 0.53203125
8 0.584375 0.54765625 0.05625 0.096875
3 0.62109375 0.6171875 0.0421875 0.06015625
8 0.5640625 0.51328125 0.02421875 0.03515625
2 0.19375 0.30078125 0.08984375 0.14375
2 0.3484375 0.46953125 0.32890625 0.55625
3 0.340625 0.540625 0.05390625 0.08515625
8 0.35078125 0.46953125 0.08125 0.0859375
8 0.396875 0.46328125 0.06875 0.08203125
6 0.4453125 0.48203125 0.04375 0.09765625
2 0.403125 0.41953125 0.03046875 0.11328125
8 0.46484375 0.53046875 0.040625 0.040625
8 0.4046875 0.52734375 0.09296875 0.0890625
8 0.43984375 0.42109375 0.0484375 0.0546875
8 0.3859375 0.328125 0.06484375 0.1484375
4 0.4328125 0.3734375 0.05234375 0.05625
5 0.4 0.31171875 0.0453125 0.07734375
2 0.2796875 0.5546875 0.07578125 0.12578125
6 0.26328125 0.41953125 0.0953125 0.221875
8 0.32890625 0.3671875 0.14375 0.23203125
3 0.23515625 0.33046875 0.046875 0.04921875
6 0.23671875 0.3015625 0.0640625 0.06484375
2 0.04375 0.28359375 0.084375 0.0609375
2 0.03359375 0.253125 0.03828125 0.0203125
3 0.015625 0.11015625 0.03125 0.05234375
2 0.04453125 0.15390625 0.08828125 0.10546875
6 0.14921875 0.22109375 0.0515625 0.05
8 0.10625 0.1828125 0.1921875 0.15625
6 0.76875 0.5265625 0.20390625 0.3078125
1 0.04375 0.36015625 0.0875 0.1171875
1 0.10078125 0.35390625 0.20078125 0.02578125
2 0.19375 0.09453125 0.09921875 0.06796875
2 0.13828125 0.0640625 0.0375 0.0515625
1 0.3375 0.15234375 0.03515625 0.04765625
8 0.6359375 0.3640625 0.0234375 0.0359375
8 0.91484375 0.40703125 0.16953125 0.15546875
2 0.7265625 0.146875 0.18984375 0.153125
3 0.65859375 0.19375 0.040625 0.03828125
1 0.496875 0.15859375 0.0578125 0.115625
2 0.44921875 0.0171875 0.0703125 0.03359375
2 0.50078125 0.084375 0.103125 0.121875
3 0.43515625 0.10234375 0.0390625 0.028125
1 0.43984375 0.09140625 0.0296875 0.07734375
2 0.44375 0.0140625 0.0453125 0.028125
6 0.2671875 0.02734375 0.06171875 0.046875
3 0.2875 0.05078125 0.0375 0.03359375
2 0.2875 0.1015625 0.12421875 0.084375
6 0.29296875 0.0125 0.08203125 0.02421875
2 0.62265625 0.0484375 0.11171875 0.09609375
1 0.54296875 0.6875 0.24921875 0.32890625
1 0.5234375 0.1640625 0.30078125 0.2125
1 0.93515625 0.4609375 0.1296875 0.04453125
8 0.50078125 0.053125 0.0375 0.0265625
1 0.61484375 0.7859375 0.03828125 0.03359375