8 0.52265625 0.47265625 0.0640625 0.14453125
8 0.5703125 0.44921875 0.11484375 0.159375
8 0.4453125 0.6484375 0.2046875 0.440625
10 0.484375 0.43125 0.0578125 0.0453125
8 0.31796875 0.2796875 0.42421875 0.47734375
7 0.12890625 0.1453125 0.06640625 0.0546875
2 0.18828125 0.97578125 0.12421875 0.04765625
2 0.0640625 0.978125 0.08671875 0.0421875
2 0.028125 0.9578125 0.05625 0.08359375
8 0.18203125 0.71328125 0.36328125 0.57265625
8 0.68359375 0.36640625 0.140625 0.14453125
6 0.675 0.31015625 0.034375 0.06171875
1 0.66796875 0.34765625 0.04765625 0.04453125
8 0.7375 0.69765625 0.4234375 0.60390625