8 0.24375 0.49921875 0.378125 0.27265625
2 0.53203125 0.22265625 0.0625 0.02890625
8 0.0875 0.85234375 0.175 0.2953125
8 0.33359375 0.28515625 0.12890625 0.16015625
8 0.36796875 0.6625 0.07109375 0.0546875
1 0.3328125 0.81640625 0.0390625 0.03125
1 0.4875 0.234375 0.18515625 0.0375
1 0.603125 0.31015625 0.6375 0.203125
1 0.57265625 0.35859375 0.53984375 0.07578125
1 0.56015625 0.475 0.678125 0.22109375
1 0.6140625 0.32421875 0.36953125 0.20078125
1 0.5921875 0.51484375 0.2078125 0.20703125
3 0.678125 0.22109375 0.0546875 0.0359375
3 0.675 0.20390625 0.03984375 0.0140625