6 0.2203125 0.54296875 0.0796875 0.0875
6 0.2046875 0.5015625 0.1375 0.1671875
6 0.57421875 0.3984375 0.27421875 0.12890625
6 0.40859375 0.31015625 0.3046875 0.23828125
6 0.4 0.47734375 0.1703125 0.10859375
6 0.3609375 0.21328125 0.19453125 0.0921875
6 0.35 0.340625 0.2125 0.12109375
6 0.246875 0.4390625 0.18046875 0.16640625
8 0.33359375 0.325 0.31328125 0.125
6 0.30625 0.28515625 0.21953125 0.13828125
5 0.2390625 0.6234375 0.13984375 0.0921875
6 0.3671875 0.57890625 0.20703125 0.2328125
6 0.3453125 0.63203125 0.16953125 0.209375
6 0.31953125 0.5390625 0.09453125 0.06015625
6 0.5734375 0.5734375 0.296875 0.22890625
6 0.71953125 0.653125 0.10859375 0.11015625