2 0.15390625 0.29765625 0.2625 0.27421875
2 0.69765625 0.0953125 0.11171875 0.18984375
2 0.13125 0.13671875 0.2625 0.2734375
2 0.56875 0.1296875 0.21484375 0.25859375
2 0.3703125 0.11953125 0.2890625 0.23828125
1 0.1546875 0.596875 0.309375 0.36640625
1 0.13203125 0.571875 0.2640625 0.23359375
2 0.51796875 0.5484375 0.31796875 0.17890625
2 0.14140625 0.56171875 0.2828125 0.2390625
2 0.653125 0.440625 0.09453125 0.08359375
2 0.61015625 0.75625 0.453125 0.4390625
2 0.43828125 0.47578125 0.36328125 0.2546875
1 0.096875 0.27890625 0.12265625 0.0359375
2 0.5 0.37265625 0.6453125 0.3140625
2 0.0890625 0.10390625 0.17734375 0.12421875