2 0.24140625 0.44921875 0.18671875 0.3171875
2 0.39296875 0.81015625 0.76328125 0.3796875
2 0.68515625 0.7984375 0.059375 0.14921875
2 0.45390625 0.7390625 0.6203125 0.26640625
2 0.45234375 0.60859375 0.45 0.36953125
2 0.58046875 0.47265625 0.528125 0.42890625
2 0.528125 0.39296875 0.434375 0.1140625
2 0.34921875 0.42890625 0.159375 0.21015625
2 0.5375 0.50234375 0.371875 0.31875
2 0.70390625 0.46875 0.2109375 0.15390625
1 0.09453125 0.57734375 0.1890625 0.4015625
1 0.2015625 0.30859375 0.403125 0.2125