2 0.61171875 0.61953125 0.0953125 0.27890625
2 0.45625 0.66484375 0.3484375 0.31171875
2 0.04375 0.44453125 0.0875 0.15078125
2 0.2046875 0.5015625 0.0328125 0.03984375
2 0.25859375 0.515625 0.1125 0.3015625
2 0.3421875 0.44765625 0.0296875 0.08359375
2 0.31875 0.5203125 0.0859375 0.3109375
2 0.3453125 0.4390625 0.01953125 0.0515625
2 0.3609375 0.56796875 0.05546875 0.22109375
2 0.53515625 0.64375 0.0625 0.1265625
2 0.49296875 0.640625 0.0484375 0.12109375
2 0.4578125 0.61953125 0.0734375 0.09296875
2 0.43046875 0.62265625 0.09453125 0.1109375
2 0.65546875 0.5234375 0.04453125 0.2078125
2 0.5421875 0.375 0.4015625 0.42578125
2 0.40625 0.20078125 0.04609375 0.14375
2 0.465625 0.1890625 0.1078125 0.05
2 0.7125 0.19140625 0.115625 0.25078125
2 0.65 0.15625 0.09921875 0.14609375
2 0.584375 0.19296875 0.13828125 0.07109375
1 0.46796875 0.88984375 0.40859375 0.2203125
1 0.221875 0.85625 0.44296875 0.28671875
1 0.15390625 0.75078125 0.3078125 0.4984375