8 0.1890625 0.28671875 0.153125 0.2296875
8 0.91953125 0.42890625 0.05078125 0.0734375
2 0.11953125 0.6734375 0.10625 0.1953125
2 0.1046875 0.54140625 0.0796875 0.09375
6 0.09375 0.6046875 0.0390625 0.0578125
2 0.11015625 0.6515625 0.028125 0.0578125
6 0.134375 0.6171875 0.05 0.11015625
2 0.3734375 0.55625 0.0484375 0.11015625
8 0.24765625 0.56953125 0.240625 0.4328125
2 0.38046875 0.57890625 0.02890625 0.0578125
3 0.3 0.7796875 0.0390625 0.04140625
2 0.56953125 0.2640625 0.06953125 0.096875
8 0.53984375 0.3 0.05625 0.0734375
8 0.6375 0.43203125 0.1828125 0.23046875
2 0.72734375 0.12890625 0.0890625 0.16953125
2 0.71796875 0.203125 0.0734375 0.0765625
2 0.67734375 0.2734375 0.15078125 0.16484375
2 0.7828125 0.46796875 0.25 0.37578125
2 0.5078125 0.69609375 0.5125 0.4640625
2 0.6578125 0.7453125 0.0484375 0.040625
2 0.653125 0.703125 0.06484375 0.0609375
2 0.52265625 0.78515625 0.31875 0.3296875
2 0.5265625 0.69921875 0.24765625 0.04765625
2 0.53671875 0.64140625 0.29296875 0.13046875
2 0.5953125 0.11796875 0.18828125 0.2078125
2 0.38828125 0.45703125 0.39296875 0.296875
8 0.3984375 0.2515625 0.29921875 0.503125
2 0.58203125 0.5890625 0.2078125 0.12578125
2 0.8 0.3109375 0.18828125 0.30703125
8 0.0203125 0.7 0.040625 0.09453125
2 0.0640625 0.7953125 0.10703125 0.053125