8 0.41953125 0.12578125 0.1859375 0.2515625
8 0.3390625 0.16796875 0.08671875 0.13203125
8 0.27109375 0.31796875 0.18515625 0.43515625
1 0.54296875 0.22421875 0.1015625 0.17890625
8 0.4515625 0.29140625 0.0953125 0.121875
8 0.4921875 0.41015625 0.0453125 0.20625
8 0.375 0.4640625 0.22734375 0.4921875
1 0.61875 0.19765625 0.11484375 0.1765625
1 0.725 0.26484375 0.10390625 0.11328125
8 0.9015625 0.53671875 0.14453125 0.31640625
8 0.92890625 0.69609375 0.14140625 0.14453125
8 0.58515625 0.39921875 0.18671875 0.31796875
8 0.90546875 0.84296875 0.18828125 0.3125
8 0.746875 0.4734375 0.26640625 0.32890625
8 0.66328125 0.75234375 0.39921875 0.49453125
8 0.51171875 0.9515625 0.1171875 0.0953125
6 0.75234375 0.340625 0.15546875 0.103125
1 0.54140625 0.48828125 0.12578125 0.19765625
2 0.5890625 0.31015625 0.05546875 0.01875
1 0.3765625 0.21171875 0.0359375 0.0734375
1 0.57421875 0.1953125 0.028125 0.05390625
1 0.6171875 0.1296875 0.04140625 0.02109375
1 0.71875 0.2515625 0.0640625 0.0546875
3 0.428125 0.6046875 0.04765625 0.07109375
3 0.3890625 0.5875 0.04140625 0.13515625
3 0.34921875 0.60703125 0.046875 0.15390625