2 0.47734375 0.66953125 0.52578125 0.2953125
2 0.60546875 0.5125 0.1203125 0.09140625
2 0.64921875 0.38359375 0.07578125 0.165625
2 0.46171875 0.4609375 0.315625 0.16875
2 0.4671875 0.30546875 0.43671875 0.24765625
2 0.55078125 0.18046875 0.25 0.1390625
2 0.3609375 0.2109375 0.11796875 0.04375
2 0.3828125 0.2046875 0.03046875 0.01796875
2 0.534375 0.18984375 0.22421875 0.1171875
2 0.46875 0.1984375 0.096875 0.04375
2 0.52421875 0.2515625 0.2515625 0.11796875
2 0.315625 0.240625 0.028125 0.0265625
2 0.446875 0.23671875 0.253125 0.0765625
2 0.596875 0.30703125 0.01640625 0.05
2 0.40625 0.5 0.27734375 0.1640625
2 0.4609375 0.671875 0.3890625 0.22421875
1 0.64765625 0.68984375 0.03984375 0.04765625