8 0.553125 0.1828125 0.23359375 0.24375
8 0.43671875 0.409375 0.0390625 0.18046875
7 0.27109375 0.728125 0.16796875 0.11640625
7 0.30703125 0.58046875 0.2046875 0.21171875
7 0.28359375 0.51953125 0.215625 0.15859375
8 0.453125 0.63984375 0.20078125 0.35703125
8 0.44609375 0.5484375 0.03515625 0.0734375
8 0.75625 0.3484375 0.1609375 0.25703125
8 0.790625 0.54609375 0.0875 0.17421875
8 0.7390625 0.52890625 0.084375 0.2265625
8 0.6671875 0.7546875 0.26640625 0.42109375
8 0.59609375 0.40234375 0.3078125 0.30859375
2 0.53203125 0.32109375 0.03203125 0.0453125
6 0.58828125 0.28984375 0.07421875 0.0765625