7 0.73671875 0.07109375 0.4375 0.14140625
2 0.9078125 0.06875 0.184375 0.1375
1 0.546875 0.09140625 0.1875 0.11328125
2 0.85546875 0.209375 0.28828125 0.378125
1 0.8125 0.4265625 0.375 0.27109375
6 0.775 0.4515625 0.17265625 0.13828125
6 0.646875 0.4015625 0.0734375 0.03046875
2 0.44453125 0.32578125 0.25703125 0.20859375
8 0.5875 0.38515625 0.10859375 0.1375
2 0.6421875 0.26875 0.31640625 0.31171875
2 0.69765625 0.47421875 0.6046875 0.2140625
2 0.53671875 0.178125 0.17421875 0.1140625
1 0.5078125 0.2296875 0.1359375 0.16953125
2 0.6703125 0.6328125 0.6578125 0.57890625
1 0.40859375 0.37734375 0.12265625 0.12734375
8 0.303125 0.83828125 0.60546875 0.3234375
6 0.34296875 0.84609375 0.3140625 0.06171875
1 0.35390625 0.79609375 0.371875 0.2203125