2 0.63046875 0.17890625 0.29921875 0.175
8 0.47734375 0.19921875 0.02421875 0.08125
2 0.55390625 0.5046875 0.5140625 0.6078125
1 0.68828125 0.5828125 0.10625 0.11796875
3 0.70078125 0.321875 0.2921875 0.2859375
2 0.66875 0.37890625 0.20546875 0.3109375
2 0.64140625 0.425 0.20625 0.1984375
2 0.5984375 0.453125 0.2234375 0.21796875
2 0.5140625 0.37421875 0.0484375 0.04296875
8 0.50234375 0.3125 0.2796875 0.24609375
2 0.63046875 0.540625 0.13359375 0.10546875
2 0.48828125 0.44609375 0.15703125 0.1265625
3 0.621875 0.5515625 0.0625 0.05390625
3 0.571875 0.51953125 0.0375 0.03203125
2 0.5140625 0.4984375 0.28203125 0.2265625
2 0.5078125 0.53359375 0.4015625 0.290625
8 0.428125 0.89609375 0.21328125 0.20703125