1 0.07734375 0.05703125 0.13359375 0.1140625
8 0.8203125 0.59296875 0.178125 0.0984375
8 0.17578125 0.13671875 0.3515625 0.2734375
8 0.75703125 0.72265625 0.30546875 0.2828125
8 0.70234375 0.5828125 0.146875 0.078125
8 0.51015625 0.103125 0.378125 0.20625
8 0.31328125 0.56953125 0.6265625 0.7046875
8 0.8640625 0.3421875 0.121875 0.1203125
8 0.87109375 0.40390625 0.08671875 0.05234375
6 0.87734375 0.4703125 0.115625 0.17265625
8 0.796875 0.3390625 0.40546875 0.67734375
6 0.29765625 0.28046875 0.24140625 0.4203125
8 0.3984375 0.46953125 0.60390625 0.85703125
8 0.7578125 0.815625 0.325 0.36875
8 0.64609375 0.8328125 0.121875 0.33359375
8 0.5875 0.84375 0.18125 0.3125
8 0.47734375 0.8875 0.25703125 0.21640625