8 0.375 0.34140625 0.103125 0.1171875
8 0.4 0.37109375 0.10234375 0.15234375
8 0.28984375 0.321875 0.09140625 0.146875
8 0.2796875 0.24296875 0.10546875 0.09765625
8 0.671875 0.053125 0.13046875 0.10625
2 0.77890625 0.021875 0.03671875 0.04375
2 0.6984375 0.1171875 0.03359375 0.0703125
2 0.71484375 0.1109375 0.03671875 0.06875
8 0.61953125 0.16171875 0.1296875 0.2203125
2 0.32265625 0.40859375 0.0625 0.078125
2 0.5375 0.31171875 0.23203125 0.15390625
8 0.190625 0.371875 0.20859375 0.46796875
8 0.07734375 0.40625 0.1546875 0.47890625
8 0.225 0.73359375 0.28359375 0.37578125
8 0.33359375 0.54765625 0.1640625 0.29375
8 0.57265625 0.66640625 0.45625 0.65703125
6 0.15703125 0.18203125 0.1234375 0.15078125
8 0.30859375 0.1328125 0.1640625 0.2203125
2 0.778125 0.5203125 0.06484375 0.125
2 0.7984375 0.27578125 0.34140625 0.4328125
2 0.803125 0.13203125 0.1953125 0.2640625
1 0.72265625 0.1890625 0.040625 0.040625
2 0.76484375 0.09140625 0.08828125 0.11328125
2 0.44453125 0.1921875 0.2625 0.25078125
2 0.52265625 0.25234375 0.175 0.1796875
6 0.896875 0.06953125 0.075 0.11484375
1 0.86953125 0.01796875 0.0234375 0.03515625
6 0.28359375 0.4296875 0.04609375 0.04140625
6 0.75703125 0.03671875 0.040625 0.0375
6 0.38828125 0.3296875 0.01328125 0.03984375