2 0.5 0.51015625 0.803125 0.6109375
5 0.46328125 0.321875 0.10390625 0.1515625
5 0.3765625 0.37265625 0.09609375 0.14296875
5 0.5640625 0.384375 0.1203125 0.1578125
5 0.47265625 0.40625 0.12890625 0.11328125
5 0.30625 0.4375 0.10390625 0.15234375
5 0.384375 0.4703125 0.1140625 0.11875
5 0.53125 0.49375 0.1796875 0.1421875
5 0.6265625 0.4515625 0.16484375 0.15625
4 0.68828125 0.509375 0.07265625 0.04609375
5 0.43359375 0.53515625 0.1359375 0.10703125
4 0.64453125 0.5421875 0.0921875 0.04453125
4 0.63515625 0.575 0.103125 0.0765625
4 0.5109375 0.53125 0.18515625 0.13828125
4 0.7125 0.50390625 0.08125 0.0578125
4 0.52890625 0.6140625 0.12421875 0.06484375