1 0.50859375 0.04609375 0.3609375 0.0921875
2 0.1390625 0.06875 0.090625 0.1375
2 0.05 0.01875 0.1 0.0375
1 0.20625 0.715625 0.4125 0.3125
2 0.3609375 0.37421875 0.721875 0.7484375
8 0.0734375 0.1984375 0.14609375 0.371875
8 0.2625 0.1640625 0.23515625 0.1546875
2 0.9015625 0.50703125 0.19609375 0.96953125
6 0.68125 0.321875 0.565625 0.44140625
6 0.68203125 0.75546875 0.625 0.48828125
6 0.9625 0.0234375 0.0734375 0.04453125
2 0.43359375 0.48828125 0.0765625 0.0578125
8 0.4140625 0.5375 0.2328125 0.090625
8 0.10703125 0.24375 0.0796875 0.078125
2 0.11953125 0.16328125 0.0421875 0.03984375
2 0.73125 0.52109375 0.14765625 0.0296875