2 0.58046875 0.5046875 0.40546875 0.359375
2 0.56953125 0.40234375 0.2875 0.12421875
2 0.43984375 0.3140625 0.2921875 0.2421875
2 0.3015625 0.5234375 0.284375 0.20078125
8 0.24140625 0.97578125 0.27734375 0.0484375
1 0.53984375 0.909375 0.25625 0.1484375
8 0.203125 0.678125 0.40625 0.2
8 0.43046875 0.78671875 0.43984375 0.271875
2 0.28046875 0.44296875 0.27578125 0.18984375
2 0.30390625 0.38125 0.1765625 0.06484375
2 0.26171875 0.39296875 0.25078125 0.090625
2 0.25703125 0.45859375 0.21953125 0.07578125
2 0.5078125 0.55390625 0.2328125 0.13828125
2 0.55078125 0.5125 0.25703125 0.1375
2 0.40390625 0.503125 0.1140625 0.14921875
2 0.47578125 0.2921875 0.1453125 0.15703125