8 0.3171875 0.21796875 0.04140625 0.02578125
1 0.2734375 0.465625 0.17421875 0.49921875
2 0.56328125 0.61640625 0.61015625 0.6703125
2 0.6609375 0.621875 0.06015625 0.071875
8 0.50546875 0.36484375 0.37421875 0.45078125
2 0.51015625 0.684375 0.31875 0.29296875
6 0.4796875 0.20234375 0.1609375 0.06875
6 0.33046875 0.2296875 0.04453125 0.10078125
8 0.39921875 0.22890625 0.03515625 0.05546875
6 0.38046875 0.26328125 0.096875 0.13125
6 0.4390625 0.25078125 0.05390625 0.09453125
6 0.50625 0.165625 0.06328125 0.1046875
2 0.459375 0.64296875 0.3109375 0.22421875
2 0.49921875 0.665625 0.16171875 0.1796875
2 0.47109375 0.703125 0.1640625 0.134375
2 0.71328125 0.6171875 0.12265625 0.209375
2 0.77265625 0.56328125 0.06015625 0.1046875
2 0.703125 0.70078125 0.1203125 0.2265625