2 0.43203125 0.4234375 0.18671875 0.778125
8 0.659375 0.73359375 0.32890625 0.30546875
6 0.42265625 0.321875 0.0390625 0.0890625
8 0.6015625 0.91796875 0.10546875 0.13984375
8 0.25625 0.47109375 0.3390625 0.57109375
2 0.41328125 0.14765625 0.1578125 0.13359375
2 0.759375 0.34375 0.19140625 0.3109375
2 0.434375 0.56015625 0.1203125 0.2609375
6 0.778125 0.3765625 0.04140625 0.10859375
2 0.4125 0.61484375 0.084375 0.1703125
1 0.43125 0.6203125 0.09140625 0.21328125
1 0.46484375 0.60625 0.0453125 0.01796875
1 0.46640625 0.5625 0.03515625 0.078125
1 0.740625 0.92578125 0.0328125 0.04921875
1 0.4328125 0.44453125 0.09921875 0.10546875
3 0.4515625 0.39609375 0.04453125 0.06875
8 0.57734375 0.37109375 0.4078125 0.471875