7 0.16015625 0.54921875 0.1453125 0.2484375
7 0.24765625 0.5296875 0.103125 0.24453125
7 0.33671875 0.525 0.128125 0.2421875
7 0.64296875 0.65859375 0.24453125 0.215625
7 0.89453125 0.47734375 0.1625 0.2453125
7 0.75859375 0.46015625 0.16640625 0.3015625
7 0.625 0.47734375 0.10078125 0.14296875
7 0.61875 0.4234375 0.1078125 0.08046875
7 0.634375 0.40859375 0.05078125 0.071875
7 0.58125 0.39765625 0.05234375 0.0796875
7 0.52265625 0.49453125 0.1140625 0.2328125
7 0.4296875 0.51640625 0.096875 0.21015625
7 0.46484375 0.42109375 0.1328125 0.10703125
1 0.8203125 0.3890625 0.26171875 0.040625
1 0.34296875 0.56328125 0.471875 0.1390625
1 0.3359375 0.4578125 0.45 0.08203125