7 0.11875 0.921875 0.2375 0.15625
2 0.4703125 0.8046875 0.165625 0.0875
6 0.98125 0.1515625 0.0375 0.05546875
6 0.98359375 0.11328125 0.03125 0.04921875
6 0.9875 0.071875 0.02421875 0.046875
6 0.990625 0.0265625 0.01796875 0.04765625
6 0.8640625 0.17421875 0.21328125 0.065625
6 0.86640625 0.13203125 0.2171875 0.0640625
6 0.871875 0.084375 0.22265625 0.06640625
6 0.87734375 0.03671875 0.22578125 0.065625
6 0.87734375 0.009375 0.2234375 0.01875
6 0.721875 0.29921875 0.0546875 0.04296875
6 0.71953125 0.34921875 0.03125 0.06484375
3 0.80390625 0.45703125 0.040625 0.03671875
2 0.34375 0.7765625 0.096875 0.0453125
2 0.35625 0.6109375 0.0609375 0.05078125
2 0.3484375 0.59765625 0.0609375 0.0421875
2 0.44765625 0.1890625 0.23984375 0.16875
2 0.5 0.2640625 0.453125 0.23203125
2 0.52890625 0.39609375 0.4296875 0.18046875
2 0.57109375 0.45859375 0.50234375 0.203125
2 0.340625 0.54921875 0.1265625 0.0796875
2 0.42109375 0.49375 0.26796875 0.184375
2 0.48046875 0.6609375 0.29921875 0.25078125