8 0.090625 0.36640625 0.17421875 0.32421875
8 0.278125 0.3421875 0.10625 0.13671875
2 0.6515625 0.30078125 0.4921875 0.27109375
2 0.58671875 0.41640625 0.434375 0.4203125
2 0.5484375 0.4234375 0.34140625 0.24921875
2 0.56484375 0.478125 0.29609375 0.1703125
8 0.15625 0.48984375 0.17109375 0.29296875
8 0.296875 0.51953125 0.13359375 0.29296875
2 0.42578125 0.575 0.21328125 0.35703125
8 0.4671875 0.42265625 0.06796875 0.0390625
8 0.59296875 0.65703125 0.2765625 0.428125
2 0.828125 0.6640625 0.25625 0.48125
5 0.79921875 0.48515625 0.06171875 0.053125
6 0.86484375 0.48984375 0.103125 0.10546875