2 0.3890625 0.2671875 0.2984375 0.30234375
2 0.48515625 0.62734375 0.54765625 0.53359375
8 0.5625 0.8 0.13828125 0.09609375
8 0.3703125 0.4703125 0.18984375 0.065625
2 0.7140625 0.61015625 0.0796875 0.2578125
2 0.690625 0.61171875 0.09453125 0.2875
2 0.68671875 0.61015625 0.0796875 0.26953125
2 0.68671875 0.60703125 0.0609375 0.25703125
2 0.67890625 0.609375 0.06015625 0.25546875
2 0.6390625 0.72890625 0.034375 0.05625
2 0.63515625 0.72890625 0.02578125 0.053125
2 0.628125 0.7296875 0.03125 0.053125
2 0.60234375 0.72109375 0.06015625 0.07265625
2 0.57421875 0.559375 0.23828125 0.29375
2 0.4359375 0.6328125 0.30234375 0.31328125
2 0.425 0.66640625 0.30625 0.33125
3 0.44140625 0.67578125 0.11640625 0.1046875
3 0.45 0.671875 0.096875 0.09296875
3 0.45078125 0.67734375 0.08359375 0.09140625
3 0.484375 0.6859375 0.11953125 0.10234375
3 0.4890625 0.67890625 0.11015625 0.075
5 0.40546875 0.16015625 0.14140625 0.1046875
5 0.4453125 0.21640625 0.140625 0.0984375
5 0.33515625 0.1625 0.11953125 0.115625
5 0.46640625 0.28046875 0.1484375 0.08359375
4 0.334375 0.24375 0.0984375 0.07265625
4 0.33515625 0.315625 0.0796875 0.08671875
6 0.06015625 0.03828125 0.1203125 0.07578125