2 0.4171875 0.153125 0.11640625 0.02890625
2 0.37265625 0.2015625 0.17734375 0.10546875
2 0.221875 0.21640625 0.0625 0.034375
2 0.32421875 0.3 0.2453125 0.1359375
2 0.409375 0.2265625 0.03203125 0.0421875
2 0.3203125 0.2015625 0.15234375 0.0609375
2 0.26953125 0.23671875 0.09375 0.02890625
2 0.321875 0.2375 0.16640625 0.0265625
2 0.44453125 0.21796875 0.01171875 0.05078125
2 0.4484375 0.28125 0.01328125 0.11484375
2 0.36640625 0.3609375 0.11328125 0.0078125
2 0.33203125 0.61640625 0.27890625 0.10234375
2 0.4453125 0.57890625 0.01171875 0.05390625
2 0.4640625 0.52421875 0.04609375 0.08515625
2 0.26640625 0.46328125 0.4375 0.29921875
2 0.178125 0.45625 0.0890625 0.09609375
2 0.3015625 0.43359375 0.29921875 0.17265625
2 0.0921875 0.440625 0.046875 0.0515625
2 0.26640625 0.740625 0.5328125 0.2875
2 0.38671875 0.6640625 0.0828125 0.0796875
2 0.21171875 0.70234375 0.04765625 0.03203125
2 0.28515625 0.70625 0.20703125 0.115625
2 0.27265625 0.7203125 0.13828125 0.08515625
2 0.4140625 0.71875 0.07421875 0.090625
2 0.38359375 0.72734375 0.0671875 0.0578125
8 0.290625 0.6625 0.2890625 0.19140625
2 0.3171875 0.73125 0.11875 0.0609375
2 0.6375 0.30078125 0.29453125 0.1890625
2 0.6046875 0.27109375 0.20078125 0.059375
0 0.49296875 0.4671875 0.05859375 0.04453125
2 0.5046875 0.43359375 0.0671875 0.07578125
2 0.725 0.4703125 0.02890625 0.06796875
2 0.62734375 0.42890625 0.1890625 0.07578125
2 0.69375 0.41171875 0.040625 0.0390625
2 0.67109375 0.41015625 0.01875 0.04296875
2 0.60859375 0.40625 0.125 0.05859375
2 0.6046875 0.45390625 0.184375 0.0328125
2 0.60234375 0.51015625 0.25625 0.09609375
2 0.821875 0.53359375 0.19375 0.06171875
2 0.4875 0.59140625 0.03671875 0.0671875
2 0.746875 0.6953125 0.5046875 0.37421875
2 0.7578125 0.7296875 0.1953125 0.04140625
2 0.82421875 0.6640625 0.0859375 0.1125
2 0.74453125 0.64609375 0.190625 0.1578125
1 0.6921875 0.56796875 0.05234375 0.0140625
0 0.471875 0.31875 0.0515625 0.0859375
1 0.59375 0.4171875 0.215625 0.1015625