2 0.91953125 0.55234375 0.16015625 0.18203125
2 0.9734375 0.296875 0.05234375 0.07109375
2 0.8734375 0.35234375 0.25234375 0.24453125
8 0.8640625 0.49609375 0.0796875 0.08515625
8 0.7421875 0.73828125 0.05859375 0.10234375
2 0.74765625 0.65 0.2296875 0.4125
2 0.8359375 0.48828125 0.1015625 0.1453125
2 0.30078125 0.7859375 0.6015625 0.21875
2 0.4515625 0.6546875 0.7703125 0.41328125
2 0.859375 0.41953125 0.09453125 0.09140625
2 0.58359375 0.59609375 0.625 0.51796875
2 0.4296875 0.51796875 0.859375 0.5578125
2 0.46015625 0.3421875 0.590625 0.378125
2 0.36796875 0.43828125 0.7328125 0.31640625