2 0.9421875 0.6875 0.05625 0.06171875
8 0.32890625 0.33828125 0.2515625 0.48203125
8 0.603125 0.36953125 0.2578125 0.25078125
8 0.9484375 0.509375 0.10234375 0.1671875
8 0.77109375 0.646875 0.29375 0.61171875
8 0.69921875 0.3640625 0.0359375 0.03671875
8 0.090625 0.55390625 0.18125 0.88828125
8 0.253125 0.76171875 0.22421875 0.3921875
8 0.484375 0.63671875 0.33046875 0.45390625
1 0.82109375 0.36328125 0.04375 0.07109375
2 0.8734375 0.32578125 0.08203125 0.159375
1 0.76875 0.415625 0.04921875 0.04765625
8 0.734375 0.38828125 0.03671875 0.06328125