8 0.3171875 0.24375 0.39453125 0.4078125
8 0.44765625 0.4171875 0.20078125 0.35390625
8 0.665625 0.4828125 0.309375 0.63671875
1 0.271875 0.90078125 0.04609375 0.0828125
8 0.21875 0.6765625 0.315625 0.55625
8 0.45703125 0.78125 0.2515625 0.43671875
2 0.9046875 0.7140625 0.18984375 0.2203125
2 0.85703125 0.56640625 0.03125 0.03984375
2 0.92421875 0.57578125 0.15078125 0.07265625
2 0.84921875 0.53046875 0.09609375 0.0453125
6 0.93515625 0.534375 0.1296875 0.05859375
3 0.8234375 0.571875 0.05 0.0921875
1 0.83515625 0.49765625 0.06875 0.06171875
1 0.93359375 0.5390625 0.1328125 0.09296875
1 0.9125 0.70625 0.1734375 0.2046875