8 0.72734375 0.03828125 0.08828125 0.07578125
8 0.6921875 0.0703125 0.11484375 0.140625
2 0.59453125 0.1953125 0.0265625 0.11640625
8 0.62734375 0.1921875 0.06484375 0.11640625
7 0.4203125 0.3375 0.18359375 0.11015625
7 0.7140625 0.23046875 0.15859375 0.16875
8 0.32578125 0.46328125 0.27265625 0.23359375
8 0.63515625 0.5078125 0.34921875 0.534375
2 0.3 0.71171875 0.4140625 0.57578125
7 0.41875 0.2390625 0.18984375 0.22421875
2 0.22109375 0.55 0.278125 0.253125
2 0.4109375 0.3671875 0.11796875 0.20625
7 0.66953125 0.16484375 0.02734375 0.14453125
7 0.6921875 0.15546875 0.04296875 0.17890625
7 0.7171875 0.1625 0.04609375 0.1765625
7 0.75 0.15859375 0.0625 0.19375
7 0.7609375 0.165625 0.0453125 0.165625
3 0.765625 0.22734375 0.03671875 0.04609375
8 0.75625 0.25546875 0.0421875 0.0234375
6 0.77265625 0.196875 0.0375 0.03671875