1 0.33984375 0.63046875 0.01796875 0.07734375
8 0.08671875 0.57421875 0.1734375 0.4890625
2 0.3890625 0.76484375 0.13515625 0.08359375
2 0.2515625 0.659375 0.234375 0.3125
7 0.9375 0.7015625 0.12421875 0.159375
8 0.52890625 0.08984375 0.26640625 0.1796875
1 0.15859375 0.7453125 0.0171875 0.13984375
7 0.8125 0.584375 0.1375 0.23671875
7 0.7265625 0.55234375 0.1546875 0.346875
6 0.7546875 0.634375 0.06640625 0.18515625
7 0.703125 0.56484375 0.15859375 0.3640625
8 0.58046875 0.54921875 0.25234375 0.4921875
8 0.63046875 0.56953125 0.40625 0.4484375
1 0.44375 0.6609375 0.0453125 0.0484375
8 0.66953125 0.66015625 0.09921875 0.190625
6 0.209375 0.64296875 0.09296875 0.34375
6 0.51953125 0.72578125 0.19140625 0.15078125
8 0.234375 0.22890625 0.46796875 0.4578125
6 0.2640625 0.64921875 0.1578125 0.328125