2 0.33125 0.39453125 0.07109375 0.053125
2 0.33125 0.41796875 0.06484375 0.04296875
8 0.1796875 0.53125 0.12890625 0.221875
8 0.06796875 0.4703125 0.12421875 0.08046875
8 0.09609375 0.61875 0.1921875 0.359375
6 0.1171875 0.49375 0.0453125 0.034375
8 0.19375 0.38046875 0.22265625 0.24921875
2 0.3515625 0.62578125 0.2140625 0.25546875
2 0.37265625 0.64453125 0.0734375 0.11484375
2 0.290625 0.66171875 0.09375 0.07265625
2 0.4140625 0.478125 0.06484375 0.12890625
2 0.390625 0.4296875 0.01796875 0.046875
2 0.4078125 0.43125 0.0328125 0.1203125
2 0.43359375 0.446875 0.02578125 0.08671875
2 0.60234375 0.83203125 0.25 0.05390625
2 0.51015625 0.8046875 0.2046875 0.1296875
2 0.5921875 0.81015625 0.21953125 0.0796875
2 0.45859375 0.75546875 0.0640625 0.03046875
2 0.56953125 0.60625 0.32734375 0.43828125
2 0.790625 0.53359375 0.15859375 0.31640625
2 0.77421875 0.40859375 0.01796875 0.02890625
2 0.8015625 0.43359375 0.04921875 0.26484375
2 0.875 0.475 0.0390625 0.21015625
2 0.853125 0.39453125 0.053125 0.20625
2 0.83046875 0.4546875 0.040625 0.1671875
2 0.81484375 0.403125 0.028125 0.13671875
2 0.7984375 0.478125 0.0359375 0.13046875
2 0.57421875 0.58046875 0.271875 0.38515625
2 0.46640625 0.49765625 0.015625 0.078125
2 0.41015625 0.48125 0.0265625 0.06171875
2 0.3171875 0.534375 0.21796875 0.2546875
6 0.30078125 0.4765625 0.05703125 0.075
1 0.32734375 0.53984375 0.04921875 0.05625
2 0.75390625 0.46796875 0.0671875 0.196875
2 0.771875 0.4828125 0.0859375 0.16796875