7 0.29453125 0.8171875 0.3109375 0.24921875
8 0.71875 0.50078125 0.32109375 0.15234375
2 0.64921875 0.71015625 0.540625 0.2828125
2 0.5765625 0.6015625 0.1296875 0.08046875
2 0.73046875 0.5703125 0.23828125 0.0984375
8 0.65703125 0.35625 0.44609375 0.2828125
6 0.72890625 0.546875 0.18203125 0.1625
8 0.471875 0.515625 0.2265625 0.2390625
2 0.40546875 0.3328125 0.14140625 0.21953125
2 0.46796875 0.65078125 0.0890625 0.034375
2 0.534375 0.68515625 0.23984375 0.16796875
2 0.5796875 0.66328125 0.2078125 0.0859375
2 0.7453125 0.628125 0.20546875 0.08203125
2 0.61796875 0.6921875 0.31953125 0.10703125
2 0.76328125 0.65703125 0.10625 0.034375
1 0.28359375 0.79375 0.28359375 0.19375