1 0.52734375 0.83203125 0.9453125 0.33515625
1 0.12265625 0.73203125 0.2453125 0.5359375
1 0.5 0.33359375 1 0.6671875
4 0.64296875 0.7234375 0.1640625 0.08046875
4 0.71796875 0.65703125 0.140625 0.1234375
4 0.8453125 0.5984375 0.2796875 0.2078125
4 0.51171875 0.48046875 0.153125 0.0609375
4 0.5671875 0.6125 0.1921875 0.2625
4 0.14765625 0.27421875 0.159375 0.1234375
6 0.13125 0.4546875 0.13125 0.06484375
4 0.07734375 0.3796875 0.1546875 0.209375
4 0.30703125 0.36875 0.25625 0.3046875
6 0.29375 0.6796875 0.1140625 0.0578125
6 0.284375 0.78828125 0.08515625 0.1015625
4 0.3046875 0.55859375 0.34765625 0.2375
4 0.1234375 0.5578125 0.1921875 0.159375