6 0.05859375 0.71875 0.1171875 0.18125
8 0.01640625 0.58359375 0.0328125 0.0890625
8 0.24609375 0.5953125 0.49140625 0.365625
1 0.209375 0.47890625 0.18828125 0.075
1 0.09921875 0.52734375 0.0359375 0.05
7 0.1734375 0.4375 0.346875 0.1015625
7 0.19453125 0.39453125 0.3890625 0.1234375
7 0.1890625 0.28203125 0.378125 0.2484375
1 0.11015625 0.22109375 0.2203125 0.0171875
8 0.64765625 0.74140625 0.4921875 0.51640625
8 0.6171875 0.59921875 0.2125 0.228125
1 0.60625 0.55078125 0.0796875 0.053125
1 0.63515625 0.6390625 0.28984375 0.18671875
1 0.75859375 0.66484375 0.11953125 0.1265625