2 0.14765625 0.32734375 0.1234375 0.1875
2 0.565625 0.146875 0.42421875 0.121875
2 0.4640625 0.84453125 0.30234375 0.08359375
2 0.634375 0.76171875 0.04765625 0.140625
2 0.4 0.70859375 0.52890625 0.2921875
2 0.4109375 0.71796875 0.27109375 0.0578125
2 0.44296875 0.659375 0.35859375 0.165625
2 0.59140625 0.6109375 0.5546875 0.16875
2 0.7421875 0.4953125 0.37578125 0.2484375
2 0.35 0.509375 0.63125 0.21484375
2 0.48203125 0.36796875 0.6296875 0.34140625
2 0.46640625 0.2625 0.70234375 0.3828125
2 0.21015625 0.83046875 0.096875 0.05625