8 0.21640625 0.4046875 0.33984375 0.371875
5 0.29375 0.27578125 0.05234375 0.0421875
3 0.53828125 0.4140625 0.09296875 0.05390625
8 0.78203125 0.33828125 0.3390625 0.37734375
8 0.7296875 0.53125 0.26796875 0.35078125
1 0.68359375 0.49453125 0.1453125 0.1265625
8 0.4984375 0.6125 0.37890625 0.3765625
8 0.49765625 0.48515625 0.12109375 0.059375
2 0.490625 0.4328125 0.06484375 0.02890625
4 0.45 0.509375 0.0671875 0.02734375
1 0.684375 0.18359375 0.096875 0.04140625
6 0.5609375 0.496875 0.0484375 0.02890625