1 0.90703125 0.128125 0.04921875 0.25625
2 0.92578125 0.38046875 0.14765625 0.14453125
2 0.99453125 0.39296875 0.009375 0.04296875
1 0.9734375 0.67421875 0.053125 0.08671875
1 0.94765625 0.7875 0.0390625 0.04453125
1 0.91875 0.67421875 0.07578125 0.1203125
2 0.70546875 0.85546875 0.0625 0.078125
1 0.80390625 0.8578125 0.08125 0.084375
1 0.89921875 0.7109375 0.08203125 0.12734375
2 0.7859375 0.75546875 0.15546875 0.125
2 0.871875 0.5734375 0.1359375 0.31875
2 0.559375 0.75078125 0.059375 0.08984375
6 0.565625 0.69609375 0.146875 0.10078125
6 0.56171875 0.6484375 0.14921875 0.1703125
6 0.7515625 0.76640625 0.146875 0.13828125
1 0.715625 0.7046875 0.0328125 0.02578125
2 0.6234375 0.77578125 0.12109375 0.2140625
1 0.66328125 0.725 0.11953125 0.1359375
2 0.72890625 0.63671875 0.1828125 0.1984375
2 0.5390625 0.69296875 0.15625 0.09296875
2 0.07421875 0.66875 0.1484375 0.025
1 0.02109375 0.9734375 0.0390625 0.053125
2 0.315625 0.63984375 0.33984375 0.3609375
6 0.32578125 0.609375 0.06484375 0.05390625
6 0.359375 0.5890625 0.05703125 0.06484375
6 0.41875 0.584375 0.06953125 0.1078125
6 0.3703125 0.6515625 0.028125 0.08359375
6 0.4125 0.6375 0.06875 0.10703125
6 0.25390625 0.62265625 0.09453125 0.08359375
6 0.31484375 0.6234375 0.07890625 0.08828125
6 0.2703125 0.6828125 0.08046875 0.08125
6 0.3421875 0.67578125 0.090625 0.09765625
6 0.41171875 0.68125 0.06015625 0.0875
2 0.540625 0.6390625 0.16640625 0.15234375
2 0.534375 0.61796875 0.16640625 0.1703125
2 0.52734375 0.5984375 0.17734375 0.18515625
1 0.4859375 0.58203125 0.025 0.040625
2 0.75078125 0.34765625 0.33515625 0.478125
1 0.99140625 0.9375 0.0171875 0.06015625