1 0.9328125 0.525 0.1328125 0.225
6 0.76796875 0.178125 0.18828125 0.14609375
6 0.86796875 0.25703125 0.11484375 0.0578125
3 0.93046875 0.221875 0.065625 0.0203125
2 0.54453125 0.42890625 0.06796875 0.0515625
1 0.4859375 0.4359375 0.05234375 0.028125
8 0.48359375 0.49140625 0.040625 0.05703125
8 0.071875 0.72421875 0.121875 0.08203125
3 0.95703125 0.68125 0.0859375 0.075
8 0.88671875 0.4578125 0.20390625 0.18671875
8 0.79296875 0.56796875 0.2296875 0.22734375
8 0.9484375 0.34609375 0.1 0.05234375
8 0.921875 0.27578125 0.12421875 0.10703125
8 0.96796875 0.27578125 0.0640625 0.1234375
6 0.71171875 0.2984375 0.140625 0.11875
8 0.840625 0.1359375 0.1578125 0.12578125