4 0.87734375 0.78984375 0.2 0.06875
2 0.38515625 0.71328125 0.19453125 0.0328125
2 0.3578125 0.54609375 0.40078125 0.32734375
2 0.32421875 0.528125 0.4109375 0.24609375
2 0.3515625 0.43125 0.32734375 0.17578125
8 0.68046875 0.38828125 0.134375 0.03046875
7 0.715625 0.7515625 0.28515625 0.07578125
1 0.709375 0.76953125 0.2703125 0.0359375
7 0.71328125 0.590625 0.33203125 0.31484375
1 0.52890625 0.4828125 0.071875 0.175
7 0.7046875 0.50390625 0.32578125 0.21328125
1 0.659375 0.60078125 0.06796875 0.01328125
1 0.53671875 0.52578125 0.0828125 0.1578125
8 0.51953125 0.884375 0.34140625 0.23046875
1 0.7078125 0.6984375 0.30625 0.04453125
1 0.71328125 0.62890625 0.33203125 0.034375
1 0.70703125 0.5828125 0.3296875 0.03828125
1 0.36875 0.690625 0.04296875 0.0265625