2 0.52578125 0.68125 0.3734375 0.49296875
6 0.56796875 0.77265625 0.215625 0.22890625
1 0.38203125 0.553125 0.02890625 0.059375
2 0.4984375 0.7421875 0.3203125 0.33046875
2 0.52734375 0.5625 0.3640625 0.3703125
8 0.6921875 0.15078125 0.10859375 0.2375
8 0.69921875 0.1953125 0.04609375 0.11796875
1 0.5125 0.02265625 0.07578125 0.01796875
2 0.5328125 0.3015625 0.30078125 0.5546875
2 0.60703125 0.22421875 0.03671875 0.05
2 0.52109375 0.20078125 0.146875 0.09296875
2 0.515625 0.2046875 0.15390625 0.08359375
2 0.4828125 0.2234375 0.096875 0.03515625
1 0.52421875 0.31484375 0.2765625 0.15859375
1 0.42109375 0.1640625 0.05 0.14921875
1 0.63515625 0.17734375 0.0828125 0.14453125