2 0.72890625 0.365625 0.16875 0.18203125
8 0.5375 0.2203125 0.096875 0.0703125
2 0.7 0.39140625 0.06796875 0.08203125
1 0.26171875 0.2390625 0.19765625 0.27578125
2 0.1703125 0.56953125 0.08828125 0.23828125
2 0.3 0.66640625 0.23671875 0.253125
2 0.2796875 0.47578125 0.23984375 0.38671875
2 0.3578125 0.52890625 0.17109375 0.32109375
2 0.6125 0.59921875 0.38125 0.45
2 0.5125 0.61640625 0.25390625 0.3484375
2 0.53828125 0.675 0.309375 0.384375
1 0.4828125 0.284375 0.4078125 0.20703125
2 0.51875 0.88984375 0.25390625 0.21875