8 0.37578125 0.39765625 0.03515625 0.06015625
2 0.48046875 0.50703125 0.190625 0.17890625
2 0.49296875 0.4 0.16484375 0.16171875
2 0.475 0.253125 0.2078125 0.21640625
1 0.43046875 0.26328125 0.0140625 0.03828125
1 0.4359375 0.32734375 0.01953125 0.0390625
1 0.48125 0.30390625 0.01875 0.04609375
2 0.47265625 0.1328125 0.16953125 0.23671875
2 0.28125 0.50078125 0.26171875 0.271875
1 0.14609375 0.5640625 0.10234375 0.0390625
2 0.675 0.51015625 0.20546875 0.43671875
1 0.7453125 0.61171875 0.0328125 0.0578125
8 0.5984375 0.29609375 0.02578125 0.04765625
8 0.64609375 0.30625 0.08828125 0.0390625