1 0.61796875 0.78515625 0.23359375 0.19921875
8 0.04453125 0.465625 0.0890625 0.165625
6 0.01875 0.17734375 0.0375 0.09296875
8 0.03125 0.35625 0.0625 0.21875
1 0.0421875 0.3609375 0.04765625 0.0640625
2 0.02421875 0.59921875 0.0484375 0.1078125
8 0.11875 0.30234375 0.2375 0.3640625
6 0.01796875 0.6140625 0.0359375 0.05078125
6 0.271875 0.31171875 0.0765625 0.16640625
1 0.4140625 0.5640625 0.434375 0.66484375
6 0.63046875 0.3171875 0.00859375 0.0546875
2 0.2046875 0.7171875 0.05859375 0.09453125
1 0.559375 0.33125 0.2 0.234375
1 0.44375 0.38203125 0.0953125 0.2734375
6 0.7515625 0.5671875 0.1859375 0.22734375
1 0.909375 0.52265625 0.15234375 0.19765625