8 0.6609375 0.55703125 0.3859375 0.51953125
2 0.3328125 0.721875 0.27265625 0.42578125
2 0.41171875 0.50390625 0.2546875 0.3546875
1 0.92109375 0.5609375 0.040625 0.18125
1 0.89375 0.78515625 0.06953125 0.1125
8 0.234375 0.9671875 0.0578125 0.06484375
2 0.2796875 0.971875 0.07734375 0.05546875
2 0.45703125 0.85078125 0.03515625 0.0640625
8 0.35078125 0.73359375 0.27109375 0.25859375
1 0.421875 0.70234375 0.090625 0.07109375
6 0.4078125 0.6296875 0.0609375 0.08203125
3 0.3765625 0.66953125 0.10546875 0.1359375
2 0.36953125 0.6796875 0.07890625 0.10625