2 0.38984375 0.61953125 0.58515625 0.4375
2 0.31953125 0.63046875 0.40234375 0.32109375
8 0.5953125 0.3484375 0.34765625 0.43984375
7 0.44609375 0.31796875 0.07109375 0.06484375
7 0.6390625 0.25625 0.05625 0.034375
7 0.62109375 0.22109375 0.07265625 0.0984375
7 0.6734375 0.21484375 0.0546875 0.08671875
7 0.54921875 0.2640625 0.07421875 0.05703125
7 0.5640625 0.3 0.04453125 0.03515625
7 0.46484375 0.2765625 0.0421875 0.02734375
8 0.2984375 0.640625 0.14921875 0.10078125
2 0.4265625 0.53359375 0.234375 0.2125