7 0.08046875 0.28671875 0.16015625 0.18515625
8 0.1953125 0.93125 0.38125 0.1375
2 0.5546875 0.80703125 0.41171875 0.2890625
2 0.59765625 0.73046875 0.37578125 0.26015625
2 0.665625 0.6828125 0.04140625 0.04140625
2 0.68515625 0.64296875 0.0578125 0.04453125
2 0.7078125 0.64453125 0.04375 0.0359375
2 0.6125 0.55 0.27109375 0.18359375
2 0.65 0.6109375 0.11328125 0.14921875
8 0.43203125 0.37734375 0.1984375 0.17578125
2 0.27578125 0.41171875 0.2453125 0.14296875
8 0.1234375 0.41953125 0.1296875 0.1375
8 0.05703125 0.4171875 0.1140625 0.18828125
8 0.07890625 0.496875 0.1578125 0.10625
2 0.1578125 0.51484375 0.15390625 0.078125
6 0.53203125 0.4 0.040625 0.034375
8 0.64609375 0.3453125 0.2453125 0.128125
8 0.49375 0.246875 0.3640625 0.20234375
8 0.27890625 0.27890625 0.27421875 0.240625
8 0.63671875 0.19765625 0.3515625 0.16796875