8 0.40703125 0.1453125 0.09609375 0.0828125
2 0.215625 0.29140625 0.10625 0.08203125
2 0.22421875 0.40234375 0.1 0.2234375
7 0.21328125 0.5453125 0.04765625 0.06171875
2 0.290625 0.51796875 0.17890625 0.37421875
2 0.340625 0.2140625 0.17109375 0.14296875
2 0.609375 0.3375 0.42890625 0.3328125
2 0.29921875 0.39140625 0.075 0.09296875
2 0.365625 0.2890625 0.20234375 0.1625
2 0.415625 0.29453125 0.06015625 0.07734375
2 0.45703125 0.5390625 0.353125 0.5578125
2 0.48203125 0.4203125 0.1640625 0.259375
2 0.68203125 0.74609375 0.43203125 0.50703125
2 0.52109375 0.59921875 0.0375 0.125
2 0.65234375 0.80625 0.0390625 0.0640625
2 0.56875 0.1546875 0.27421875 0.29375
2 0.66484375 0.509375 0.28359375 0.37734375
2 0.6875 0.6890625 0.1875 0.26328125
2 0.4578125 0.40390625 0.24140625 0.16015625