8 0.959375 0.78671875 0.08046875 0.1796875
8 0.93671875 0.6703125 0.1265625 0.08203125
2 0.709375 0.36875 0.5796875 0.2875
2 0.15390625 0.7953125 0.3078125 0.3046875
8 0.353125 0.55078125 0.14609375 0.06796875
8 0.3484375 0.65703125 0.253125 0.19453125
8 0.9328125 0.6453125 0.07265625 0.01015625
2 0.83125 0.49921875 0.17734375 0.01171875
8 0.94609375 0.65859375 0.10703125 0.0328125
8 0.33671875 0.30234375 0.065625 0.015625
2 0.95859375 0.67734375 0.08203125 0.01953125
8 0.14609375 0.52890625 0.2921875 0.29296875
2 0.95703125 0.68671875 0.084375 0.03125
2 0.78984375 0.79296875 0.315625 0.19296875
1 0.809375 0.85234375 0.0265625 0.0609375
2 0.79375 0.74609375 0.34296875 0.1671875
2 0.803125 0.7109375 0.25 0.06875
2 0.78359375 0.7265625 0.15703125 0.021875
1 0.82421875 0.76953125 0.03203125 0.103125
2 0.75390625 0.675 0.2546875 0.109375
8 0.5421875 0.78671875 0.24609375 0.2109375
8 0.55 0.66640625 0.1859375 0.1171875
8 0.36171875 0.8671875 0.32890625 0.26484375
2 0.70234375 0.61328125 0.46328125 0.02265625
2 0.71640625 0.609375 0.390625 0.01640625
2 0.80859375 0.59921875 0.22578125 0.00703125
2 0.48671875 0.59140625 0.0796875 0.03203125
2 0.7203125 0.59453125 0.40859375 0.0328125
2 0.721875 0.5828125 0.3921875 0.03359375
2 0.709375 0.55 0.58125 0.0953125
2 0.7015625 0.53515625 0.3515625 0.06796875
6 0.09140625 0.5140625 0.1828125 0.0625
6 0.1078125 0.65546875 0.11015625 0.03828125
8 0.075 0.59609375 0.15 0.0921875