2 0.52265625 0.58046875 0.078125 0.11171875
2 0.74921875 0.55 0.4 0.27109375
2 0.74375 0.66484375 0.3546875 0.2296875
2 0.6625 0.5671875 0.11953125 0.1796875
2 0.59609375 0.58671875 0.1140625 0.071875
2 0.66796875 0.53515625 0.09296875 0.1171875
2 0.63828125 0.484375 0.15234375 0.215625
8 0.5296875 0.42265625 0.21484375 0.31171875
2 0.8109375 0.596875 0.23125 0.2359375
7 0.82109375 0.44375 0.16875 0.27734375
7 0.78203125 0.340625 0.1953125 0.2765625
2 0.89609375 0.67265625 0.06171875 0.0546875
8 0.265625 0.4625 0.41796875 0.40703125