8 0.06640625 0.290625 0.1328125 0.203125
8 0.1328125 0.30859375 0.090625 0.234375
8 0.3296875 0.34375 0.34375 0.42421875
8 0.22890625 0.1046875 0.3765625 0.209375
6 0.3828125 0.146875 0.040625 0.04296875
0 0.3265625 0.675 0.39140625 0.2328125
8 0.7109375 0.48828125 0.32421875 0.20234375
1 0.384375 0.6453125 0.296875 0.134375
8 0.434375 0.5546875 0.3515625 0.28984375
10 0.5953125 0.57734375 0.04453125 0.05859375
8 0.7953125 0.52265625 0.38828125 0.259375
2 0.8765625 0.91875 0.246875 0.1625
2 0.98671875 0.96484375 0.02578125 0.05625
8 0.69296875 0.7328125 0.57578125 0.31796875