8 0.0796875 0.27265625 0.1078125 0.175
8 0.103125 0.378125 0.07890625 0.084375
8 0.50859375 0.53828125 0.865625 0.771875
2 0.2375 0.5 0.0328125 0.05703125
2 0.2015625 0.4921875 0.08359375 0.05234375
2 0.19453125 0.490625 0.09609375 0.05234375
2 0.17109375 0.5 0.0390625 0.02421875
2 0.19296875 0.47890625 0.1 0.06015625
2 0.18828125 0.43515625 0.1015625 0.1234375
2 0.17890625 0.41953125 0.10078125 0.1375
1 0.3125 0.5453125 0.625 0.90625
4 0.62421875 0.5265625 0.2109375 0.31796875
6 0.6484375 0.6625 0.0546875 0.05703125