2 0.66015625 0.8375 0.15390625 0.16953125
8 0.97890625 0.2375 0.04140625 0.1453125
8 0.984375 0.32578125 0.03125 0.08125
8 0.95703125 0.3078125 0.0609375 0.1015625
7 0.6984375 0.453125 0.16640625 0.15625
7 0.6890625 0.33125 0.23515625 0.1984375
2 0.83046875 0.19765625 0.153125 0.10078125
2 0.90859375 0.4875 0.1828125 0.27578125
2 0.89609375 0.47109375 0.05625 0.0921875
2 0.89453125 0.56015625 0.134375 0.203125
7 0.6828125 0.2734375 0.13984375 0.228125
7 0.5359375 0.6359375 0.0703125 0.08203125
7 0.53828125 0.6046875 0.0734375 0.1046875
7 0.5734375 0.4640625 0.1859375 0.24765625
8 0.6578125 0.65 0.17578125 0.3359375
8 0.46796875 0.509375 0.0515625 0.0234375
8 0.43515625 0.36953125 0.059375 0.084375
8 0.4203125 0.45390625 0.1609375 0.10390625
8 0.26875 0.73828125 0.2046875 0.321875
8 0.4390625 0.6984375 0.32890625 0.4828125
8 0.3625 0.48203125 0.059375 0.06015625
8 0.3046875 0.53671875 0.06640625 0.04765625
1 0.54609375 0.65625 0.0484375 0.02734375
1 0.540625 0.5984375 0.06640625 0.053125