1 0.80703125 0.628125 0.1046875 0.0234375
4 0.6234375 0.2234375 0.0203125 0.0796875
7 0.91640625 0.33125 0.10390625 0.0625
6 0.95546875 0.1046875 0.0890625 0.20859375
2 0.41875 0.7859375 0.0390625 0.04765625
8 0.75703125 0.3796875 0.28828125 0.51015625
6 0.1859375 0.9703125 0.0953125 0.05859375
1 0.62734375 0.2109375 0.0546875 0.06796875
1 0.65390625 0.20390625 0.040625 0.096875
1 0.85703125 0.31328125 0.0296875 0.0609375
6 0.9171875 0.60390625 0.11796875 0.08515625
7 0.4421875 0.42421875 0.053125 0.0828125
8 0.43203125 0.61796875 0.24765625 0.31328125
2 0.23359375 0.7453125 0.36875 0.4328125
8 0.53203125 0.384375 0.2421875 0.50625
6 0.97109375 0.43515625 0.05703125 0.0671875
8 0.91015625 0.22109375 0.1796875 0.1796875
8 0.72109375 0.73671875 0.17578125 0.20703125
6 0.903125 0.75625 0.19296875 0.2328125
4 0.6609375 0.20390625 0.04921875 0.025