7 0.53671875 0.49765625 0.08203125 0.04296875
7 0.53984375 0.61875 0.1796875 0.2015625
7 0.73046875 0.84609375 0.225 0.3078125
2 0.8796875 0.8671875 0.0546875 0.26484375
2 0.7421875 0.77578125 0.1984375 0.38046875
2 0.69921875 0.78359375 0.12734375 0.065625
2 0.79765625 0.75078125 0.22421875 0.36484375
2 0.90546875 0.85859375 0.0625 0.28203125
2 0.94921875 0.92578125 0.0359375 0.14765625
2 0.96171875 0.940625 0.07578125 0.11796875
2 0.9546875 0.9796875 0.0375 0.03984375
2 0.94765625 0.83828125 0.08515625 0.14921875
2 0.98515625 0.9171875 0.02890625 0.13828125
2 0.95234375 0.7859375 0.09453125 0.18515625
2 0.96171875 0.76640625 0.0765625 0.18515625
2 0.97890625 0.73359375 0.04140625 0.0796875
2 0.96953125 0.65859375 0.06015625 0.14609375
7 0.490625 0.78125 0.29609375 0.25859375
7 0.81640625 0.5609375 0.2953125 0.3734375
7 0.36953125 0.26953125 0.14765625 0.13515625
7 0.4453125 0.603125 0.62734375 0.4046875
8 0.10546875 0.60234375 0.2109375 0.74921875