8 0.1546875 0.47421875 0.06875 0.1609375
2 0.68671875 0.41484375 0.28984375 0.34765625
2 0.015625 0.26875 0.03046875 0.09140625
2 0.00625 0.31171875 0.0125 0.06015625
2 0.0390625 0.3078125 0.0625 0.11640625
2 0.059375 0.2984375 0.03828125 0.04296875
2 0.09921875 0.14765625 0.1984375 0.2953125
2 0.05859375 0.41484375 0.05625 0.06484375
2 0.0953125 0.4171875 0.0875 0.11171875
2 0.09296875 0.34921875 0.05625 0.11953125
2 0.2421875 0.57578125 0.16484375 0.08984375
2 0.11015625 0.33984375 0.0328125 0.11328125
2 0.1390625 0.37265625 0.02890625 0.090625
2 0.21875 0.5046875 0.17734375 0.15
8 0.22890625 0.2859375 0.24609375 0.359375
2 0.3625 0.4921875 0.20859375 0.33671875
0 0.3859375 0.3671875 0.01328125 0.03515625
6 0.41015625 0.3453125 0.04140625 0.065625
8 0.35859375 0.421875 0.12734375 0.17578125
2 0.32265625 0.42265625 0.134375 0.11015625
2 0.409375 0.40703125 0.109375 0.06796875
1 0.33203125 0.3984375 0.059375 0.05234375
1 0.4109375 0.496875 0.065625 0.05234375
8 0.28828125 0.7109375 0.1890625 0.22890625
8 0.55234375 0.7078125 0.36953125 0.5078125