1 0.62265625 0.50546875 0.028125 0.04921875
8 0.6140625 0.46640625 0.01015625 0.03984375
8 0.790625 0.5796875 0.22421875 0.24296875
8 0.28125 0.30234375 0.2140625 0.390625
8 0.3359375 0.53515625 0.28359375 0.19609375
8 0.6265625 0.3203125 0.02265625 0.06484375
2 0.60546875 0.46953125 0.00859375 0.0453125
1 0.59921875 0.5390625 0.0671875 0.18359375
8 0.69140625 0.7125 0.14765625 0.20859375
8 0.54140625 0.65625 0.15859375 0.2421875
8 0.53125 0.82890625 0.178125 0.3359375
10 0.5546875 0.696875 0.071875 0.0296875
2 0.50625 0.39140625 0.275 0.33359375
2 0.49921875 0.353125 0.11171875 0.09453125
2 0.50546875 0.41640625 0.12109375 0.11484375
3 0.515625 0.43359375 0.08828125 0.07578125
10 0.5390625 0.55703125 0.04296875 0.040625
8 0.47890625 0.7 0.02421875 0.0375