6 0.89765625 0.54375 0.2046875 0.17578125
8 0.52890625 0.56640625 0.753125 0.74375
6 0.665625 0.840625 0.21953125 0.12109375
6 0.50078125 0.79140625 0.19296875 0.06484375
6 0.37265625 0.6953125 0.059375 0.03984375
2 0.2578125 0.553125 0.1515625 0.14609375
6 0.63671875 0.69375 0.37421875 0.21953125
2 0.39375 0.66640625 0.1140625 0.11171875
6 0.5828125 0.69375 0.30625 0.18671875
6 0.66875 0.640625 0.23984375 0.15234375
2 0.57734375 0.6921875 0.13359375 0.09296875
2 0.72265625 0.45546875 0.06484375 0.2515625
6 0.76484375 0.4984375 0.0359375 0.10546875
6 0.5734375 0.50625 0.26015625 0.20234375
2 0.540625 0.52734375 0.17890625 0.1453125
6 0.44296875 0.38515625 0.17890625 0.2703125
6 0.43515625 0.27890625 0.06953125 0.10234375