8 0.4234375 0.915625 0.1828125 0.16875
5 0.44609375 0.93359375 0.01953125 0.0515625
5 0.415625 0.90546875 0.05390625 0.1296875
5 0.36953125 0.89296875 0.0421875 0.0859375
5 0.378125 0.94296875 0.028125 0.06875
7 0.5453125 0.77265625 0.26171875 0.32421875
7 0.4796875 0.76328125 0.2921875 0.20625
7 0.478125 0.64921875 0.32578125 0.3609375
8 0.96640625 0.10234375 0.0640625 0.2046875
8 0.81015625 0.25546875 0.33515625 0.5109375
8 0.66328125 0.43984375 0.134375 0.28515625
1 0.46640625 0.678125 0.25546875 0.3109375
7 0.4625 0.39765625 0.3046875 0.37890625
1 0.84296875 0.03359375 0.0515625 0.0671875
10 0.84453125 0.04296875 0.0359375 0.0484375
1 0.6921875 0.3703125 0.15703125 0.16796875
1 0.7328125 0.5421875 0.0359375 0.10390625
2 0.39921875 0.3078125 0.2703125 0.021875
8 0.0484375 0.790625 0.096875 0.115625
6 0.40625 0.19296875 0.37734375 0.23359375
2 0.23984375 0.74375 0.3484375 0.22890625
2 0.34921875 0.8203125 0.09921875 0.04375
2 0.2671875 0.77734375 0.240625 0.08203125
8 0.18515625 0.88828125 0.3703125 0.2203125