6 0.5359375 0.34296875 0.7140625 0.3296875
3 0.45390625 0.33203125 0.140625 0.05234375
8 0.6796875 0.73671875 0.2859375 0.2828125
8 0.4859375 0.78515625 0.67890625 0.31953125
2 0.12734375 0.31640625 0.1484375 0.05390625
2 0.9390625 0.78515625 0.08125 0.0546875
2 0.95625 0.8625 0.08671875 0.1109375
2 0.965625 0.8046875 0.06796875 0.07578125
2 0.975 0.74609375 0.0484375 0.0703125
1 0.3140625 0.43125 0.1625 0.03515625
1 0.58046875 0.453125 0.16171875 0.04140625
1 0.79296875 0.4671875 0.159375 0.04921875