2 0.8953125 0.7515625 0.20859375 0.06328125
2 0.88515625 0.40859375 0.22890625 0.18984375
2 0.865625 0.41953125 0.1796875 0.16796875
2 0.87890625 0.5578125 0.24140625 0.165625
2 0.63046875 0.41328125 0.246875 0.14609375
2 0.625 0.4921875 0.27578125 0.2328125
6 0.34140625 0.3421875 0.21015625 0.115625
2 0.24609375 0.40390625 0.3203125 0.07421875
2 0.9078125 0.6796875 0.18203125 0.11640625
2 0.2875 0.67734375 0.575 0.4953125
2 0.6953125 0.69375 0.259375 0.21484375
2 0.8015625 0.45390625 0.04453125 0.03828125
2 0.93828125 0.434375 0.0109375 0.0765625
2 0.946875 0.44765625 0.0140625 0.06875
2 0.80703125 0.45390625 0.03515625 0.0328125
2 0.95703125 0.678125 0.08515625 0.103125