8 0.76796875 0.55546875 0.10078125 0.12734375
2 0.79453125 0.4828125 0.0921875 0.071875
8 0.80703125 0.42578125 0.1 0.078125
8 0.7953125 0.38046875 0.04140625 0.0328125
8 0.90078125 0.6828125 0.19765625 0.31171875
1 0.8359375 0.534375 0.05 0.04765625
1 0.84453125 0.56875 0.03984375 0.02734375
8 0.8953125 0.60625 0.0703125 0.10078125
8 0.93125 0.6671875 0.08125 0.0796875
8 0.91953125 0.459375 0.1609375 0.4609375
1 0.715625 0.4265625 0.159375 0.35625
8 0.9140625 0.8515625 0.17109375 0.296875
8 0.72890625 0.75859375 0.2203125 0.409375
8 0.75703125 0.93125 0.27578125 0.1375
8 0.28203125 0.7953125 0.034375 0.03203125
7 0.4953125 0.7234375 0.28359375 0.334375
8 0.325 0.8890625 0.1625 0.221875
1 0.3609375 0.95625 0.0875 0.08671875
8 0.50625 0.87578125 0.23046875 0.24765625
7 0.50859375 0.5890625 0.2625 0.22734375
7 0.52890625 0.42265625 0.30546875 0.22421875
7 0.51796875 0.1890625 0.33984375 0.29296875