8 0.66875 0.6109375 0.38828125 0.45390625
8 0.3203125 0.4234375 0.36484375 0.4234375
8 0.3296875 0.2203125 0.1140625 0.05234375
8 0.21640625 0.259375 0.1390625 0.07421875
6 0.61171875 0.44453125 0.1390625 0.11875
6 0.70234375 0.5234375 0.134375 0.14921875
6 0.78125 0.665625 0.16640625 0.2765625
6 0.49453125 0.5546875 0.15234375 0.27265625
6 0.56875 0.6234375 0.1796875 0.2859375
6 0.6421875 0.703125 0.19140625 0.28515625
1 0.51328125 0.6375 0.08359375 0.15703125
2 0.6796875 0.8921875 0.03046875 0.05625