2 0.67421875 0.6640625 0.21640625 0.08671875
2 0.8359375 0.56015625 0.225 0.14453125
2 0.36328125 0.6484375 0.06640625 0.10859375
2 0.6 0.67421875 0.4828125 0.0859375
2 0.81875 0.56171875 0.12421875 0.04609375
2 0.7421875 0.5046875 0.30625 0.1078125
2 0.66953125 0.484375 0.43671875 0.0796875
2 0.53359375 0.59453125 0.54765625 0.1515625
2 0.41484375 0.5015625 0.42265625 0.2125
2 0.06640625 0.4171875 0.1328125 0.56796875
2 0.14765625 0.82578125 0.2953125 0.3484375
2 0.08671875 0.89375 0.1734375 0.14375
2 0.265625 0.49140625 0.140625 0.09296875
2 0.4625 0.453125 0.23515625 0.11328125
2 0.3859375 0.346875 0.5109375 0.33046875
1 0.409375 0.2078125 0.13671875 0.06484375