2 0.92890625 0.58515625 0.1421875 0.2421875
6 0.89609375 0.575 0.0765625 0.153125
8 0.08125 0.86796875 0.16171875 0.2625
8 0.1640625 0.77890625 0.24765625 0.40078125
8 0.10703125 0.63046875 0.2140625 0.2671875
8 0.03359375 0.69140625 0.06640625 0.08203125
8 0.75625 0.52890625 0.24296875 0.31484375
8 0.4890625 0.58046875 0.59609375 0.33515625
8 0.59140625 0.69140625 0.0328125 0.0515625
8 0.49765625 0.8203125 0.48828125 0.3578125
6 0.56015625 0.6859375 0.13125 0.028125
6 0.6078125 0.84140625 0.13359375 0.1921875
6 0.35859375 0.2109375 0.0375 0.02421875
8 0.36484375 0.22265625 0.3234375 0.16015625
6 0.4546875 0.19609375 0.03515625 0.04453125
8 0.35234375 0.259375 0.23125 0.08046875
2 0.43984375 0.3515625 0.64296875 0.34296875
6 0.390625 0.7859375 0.18359375 0.1453125
6 0.4578125 0.7765625 0.03828125 0.01953125
6 0.39140625 0.81640625 0.0890625 0.0890625
8 0.48125 0.84609375 0.27109375 0.2109375
8 0.05703125 0.575 0.1140625 0.1625
1 0.9078125 0.67734375 0.06484375 0.01796875
6 0.85546875 0.2796875 0.28828125 0.06171875
6 0.98125 0.696875 0.03671875 0.03125