8 0.62421875 0.27890625 0.07734375 0.09765625
8 0.39453125 0.3375 0.0265625 0.1125
2 0.54375 0.265625 0.18828125 0.121875
8 0.52109375 0.58828125 0.3765625 0.546875
8 0.2515625 0.38125 0.27265625 0.44296875
8 0.153125 0.28203125 0.1453125 0.10859375
4 0.4140625 0.3 0.0578125 0.115625
8 0.52109375 0.18984375 0.17734375 0.2046875
4 0.42109375 0.2375 0.03515625 0.0625
4 0.4578125 0.28046875 0.0515625 0.08359375
1 0.76484375 0.7578125 0.07890625 0.06796875
1 0.74375 0.84921875 0.13203125 0.1109375
8 0.85703125 0.78984375 0.11796875 0.14140625
1 0.78359375 0.67265625 0.1125 0.11640625
3 0.6859375 0.6421875 0.0328125 0.0890625
6 0.678125 0.5671875 0.0203125 0.06640625
3 0.9265625 0.1609375 0.09296875 0.128125
1 0.94296875 0.58046875 0.1125 0.31796875
1 0.9265625 0.49921875 0.14609375 0.18984375
3 0.88203125 0.49453125 0.03828125 0.0703125