8 0.19375 0.5453125 0.25859375 0.31015625
8 0.06328125 0.7515625 0.12578125 0.1953125
6 0.52265625 0.6296875 0.06484375 0.0703125
2 0.56015625 0.603125 0.09375 0.090625
8 0.02265625 0.67578125 0.0453125 0.04921875
8 0.253125 0.690625 0.0625 0.08125
2 0.678125 0.86484375 0.39453125 0.24375
8 0.4171875 0.88046875 0.209375 0.1515625
8 0.17421875 0.7078125 0.1078125 0.146875
2 0.2265625 0.834375 0.24765625 0.2109375
2 0.653125 0.83984375 0.2328125 0.14765625
2 0.54453125 0.753125 0.19609375 0.11328125
2 0.45234375 0.79765625 0.23828125 0.1015625
6 0.27578125 0.43671875 0.08046875 0.07578125
2 0.4328125 0.51640625 0.259375 0.16484375
8 0.69296875 0.684375 0.31015625 0.21328125
6 0.690625 0.73984375 0.08125 0.0421875
2 0.4265625 0.45234375 0.17578125 0.05078125
2 0.5078125 0.48515625 0.05625 0.05703125
2 0.53203125 0.4921875 0.03515625 0.053125
2 0.53046875 0.47265625 0.05390625 0.08359375
2 0.4046875 0.46953125 0.1078125 0.0875
2 0.4296875 0.3296875 0.18203125 0.08203125
2 0.41796875 0.3625 0.09609375 0.01875
2 0.44375 0.384375 0.15546875 0.10234375
2 0.59609375 0.28984375 0.21015625 0.1109375
8 0.384375 0.63203125 0.3234375 0.26640625
2 0.325 0.3859375 0.19140625 0.13125
6 0.321875 0.50390625 0.0453125 0.034375
8 0.70390625 0.446875 0.3859375 0.35
8 0.475 0.48046875 0.04765625 0.0671875
6 0.6625 0.64296875 0.07734375 0.02890625
6 0.81953125 0.65625 0.14140625 0.06484375
6 0.7796875 0.61484375 0.06875 0.04375
6 0.796875 0.7375 0.184375 0.103125
6 0.77578125 0.703125 0.109375 0.04921875
6 0.696875 0.70546875 0.1234375 0.06484375
6 0.69921875 0.60078125 0.096875 0.05234375
5 0.6484375 0.6796875 0.09921875 0.05234375
8 0.69609375 0.675 0.23671875 0.14765625
6 0.19375 0.4328125 0.09296875 0.08828125
8 0.103125 0.81640625 0.109375 0.13671875
8 0.41953125 0.86640625 0.0390625 0.0375
2 0.2328125 0.909375 0.13984375 0.0234375
2 0.06328125 0.68984375 0.075 0.07265625
8 0.98359375 0.3515625 0.03125 0.0359375