8 0.38671875 0.6453125 0.09140625 0.1984375
8 0.23984375 0.50859375 0.04375 0.1109375
8 0.67421875 0.603125 0.2796875 0.3171875
8 0.528125 0.26953125 0.03359375 0.00859375
8 0.2640625 0.30078125 0.07109375 0.1046875
8 0.421875 0.2 0.25703125 0.2640625
8 0.5140625 0.33984375 0.1765625 0.15078125
8 0.35859375 0.46171875 0.22421875 0.3515625
8 0.52578125 0.5234375 0.21640625 0.3359375
8 0.26015625 0.69921875 0.16484375 0.29609375
8 0.421875 0.82265625 0.2875 0.35390625
8 0.60859375 0.81796875 0.3421875 0.3640625