4 0.575 0.553125 0.84921875 0.7609375
4 0.76796875 0.46484375 0.07109375 0.053125
6 0.728125 0.3984375 0.1140625 0.1828125
3 0.86953125 0.6734375 0.0140625 0.04375
8 0.80078125 0.58125 0.1484375 0.18046875
8 0.43359375 0.7265625 0.359375 0.22578125
10 0.58515625 0.621875 0.3015625 0.2859375
3 0.79296875 0.75234375 0.22578125 0.0546875
3 0.81015625 0.65390625 0.175 0.19375
8 0.34140625 0.38828125 0.15078125 0.07734375
10 0.5515625 0.39375 0.4375 0.2421875
2 0.2703125 0.44609375 0.05234375 0.034375
6 0.3734375 0.53125 0.28671875 0.20859375
1 0.49140625 0.69453125 0.06171875 0.08984375
2 0.62734375 0.63984375 0.28671875 0.2625