8 0.40390625 0.74375 0.03125 0.090625
2 0.68046875 0.15703125 0.14375 0.059375
8 0.14140625 0.21484375 0.0390625 0.0625
2 0.146875 0.184375 0.04765625 0.03984375
2 0.3171875 0.19140625 0.08359375 0.025
6 0.24765625 0.29453125 0.14375 0.11171875
2 0.309375 0.6015625 0.31796875 0.41328125
2 0.28359375 0.54296875 0.071875 0.1046875
1 0.45625 0.55234375 0.02421875 0.0453125
2 0.325 0.5265625 0.0296875 0.059375
2 0.56640625 0.2625 0.24296875 0.203125
2 0.55859375 0.5015625 0.18828125 0.275
2 0.6484375 0.1078125 0.24765625 0.09453125
2 0.640625 0.1359375 0.21328125 0.07421875
8 0.51484375 0.7671875 0.25546875 0.353125
8 0.68359375 0.67578125 0.1921875 0.246875
8 0.73515625 0.8609375 0.2265625 0.27734375
8 0.6515625 0.821875 0.0546875 0.0515625
8 0.625 0.57734375 0.04453125 0.0578125
8 0.94609375 0.5234375 0.10703125 0.25078125
8 0.825 0.075 0.18125 0.14296875
8 0.184375 0.415625 0.0390625 0.0796875
8 0.2109375 0.41015625 0.02734375 0.0671875
8 0.23671875 0.42109375 0.0484375 0.06328125
4 0.1890625 0.121875 0.096875 0.103125