2 0.68125 0.84453125 0.25 0.27734375
2 0.859375 0.7234375 0.10546875 0.0515625
7 0.353125 0.87421875 0.44609375 0.2515625
2 0.88125 0.46484375 0.07109375 0.0546875
2 0.71328125 0.6328125 0.1203125 0.06328125
8 0.01953125 0.925 0.0390625 0.071875
1 0.7421875 0.65859375 0.128125 0.06015625
8 0.89375 0.5671875 0.2125 0.16484375
8 0.75 0.3421875 0.38125 0.5296875
8 0.52109375 0.46015625 0.09921875 0.13125
8 0.51640625 0.59453125 0.30859375 0.17265625
1 0.534375 0.50859375 0.05390625 0.00859375
6 0.48515625 0.484375 0.0828125 0.09296875
0 0.49609375 0.50234375 0.05390625 0.01015625
8 0.2765625 0.59453125 0.2109375 0.21328125
6 0.3828125 0.47265625 0.10546875 0.14140625
7 0.434375 0.44921875 0.08125 0.0578125
8 0.40234375 0.503125 0.0375 0.06484375
6 0.46015625 0.4765625 0.09140625 0.09140625
6 0.3625 0.53203125 0.0484375 0.06171875
6 0.29609375 0.46640625 0.090625 0.0671875
6 0.11328125 0.60625 0.08984375 0.14296875
3 0.3234375 0.67265625 0.034375 0.021875
3 0.3328125 0.67109375 0.04453125 0.0203125
1 0.50078125 0.53515625 0.125 0.01796875