2 0.54765625 0.79609375 0.18125 0.0625
8 0.7421875 0.43203125 0.08125 0.12265625
8 0.3890625 0.16328125 0.31953125 0.234375
3 0.32421875 0.353125 0.05 0.03671875
3 0.3328125 0.37109375 0.0515625 0.03046875
3 0.32421875 0.4015625 0.06015625 0.06640625
2 0.27578125 0.31796875 0.1703125 0.0828125
6 0.24765625 0.4296875 0.04453125 0.09609375
3 0.371875 0.3984375 0.05625 0.02421875
3 0.38125 0.3703125 0.05390625 0.05234375
8 0.4625 0.51796875 0.21953125 0.12109375
2 0.39765625 0.4421875 0.1453125 0.08671875
3 0.303125 0.4484375 0.06484375 0.04375
3 0.315625 0.4609375 0.0453125 0.02734375
3 0.31953125 0.4640625 0.0453125 0.0265625
3 0.3234375 0.46796875 0.0453125 0.02734375
3 0.3265625 0.47109375 0.0453125 0.02421875
3 0.32890625 0.47421875 0.0453125 0.025
3 0.33203125 0.47734375 0.0453125 0.02578125
3 0.3359375 0.48046875 0.0453125 0.02578125
3 0.33984375 0.48515625 0.0453125 0.02578125
3 0.34296875 0.48828125 0.0453125 0.02578125
3 0.3453125 0.49140625 0.0453125 0.025
3 0.34765625 0.49453125 0.04296875 0.02421875
3 0.35 0.496875 0.04375 0.0234375
3 0.35390625 0.5 0.0453125 0.0234375
3 0.3578125 0.50390625 0.04296875 0.021875
3 0.3609375 0.50625 0.04140625 0.021875
3 0.3640625 0.51171875 0.0390625 0.0234375
2 0.2765625 0.53203125 0.05 0.05546875
2 0.2328125 0.5125 0.06640625 0.0390625
2 0.2234375 0.528125 0.0796875 0.0671875
2 0.221875 0.62421875 0.07265625 0.07109375
2 0.4984375 0.57578125 0.07734375 0.034375
2 0.3015625 0.6015625 0.1671875 0.20078125
2 0.40859375 0.62421875 0.12421875 0.13203125
6 0.3859375 0.68984375 0.06875 0.0890625
1 0.37578125 0.57578125 0.11015625 0.0921875
2 0.41015625 0.53515625 0.06484375 0.15
2 0.50078125 0.46875 0.1203125 0.10703125
2 0.20859375 0.4359375 0.20703125 0.11171875
8 0.63125 0.4734375 0.20234375 0.29921875
8 0.81328125 0.68046875 0.3046875 0.23984375
2 0.55625 0.690625 0.3203125 0.29765625
2 0.5671875 0.621875 0.12734375 0.0734375
2 0.578125 0.6484375 0.16015625 0.096875
2 0.7046875 0.70546875 0.08515625 0.1484375
2 0.634375 0.74140625 0.1046875 0.16796875
2 0.56875 0.73515625 0.096875 0.07734375
2 0.59453125 0.69296875 0.14765625 0.13046875
2 0.63125 0.675 0.12890625 0.08125
2 0.60703125 0.66484375 0.1203125 0.08203125
2 0.52890625 0.7171875 0.090625 0.08203125
2 0.515625 0.88046875 0.128125 0.13515625