8 0.42578125 0.2609375 0.246875 0.1515625
8 0.7671875 0.3703125 0.46484375 0.54453125
8 0.10859375 0.25546875 0.2171875 0.1109375
8 0.10859375 0.28046875 0.2171875 0.0796875
8 0.084375 0.27734375 0.1359375 0.06953125
8 0.109375 0.49375 0.21875 0.496875
6 0.05703125 0.3015625 0.05859375 0.02265625
8 0.0421875 0.3125 0.08359375 0.01796875
8 0.5140625 0.54296875 0.69921875 0.7015625
6 0.28671875 0.2953125 0.09296875 0.04140625
8 0.71015625 0.16875 0.1828125 0.1296875
8 0.98359375 0.54921875 0.03203125 0.13359375
8 0.03359375 0.2890625 0.0671875 0.03203125