2 0.11171875 0.7546875 0.05859375 0.08828125
0 0.05390625 0.7609375 0.06484375 0.03828125
2 0.47421875 0.57890625 0.70625 0.68828125
2 0.08984375 0.8265625 0.115625 0.1265625
2 0.57109375 0.2359375 0.11875 0.2265625
0 0.30703125 0.45078125 0.07421875 0.125
0 0.44296875 0.396875 0.115625 0.1671875
6 0.35703125 0.4875 0.0734375 0.10625
2 0.3625 0.4734375 0.059375 0.0578125
1 0.38515625 0.45 0.03359375 0.078125
0 0.475 0.55390625 0.05390625 0.03046875
3 0.315625 0.5265625 0.0703125 0.03984375
6 0.403125 0.5078125 0.06875 0.0578125
2 0.415625 0.53203125 0.07578125 0.06015625
8 0.56484375 0.4453125 0.2 0.2984375
2 0.68984375 0.38671875 0.2578125 0.4515625