2 0.7703125 0.53046875 0.36875 0.246875
2 0.48515625 0.496875 0.25234375 0.29296875
2 0.23515625 0.53046875 0.31015625 0.2921875
6 0.26328125 0.43359375 0.04765625 0.02109375
6 0.25234375 0.4640625 0.059375 0.0734375
6 0.1296875 0.3890625 0.04609375 0.03125
6 0.15703125 0.46484375 0.165625 0.14609375
6 0.22109375 0.36015625 0.0515625 0.05859375
6 0.27109375 0.3640625 0.08828125 0.06328125
6 0.21875 0.4078125 0.04296875 0.06015625
6 0.2671875 0.52265625 0.05 0.0375
6 0.3015625 0.484375 0.08515625 0.08515625
6 0.284375 0.41796875 0.0875 0.05625
1 0.109375 0.51015625 0.06875 0.09296875
6 0.50625 0.478125 0.0578125 0.05390625
2 0.74140625 0.409375 0.3265625 0.196875
1 0.634375 0.50234375 0.0625 0.02109375
1 0.60546875 0.41328125 0.0515625 0.06953125
6 0.69296875 0.3859375 0.078125 0.09921875
1 0.83125 0.3265625 0.053125 0.06796875
1 0.7890625 0.378125 0.20390625 0.165625
1 0.77890625 0.44609375 0.10625 0.0265625
1 0.796875 0.446875 0.1109375 0.025