6 0.76953125 0.75078125 0.1484375 0.1640625
2 0.81875 0.51796875 0.10546875 0.1203125
1 0.66015625 0.2046875 0.2 0.14453125
2 0.2984375 0.25078125 0.07578125 0.07265625
2 0.10078125 0.38203125 0.078125 0.05234375
8 0.33359375 0.2921875 0.0609375 0.059375
6 0.334375 0.2875 0.046875 0.0359375
2 0.37421875 0.1921875 0.02109375 0.05625
2 0.39609375 0.17421875 0.0328125 0.05859375
2 0.46875 0.1359375 0.0515625 0.05703125
1 0.47890625 0.14609375 0.0171875 0.06875
2 0.4375 0.15859375 0.103125 0.07421875
2 0.4296875 0.18671875 0.0515625 0.03828125
2 0.42109375 0.2625 0.115625 0.1640625
8 0.4296875 0.32578125 0.0828125 0.1140625
6 0.4359375 0.359375 0.04453125 0.040625
1 0.515625 0.30078125 0.16171875 0.2453125
6 0.6609375 0.5609375 0.01328125 0.0453125
8 0.68984375 0.4578125 0.1890625 0.3296875
8 0.53984375 0.55078125 0.23046875 0.31875
8 0.1984375 0.34453125 0.1296875 0.16796875
8 0.36015625 0.40625 0.23671875 0.2640625
2 0.1875 0.56640625 0.22578125 0.3015625
6 0.228125 0.4640625 0.009375 0.0140625
8 0.15078125 0.48203125 0.1484375 0.19140625
6 0.14296875 0.57109375 0.0546875 0.05859375
6 0.2390625 0.4921875 0.02890625 0.0515625
8 0.1859375 0.51484375 0.1125 0.11796875
8 0.2203125 0.5375 0.10234375 0.1421875
1 0.271875 0.51796875 0.07421875 0.103125
2 0.2375 0.5609375 0.109375 0.1828125
2 0.334375 0.6078125 0.18046875 0.31640625
2 0.3375 0.52890625 0.1265625 0.1125
1 0.31875 0.55703125 0.12890625 0.09375
2 0.14921875 0.571875 0.0421875 0.0328125