6 0.0484375 0.809375 0.096875 0.12265625
6 0.1203125 0.809375 0.18984375 0.13828125
6 0.35390625 0.2140625 0.03828125 0.0453125
2 0.22578125 0.3734375 0.21484375 0.1796875
1 0.259375 0.271875 0.15078125 0.13359375
8 0.446875 0.3125 0.265625 0.26328125
2 0.78046875 0.2375 0.43359375 0.39296875
1 0.59296875 0.3515625 0.0515625 0.03671875
2 0.571875 0.13828125 0.415625 0.27578125
7 0.740625 0.26953125 0.315625 0.1734375
2 0.55625 0.01640625 0.1734375 0.0328125
2 0.5109375 0.06796875 0.221875 0.08046875
2 0.5515625 0.04609375 0.11484375 0.05234375
8 0.73203125 0.2921875 0.1515625 0.0328125
1 0.9421875 0.0875 0.03515625 0.05078125
8 0.9375 0.234375 0.12421875 0.24921875
6 0.74921875 0.56953125 0.07109375 0.02578125
8 0.82421875 0.4625 0.35 0.325
6 0.7265625 0.353125 0.10390625 0.17421875
8 0.3140625 0.54921875 0.340625 0.2921875
8 0.53203125 0.5140625 0.2484375 0.13984375
8 0.6796875 0.49140625 0.05625 0.03203125
2 0.53671875 0.625 0.28046875 0.18828125
2 0.34765625 0.78359375 0.31640625 0.25390625
1 0.32265625 0.91640625 0.08828125 0.05625
6 0.77890625 0.24609375 0.1203125 0.04140625