2 0.5203125 0.715625 0.31640625 0.25625
1 0.4578125 0.4265625 0.10234375 0.12421875
8 0.4296875 0.52734375 0.1515625 0.15546875
8 0.24296875 0.7375 0.2453125 0.18125
8 0.2703125 0.57265625 0.30234375 0.21328125
2 0.35390625 0.48203125 0.06875 0.0203125
8 0.65078125 0.4875 0.15 0.1484375
2 0.5078125 0.6859375 0.2125 0.11484375
8 0.815625 0.54140625 0.221875 0.096875
8 0.84921875 0.73125 0.0703125 0.03203125
2 0.8046875 0.628125 0.3890625 0.24296875
2 0.51875 0.646875 0.20859375 0.08359375
1 0.78671875 0.7890625 0.15234375 0.10546875
8 0.54609375 0.5484375 0.215625 0.125
6 0.67890625 0.64296875 0.07265625 0.103125
2 0.7015625 0.615625 0.04921875 0.03671875
6 0.7796875 0.6625 0.128125 0.0625
3 0.75078125 0.62890625 0.04296875 0.03671875
2 0.80703125 0.64140625 0.0875 0.06484375
2 0.3921875 0.66875 0.025 0.11953125
2 0.56640625 0.70390625 0.09140625 0.0671875
2 0.4578125 0.71484375 0.09921875 0.05703125
2 0.38203125 0.71875 0.0140625 0.05078125