6 0.965625 0.38515625 0.06875 0.1015625
8 0.9140625 0.60078125 0.171875 0.346875
8 0.67265625 0.70859375 0.409375 0.23515625
8 0.2015625 0.08828125 0.40234375 0.17578125
8 0.34296875 0.72890625 0.453125 0.1859375
8 0.1109375 0.1421875 0.221875 0.21484375
4 0.7609375 0.25703125 0.053125 0.03828125
8 0.1265625 0.5828125 0.253125 0.3890625
8 0.66171875 0.4546875 0.48828125 0.37265625
1 0.88515625 0.390625 0.0546875 0.02578125
8 0.92109375 0.40390625 0.01796875 0.059375
8 0.24609375 0.44140625 0.4921875 0.46484375
8 0.57109375 0.27890625 0.28203125 0.28203125