8 0.678125 0.3015625 0.0453125 0.11015625
8 0.7578125 0.41484375 0.16640625 0.2171875
2 0.31015625 0.7015625 0.25234375 0.42421875
2 0.640625 0.44453125 0.1609375 0.3015625
2 0.51953125 0.4875 0.2 0.428125
2 0.45078125 0.46875 0.0234375 0.21171875
2 0.44140625 0.46328125 0.02109375 0.228125
8 0.80625 0.540625 0.18515625 0.34375
2 0.30390625 0.41171875 0.28984375 0.4328125
2 0.28828125 0.48359375 0.0703125 0.0640625
2 0.34609375 0.36015625 0.20078125 0.23125
2 0.52109375 0.4453125 0.1390625 0.25859375
2 0.3703125 0.3328125 0.04609375 0.06484375
2 0.30234375 0.403125 0.10390625 0.1015625
2 0.32109375 0.3703125 0.159375 0.17421875
2 0.38359375 0.3671875 0.0828125 0.06328125