8 0.21484375 0.546875 0.0859375 0.08046875
8 0.4640625 0.403125 0.08671875 0.05234375
8 0.54140625 0.65703125 0.23828125 0.21640625
8 0.3640625 0.55078125 0.23984375 0.225
8 0.75234375 0.69921875 0.09453125 0.084375
8 0.7328125 0.72265625 0.25546875 0.1671875
4 0.3359375 0.4703125 0.0359375 0.015625
6 0.41796875 0.44453125 0.121875 0.0875
6 0.4859375 0.4609375 0.05625 0.04765625
6 0.509375 0.48515625 0.075 0.06953125
4 0.49609375 0.63046875 0.04765625 0.0296875
6 0.5359375 0.58828125 0.096875 0.096875
6 0.5765625 0.61015625 0.07109375 0.05234375
6 0.45078125 0.65625 0.09140625 0.07265625
6 0.425 0.48671875 0.071875 0.04765625
6 0.47421875 0.4921875 0.20703125 0.24453125
1 0.4390625 0.55859375 0.2578125 0.4078125
1 0.2140625 0.56953125 0.06328125 0.03125
6 0.5140625 0.66484375 0.0578125 0.059375