8 0.8453125 0.5171875 0.071875 0.05390625
8 0.95546875 0.07578125 0.0890625 0.15078125
8 0.86796875 0.0328125 0.13203125 0.065625
8 0.875 0.09140625 0.19296875 0.153125
8 0.946875 0.3140625 0.10546875 0.37109375
8 0.8 0.25234375 0.31015625 0.228125
8 0.90703125 0.38203125 0.1859375 0.1890625
8 0.71796875 0.5765625 0.22109375 0.1265625
8 0.7453125 0.44765625 0.30234375 0.278125
8 0.9 0.6015625 0.19921875 0.278125
8 0.6546875 0.68515625 0.2125 0.19765625
8 0.8375 0.684375 0.27578125 0.16640625
8 0.38515625 0.48828125 0.45859375 0.58828125
1 0.33046875 0.26953125 0.11015625 0.065625