4 0.72890625 0.19453125 0.0328125 0.03671875
4 0.759375 0.1953125 0.034375 0.0359375
2 0.74140625 0.16171875 0.12421875 0.0265625
4 0.7015625 0.1296875 0.03203125 0.03984375
4 0.73203125 0.13046875 0.034375 0.03828125
4 0.76171875 0.13125 0.0375 0.03828125
4 0.79140625 0.1328125 0.0328125 0.0390625
2 0.76484375 0.06640625 0.13671875 0.0890625
2 0.7796875 0.0109375 0.1109375 0.021875
2 0.61796875 0.20546875 0.11171875 0.05625
2 0.62265625 0.14609375 0.115625 0.0671875
5 0.65390625 0.04296875 0.040625 0.08515625
5 0.61328125 0.04296875 0.040625 0.084375
5 0.5796875 0.04296875 0.034375 0.08515625
2 0.621875 0.09921875 0.11171875 0.02890625
6 0.9671875 0.228125 0.05078125 0.03984375
6 0.9203125 0.22421875 0.04296875 0.03515625
6 0.878125 0.21640625 0.04375 0.02265625
6 0.8453125 0.13828125 0.0609375 0.13359375
6 0.890625 0.1390625 0.06953125 0.13125
6 0.9734375 0.14609375 0.05234375 0.1265625
6 0.94140625 0.14140625 0.07421875 0.13046875
2 0.31875 0.23125 0.08828125 0.04140625
2 0.3125 0.1953125 0.09140625 0.046875
2 0.3109375 0.15390625 0.1015625 0.05
2 0.30546875 0.1140625 0.103125 0.04609375
2 0.30546875 0.08125 0.11484375 0.025
5 0.37578125 0.18046875 0.03046875 0.0609375
5 0.40078125 0.18203125 0.028125 0.0609375
2 0.4234375 0.22265625 0.134375 0.02578125
5 0.4828125 0.18828125 0.01484375 0.06171875
6 0.86640625 0.0359375 0.0578125 0.07109375
6 0.9578125 0.034375 0.06015625 0.06796875
6 0.9875 0.034375 0.025 0.06796875
6 0.91171875 0.034375 0.05859375 0.06875
8 0.5 0.58046875 1 0.75625