6 0.63046875 0.37421875 0.03046875 0.1140625
2 0.6265625 0.3921875 0.03203125 0.06015625
1 0.69140625 0.69375 0.08984375 0.13671875
6 0.7109375 0.3359375 0.15859375 0.240625
6 0.6921875 0.35 0.11953125 0.040625
2 0.703125 0.26640625 0.13984375 0.17109375
1 0.78828125 0.51328125 0.08046875 0.1046875
6 0.725 0.57734375 0.07265625 0.08828125
6 0.76953125 0.39921875 0.10703125 0.29375
6 0.703125 0.46640625 0.0390625 0.084375
2 0.66640625 0.5125 0.1046875 0.1421875
8 0.93828125 0.328125 0.0734375 0.14375
2 0.8890625 0.2671875 0.07109375 0.1296875