7 0.9390625 0.140625 0.121875 0.1828125
1 0.94375 0.1734375 0.109375 0.0453125
1 0.725 0.1890625 0.08046875 0.05703125
8 0.75546875 0.29921875 0.29140625 0.22109375
2 0.6109375 0.3765625 0.0375 0.05
8 0.615625 0.459375 0.05390625 0.10546875
1 0.7234375 0.34765625 0.05390625 0.04140625
2 0.7953125 0.51171875 0.409375 0.31171875
6 0.89453125 0.778125 0.2109375 0.22109375
2 0.884375 0.77578125 0.23125 0.1921875
1 0.65 0.5140625 0.1390625 0.10234375
7 0.37734375 0.4328125 0.4296875 0.36953125
1 0.38125 0.45 0.428125 0.33984375
2 0.3578125 0.35078125 0.41328125 0.32578125
8 0.6921875 0.72734375 0.40859375 0.32734375
8 0.79921875 0.9171875 0.03515625 0.05390625
2 0.921875 0.9578125 0.15625 0.084375
1 0.87578125 0.9578125 0.03046875 0.084375
2 0.96015625 0.77578125 0.0796875 0.16328125