7 0.665625 0.75234375 0.2 0.203125
2 0.81953125 0.89765625 0.3609375 0.203125
8 0.8609375 0.725 0.12734375 0.18515625
2 0.61953125 0.93984375 0.3140625 0.11953125
7 0.77265625 0.6125 0.071875 0.27734375
8 0.85625 0.43984375 0.23359375 0.575
8 0.15390625 0.62734375 0.1640625 0.3140625
2 0.4734375 0.5 0.096875 0.15703125
2 0.5390625 0.34765625 0.20625 0.33203125
2 0.3390625 0.4203125 0.234375 0.1375
2 0.4546875 0.2890625 0.3296875 0.2734375
8 0.3859375 0.728125 0.3890625 0.5421875
6 0.3390625 0.5859375 0.13671875 0.12265625
6 0.41484375 0.64921875 0.0453125 0.1390625
3 0.43515625 0.2609375 0.06796875 0.0515625
8 0.628125 0.565625 0.25859375 0.6140625