8 0.728125 0.45 0.2828125 0.4078125
6 0.73125 0.42265625 0.11796875 0.06328125
2 0.75703125 0.34921875 0.0640625 0.04296875
8 0.51015625 0.62890625 0.27109375 0.4359375
8 0.2421875 0.68203125 0.27890625 0.515625
8 0.2171875 0.45078125 0.14921875 0.3078125
8 0.41015625 0.440625 0.3515625 0.459375
8 0.72109375 0.3421875 0.06484375 0.05078125
2 0.74140625 0.37421875 0.04765625 0.0359375
6 0.71171875 0.4875 0.12265625 0.0875
6 0.81171875 0.43828125 0.075 0.0609375
1 0.721875 0.4015625 0.04375 0.03671875