2 0.4328125 0.92578125 0.45546875 0.146875
2 0.4390625 0.91015625 0.08515625 0.0375
6 0.74921875 0.86953125 0.21953125 0.16875
2 0.38515625 0.965625 0.1609375 0.06875
8 0.35234375 0.96640625 0.209375 0.06015625
8 0.6375 0.9546875 0.4953125 0.08984375
8 0.8609375 0.81484375 0.2765625 0.3296875
2 0.25546875 0.83203125 0.3921875 0.21015625
2 0.14765625 0.8703125 0.2953125 0.259375
1 0.14921875 0.79453125 0.0859375 0.01328125
2 0.2625 0.8046875 0.3453125 0.1734375
2 0.1234375 0.734375 0.01484375 0.0140625
2 0.43046875 0.78984375 0.60390625 0.2703125
2 0.34375 0.72734375 0.521875 0.15
2 0.3484375 0.69140625 0.5078125 0.0875
2 0.39140625 0.67734375 0.4859375 0.10234375
1 0.07265625 0.61484375 0.10234375 0.084375
2 0.33203125 0.6484375 0.45625 0.05234375
2 0.26171875 0.62265625 0.37265625 0.06328125
2 0.2109375 0.60546875 0.3859375 0.0375
2 0.346875 0.60546875 0.65078125 0.0484375
2 0.39140625 0.58125 0.61796875 0.0390625
2 0.52890625 0.56484375 0.59453125 0.06171875
2 0.56015625 0.5328125 0.87890625 0.03359375
2 0.52578125 0.49140625 0.5015625 0.05234375
2 0.2671875 0.48125 0.528125 0.1484375
2 0.52265625 0.425 0.79453125 0.1921875
2 0.5734375 0.36484375 0.8421875 0.18203125