2 0.44375 0.49765625 0.4703125 0.24296875
1 0.3625 0.6 0.0328125 0.03671875
2 0.50703125 0.28671875 0.4609375 0.3671875
2 0.54765625 0.16328125 0.478125 0.2078125
2 0.9203125 0.19140625 0.159375 0.0984375
2 0.54296875 0.07109375 0.32578125 0.1421875
2 0.79765625 0.13203125 0.2921875 0.12109375
2 0.971875 0.14296875 0.05546875 0.04140625
2 0.4125 0.15546875 0.19609375 0.0953125
8 0.7609375 0.86171875 0.32890625 0.27578125
2 0.659375 0.471875 0.090625 0.096875
2 0.578125 0.68359375 0.44140625 0.421875
8 0.47265625 0.6203125 0.12421875 0.06875
2 0.5078125 0.6828125 0.17734375 0.1265625
1 0.5453125 0.64921875 0.10078125 0.084375
3 0.60859375 0.6921875 0.08671875 0.075
2 0.6046875 0.6328125 0.18203125 0.07890625
6 0.621875 0.6421875 0.13203125 0.09296875
2 0.63828125 0.76484375 0.1265625 0.08828125
2 0.65859375 0.7140625 0.12890625 0.08984375
1 0.6515625 0.75703125 0.04296875 0.040625
2 0.09609375 0.8125 0.1921875 0.37421875
2 0.05078125 0.8703125 0.10078125 0.1640625
2 0.2234375 0.9125 0.25390625 0.175
1 0.53828125 0.30234375 0.2125 0.19140625