7 0.41953125 0.44921875 0.04921875 0.15
7 0.5515625 0.4984375 0.25625 0.16171875
7 0.5390625 0.5921875 0.1703125 0.04921875
8 0.77109375 0.5359375 0.25625 0.2
7 0.76484375 0.534375 0.225 0.19453125
8 0.92890625 0.43984375 0.14140625 0.26875
2 0.78671875 0.18125 0.12734375 0.1
7 0.6859375 0.2203125 0.0890625 0.115625
4 0.61640625 0.246875 0.08828125 0.05859375
7 0.76328125 0.265625 0.17578125 0.05390625
7 0.61484375 0.21328125 0.0828125 0.03046875
7 0.75703125 0.209375 0.14453125 0.075
7 0.77109375 0.22734375 0.0953125 0.03828125
8 0.78125 0.365625 0.30234375 0.20078125
7 0.53046875 0.39765625 0.22734375 0.07890625
7 0.61171875 0.32890625 0.22265625 0.11015625
1 0.55234375 0.465625 0.259375 0.096875