5 0.31796875 0.63515625 0.2015625 0.121875
5 0.30625 0.528125 0.18984375 0.11640625
5 0.31953125 0.4125 0.20078125 0.11875
5 0.39375 0.6390625 0.1453125 0.1140625
5 0.3796875 0.52578125 0.17734375 0.11171875
5 0.39921875 0.41640625 0.18828125 0.1171875
5 0.49296875 0.42109375 0.18125 0.12109375
5 0.471875 0.5359375 0.16796875 0.125
5 0.48359375 0.65234375 0.17578125 0.14296875
5 0.58671875 0.64921875 0.171875 0.14296875
5 0.61171875 0.40625 0.140625 0.1328125
5 0.34921875 0.17265625 0.384375 0.30625
5 0.571875 0.5234375 0.178125 0.125