2 0.1625 0.44453125 0.05234375 0.053125
2 0.56328125 0.7125 0.87265625 0.10546875
2 0.5203125 0.5703125 0.959375 0.2484375
1 0.91328125 0.528125 0.071875 0.03515625
1 0.53671875 0.503125 0.78984375 0.03046875
1 0.29375 0.5578125 0.04453125 0.18125
1 0.1765625 0.5609375 0.0890625 0.02265625
1 0.128125 0.621875 0.0359375 0.09609375
1 0.3 0.509375 0.30859375 0.01953125
1 0.175 0.48828125 0.04453125 0.01640625
1 0.35859375 0.51484375 0.0375 0.02734375
1 0.7125 0.59453125 0.04921875 0.13828125
8 0.65234375 0.4484375 0.45078125 0.2921875
1 0.9578125 0.63203125 0.0625 0.0484375
1 0.14140625 0.73125 0.0453125 0.06953125
1 0.92734375 0.93671875 0.1453125 0.125