1 0.3953125 0.02734375 0.0375 0.0171875
6 0.28671875 0.10234375 0.021875 0.0390625
1 0.60546875 0.7046875 0.11015625 0.02265625
3 0.15703125 0.59453125 0.04296875 0.0796875
3 0.11953125 0.66875 0.0609375 0.0515625
1 0.08828125 0.675 0.03125 0.03828125
1 0.11015625 0.60703125 0.0546875 0.0546875
6 0.31484375 0.69375 0.14375 0.0625
1 0.15625 0.4484375 0.03671875 0.04609375
2 0.60546875 0.45703125 0.34140625 0.4875
8 0.30625 0.39375 0.33515625 0.58203125
0 0.48671875 0.415625 0.0515625 0.03125
2 0.646875 0.38984375 0.1109375 0.08984375