2 0.38203125 0.74921875 0.2078125 0.23125
2 0.27265625 0.60859375 0.3609375 0.271875
2 0.28671875 0.46953125 0.1953125 0.17734375
2 0.7140625 0.35625 0.01953125 0.0875
2 0.62578125 0.34765625 0.1609375 0.13203125
2 0.45 0.3203125 0.31875 0.4609375
2 0.3703125 0.26484375 0.175 0.29765625
2 0.3328125 0.2515625 0.12109375 0.1859375
2 0.625 0.425 0.25546875 0.21328125
2 0.63828125 0.51640625 0.04140625 0.01796875
2 0.67578125 0.65 0.396875 0.3296875
2 0.49609375 0.57578125 0.02109375 0.0921875
2 0.50390625 0.58359375 0.0125 0.05234375
2 0.7734375 0.44921875 0.13203125 0.19140625
2 0.61953125 0.48359375 0.05625 0.06015625
2 0.77578125 0.55703125 0.0125 0.05
2 0.59296875 0.8078125 0.2125 0.29296875
2 0.58828125 0.6875 0.190625 0.16171875
2 0.54453125 0.746875 0.04296875 0.04296875
2 0.65703125 0.7578125 0.05234375 0.01640625
8 0.08515625 0.77578125 0.1703125 0.34296875
8 0.0265625 0.64609375 0.053125 0.1796875
8 0.08671875 0.9265625 0.1734375 0.146875