2 0.9515625 0.078125 0.03515625 0.04140625
6 0.94765625 0.10859375 0.03984375 0.06015625
8 0.84453125 0.14375 0.10625 0.13125
8 0.7921875 0.1609375 0.10546875 0.165625
8 0.7 0.28984375 0.053125 0.03203125
8 0.40703125 0.45546875 0.1328125 0.30390625
6 0.453125 0.27265625 0.23203125 0.3078125
8 0.83359375 0.59296875 0.26796875 0.63046875
8 0.6046875 0.52578125 0.29921875 0.75625
6 0.45625 0.37734375 0.06875 0.10625
8 0.2046875 0.4390625 0.27421875 0.36015625
6 0.13984375 0.33125 0.06015625 0.0703125
6 0.1546875 0.334375 0.034375 0.040625
6 0.98046875 0.12265625 0.03828125 0.0765625