8 0.059375 0.2359375 0.11875 0.471875
8 0.28125 0.11796875 0.50859375 0.2359375
8 0.21875 0.384375 0.3015625 0.6421875
2 0.66953125 0.50390625 0.365625 0.62578125
2 0.41953125 0.54609375 0.29609375 0.64453125
1 0.59609375 0.4109375 0.07421875 0.30390625
8 0.31171875 0.55546875 0.05546875 0.42578125
8 0.29453125 0.45234375 0.025 0.26015625
8 0.55859375 0.353125 0.02578125 0.18515625
6 0.3578125 0.32109375 0.06171875 0.146875
6 0.32265625 0.48515625 0.0484375 0.1796875
8 0.41328125 0.3421875 0.15859375 0.41171875
8 0.4765625 0.346875 0.1453125 0.18828125
2 0.50703125 0.46171875 0.1328125 0.28359375
8 0.37109375 0.5328125 0.19375 0.471875
1 0.36796875 0.74140625 0.07265625 0.07734375
8 0.45625 0.68125 0.16875 0.2
1 0.484375 0.615625 0.0734375 0.14375
1 0.26015625 0.415625 0.05078125 0.06015625
8 0.31328125 0.1375 0.0609375 0.20234375
1 0.3015625 0.39296875 0.06484375 0.31171875