6 0.56328125 0.3703125 0.29296875 0.178125
8 0.58515625 0.23671875 0.39609375 0.20625
2 0.82421875 0.515625 0.25546875 0.078125
2 0.8390625 0.4640625 0.26484375 0.1015625
2 0.73046875 0.43359375 0.23359375 0.1
2 0.809375 0.4046875 0.32421875 0.12265625
1 0.7734375 0.45546875 0.0796875 0.0484375
2 0.82578125 0.36875 0.2640625 0.11875
2 0.853125 0.29453125 0.24765625 0.11796875
2 0.8328125 0.28515625 0.15625 0.0390625
2 0.7453125 0.321875 0.11484375 0.0890625
2 0.87890625 0.3234375 0.15546875 0.08828125
1 0.9234375 0.3484375 0.0296875 0.07578125
6 0.5140625 0.4859375 0.040625 0.046875
8 0.55390625 0.478125 0.05859375 0.08984375
8 0.125 0.6890625 0.24921875 0.190625
8 0.5078125 0.60859375 0.54765625 0.4859375
2 0.4484375 0.3375 0.0671875 0.071875
6 0.5109375 0.45625 0.04921875 0.06328125