5 0.46953125 0.090625 0.17890625 0.03046875
2 0.18046875 0.67109375 0.3609375 0.6546875
5 0.11171875 0.56328125 0.1484375 0.3984375
5 0.24609375 0.54375 0.1375 0.32265625
5 0.071875 0.684375 0.14375 0.5125
5 0.03125 0.84375 0.0625 0.3109375
2 0.80625 0.70546875 0.38671875 0.58828125
5 0.70859375 0.54296875 0.10234375 0.159375
5 0.85703125 0.54921875 0.11796875 0.2171875
5 0.75625 0.6578125 0.12578125 0.23515625
5 0.91953125 0.67578125 0.159375 0.325
5 0.8328125 0.8265625 0.1671875 0.3453125
5 0.9578125 0.74921875 0.084375 0.246875
2 0.4828125 0.72734375 0.6546875 0.54453125
5 0.59921875 0.5140625 0.025 0.07109375
5 0.6046875 0.60625 0.071875 0.121875
5 0.37265625 0.60703125 0.07734375 0.125
5 0.38046875 0.51484375 0.025 0.06796875
5 0.4875 0.47890625 0.23125 0.76953125
5 0.5921875 0.8296875 0.1875 0.340625
5 0.3859375 0.82890625 0.1984375 0.3421875
5 0.91796875 0.92421875 0.16328125 0.15078125
5 0.3546875 0.915625 0.2015625 0.16796875
5 0.62890625 0.9171875 0.19921875 0.16484375