7 0.02578125 0.18203125 0.0515625 0.1
7 0.05703125 0.23515625 0.1140625 0.1203125
7 0.11015625 0.221875 0.06875 0.08828125
7 0.0875 0.31875 0.13125 0.0796875
7 0.16640625 0.23203125 0.153125 0.1515625
7 0.0234375 0.340625 0.046875 0.040625
8 0.47265625 0.378125 0.10390625 0.11796875
8 0.3234375 0.30703125 0.3515625 0.24140625
7 0.1109375 0.47109375 0.07734375 0.0296875
7 0.54453125 0.3984375 0.1796875 0.09453125
7 0.665625 0.43046875 0.18359375 0.09453125
8 0.45546875 0.6484375 0.821875 0.425
7 0.3765625 0.32265625 0.2046875 0.2125
7 0.21484375 0.50078125 0.4296875 0.15546875
7 0.2375 0.359375 0.15390625 0.14296875