8 0.81171875 0.55703125 0.2328125 0.18046875
8 0.53671875 0.62265625 0.46328125 0.41171875
8 0.25 0.6421875 0.27109375 0.28046875
6 0.34453125 0.50625 0.053125 0.08515625
6 0.33828125 0.51875 0.10546875 0.0578125
6 0.5046875 0.434375 0.34375 0.096875
2 0.5109375 0.4109375 0.34921875 0.12734375
2 0.340625 0.36640625 0.046875 0.03046875
2 0.3640625 0.359375 0.05625 0.03203125
2 0.51328125 0.34296875 0.29765625 0.15859375
2 0.55859375 0.31953125 0.1234375 0.0625
8 0.453125 0.3765625 0.0375 0.03984375
2 0.3578125 0.41171875 0.15625 0.10078125
1 0.51484375 0.4046875 0.20234375 0.15703125