1 0.57890625 0.24453125 0.06015625 0.10703125
6 0.68203125 0.3265625 0.05703125 0.17109375
8 0.30546875 0.24296875 0.0609375 0.1546875
6 0.6875 0.48671875 0.025 0.03515625
8 0.3765625 0.21953125 0.10546875 0.21875
8 0.56796875 0.3046875 0.04609375 0.08984375
8 0.47734375 0.28984375 0.15 0.21953125
8 0.5859375 0.434375 0.228125 0.1703125
2 0.7640625 0.4125 0.1796875 0.2890625
8 0.6359375 0.70234375 0.2859375 0.45390625
2 0.759375 0.3765625 0.06484375 0.13125
2 0.8046875 0.38125 0.09296875 0.17890625
2 0.721875 0.31328125 0.0609375 0.23984375
2 0.63203125 0.309375 0.10703125 0.184375
2 0.33046875 0.57734375 0.3828125 0.46484375
8 0.56796875 0.3328125 0.07109375 0.0828125
2 0.22265625 0.325 0.17734375 0.09609375
2 0.19609375 0.3125 0.1296875 0.06796875
2 0.2578125 0.340625 0.2421875 0.06171875
2 0.271875 0.340625 0.20390625 0.05
2 0.43515625 0.40625 0.04765625 0.18046875
2 0.23515625 0.353125 0.1078125 0.021875
2 0.28515625 0.43125 0.303125 0.221875
2 0.27109375 0.5421875 0.2015625 0.06875
2 0.17109375 0.50078125 0.03828125 0.08515625
2 0.3171875 0.56171875 0.325 0.15078125
2 0.36875 0.50703125 0.11640625 0.021875
2 0.43515625 0.403125 0.00703125 0.04453125