8 0.3515625 0.22265625 0.25 0.4453125
10 0.36015625 0.20859375 0.2203125 0.4171875
10 0.27109375 0.20078125 0.1234375 0.4015625
8 0.1921875 0.2625 0.08203125 0.525
10 0.18984375 0.22109375 0.06484375 0.4421875
10 0.16171875 0.2109375 0.08046875 0.421875
10 0.97890625 0.65546875 0.04140625 0.06953125
10 0.9828125 0.5859375 0.03359375 0.08515625
10 0.95546875 0.8828125 0.05078125 0.1046875
10 0.97890625 0.85234375 0.0421875 0.08203125
10 0.98671875 0.9140625 0.02578125 0.10546875
10 0.4375 0.98125 0.028125 0.03671875
10 0.34296875 0.8 0.27890625 0.3984375
10 0.24765625 0.68359375 0.1015625 0.228125
10 0.21484375 0.63359375 0.0578125 0.14453125
10 0.8890625 0.3328125 0.10546875 0.66484375
10 0.88515625 0.47421875 0.08828125 0.94765625
10 0.828125 0.5 0.10234375 1
10 0.7640625 0.31640625 0.034375 0.6328125
10 0.7828125 0.5 0.1578125 1
10 0.80390625 0.48359375 0.1359375 0.9671875
10 0.66875 0.49765625 0.08203125 0.9953125
10 0.70859375 0.4765625 0.09921875 0.95234375
10 0.62578125 0.45859375 0.08984375 0.9171875