8 0.06640625 0.09453125 0.1328125 0.1890625
8 0.0546875 0.10625 0.109375 0.2125
8 0.3546875 0.2234375 0.6921875 0.446875
8 0.5671875 0.3578125 0.44609375 0.38125
2 0.3234375 0.64609375 0.26953125 0.09765625
2 0.26484375 0.51328125 0.44765625 0.30234375
1 0.25859375 0.74765625 0.359375 0.171875
1 0.1953125 0.6953125 0.25546875 0.2328125
8 0.6828125 0.584375 0.63359375 0.79921875
2 0.5 0.04765625 0.21171875 0.0734375
2 0.5671875 0.065625 0.13984375 0.0796875
2 0.80625 0.80234375 0.3859375 0.24765625
6 0.68125 0.6046875 0.32890625 0.22734375