8 0.48203125 0.5484375 0.16953125 0.09921875
1 0.53046875 0.55703125 0.1078125 0.09375
2 0.61015625 0.45078125 0.290625 0.14765625
2 0.76328125 0.6703125 0.13125 0.08984375
2 0.671875 0.58046875 0.33125 0.23515625
8 0.68203125 0.66953125 0.06796875 0.084375
1 0.7953125 0.64375 0.0765625 0.0578125
2 0.21015625 0.19921875 0.4203125 0.1609375
2 0.52265625 0.25234375 0.2171875 0.24453125
2 0.3453125 0.40703125 0.40078125 0.40625
2 0.26796875 0.34375 0.121875 0.08984375
2 0.42109375 0.33984375 0.13828125 0.13671875
8 0.296875 0.2828125 0.1359375 0.07578125
6 0.3125 0.3140625 0.10859375 0.0734375
2 0.39453125 0.384375 0.14375 0.04609375
6 0.38046875 0.34453125 0.18671875 0.065625
2 0.41484375 0.3921875 0.07421875 0.028125
2 0.54921875 0.1875 0.184375 0.09609375
2 0.54140625 0.26796875 0.140625 0.11953125
2 0.63203125 0.24375 0.109375 0.18828125
2 0.68046875 0.23046875 0.040625 0.08359375
2 0.696875 0.22421875 0.0359375 0.0421875
2 0.64921875 0.31328125 0.19140625 0.14453125
8 0.90546875 0.459375 0.1890625 0.20703125
1 0.17265625 0.27421875 0.059375 0.10390625
1 0.56328125 0.3046875 0.075 0.0859375
2 0.6125 0.28984375 0.06875 0.078125
2 0.6453125 0.20625 0.0640625 0.10390625
6 0.1328125 0.66953125 0.2515625 0.1640625