1 0.94375 0.63984375 0.1125 0.18515625
2 0.4265625 0.4125 0.053125 0.046875
2 0.46796875 0.4078125 0.05390625 0.0546875
2 0.33671875 0.44765625 0.17578125 0.1
2 0.34296875 0.4078125 0.13515625 0.08984375
2 0.30234375 0.3734375 0.16484375 0.146875
1 0.29609375 0.32265625 0.0234375 0.0421875
1 0.296875 0.32421875 0.1515625 0.01640625
2 0.478125 0.340625 0.146875 0.1140625
2 0.51953125 0.3625 0.04921875 0.07578125
2 0.5953125 0.32265625 0.1421875 0.14140625
6 0.71875 0.2921875 0.1453125 0.02265625
2 0.50078125 0.60234375 0.3125 0.33828125
1 0.45 0.57890625 0.04296875 0.046875
2 0.60390625 0.4953125 0.325 0.1984375
2 0.68671875 0.3984375 0.31328125 0.16796875
2 0.7328125 0.33671875 0.2453125 0.07421875
1 0.40625 0.48203125 0.09609375 0.06484375
8 0.79921875 0.5609375 0.2546875 0.13046875
2 0.74375 0.49609375 0.2875 0.0890625
2 0.55859375 0.646875 0.16484375 0.11953125
8 0.76484375 0.68828125 0.403125 0.24375
2 0.6609375 0.88203125 0.10078125 0.23515625
8 0.83359375 0.86484375 0.3328125 0.26953125
2 0.83828125 0.84453125 0.32265625 0.228125
1 0.9359375 0.8265625 0.12734375 0.18125
1 0.8578125 0.840625 0.284375 0.07421875
6 0.97578125 0.63125 0.0484375 0.0421875
2 0.98125 0.61875 0.03671875 0.0140625
2 0.96796875 0.6 0.06328125 0.0359375
6 0.9484375 0.63125 0.05546875 0.0359375