2 0.940625 0.2421875 0.11796875 0.07890625
2 0.5 0.34609375 0.39375 0.215625
2 0.60390625 0.21328125 0.0390625 0.065625
2 0.425 0.25234375 0.34453125 0.2125
5 0.26484375 0.3421875 0.02890625 0.04375
2 0.31875 0.6609375 0.28515625 0.22109375
2 0.77578125 0.4703125 0.44765625 0.396875
2 0.4640625 0.53671875 0.44140625 0.23828125
2 0.63046875 0.79609375 0.62578125 0.40703125
2 0.38984375 0.14921875 0.28515625 0.1984375
2 0.8125 0.41640625 0.37421875 0.35703125
2 0.9046875 0.3609375 0.190625 0.18203125
2 0.959375 0.45078125 0.040625 0.05859375
2 0.96171875 0.25625 0.075 0.0484375
2 0.35859375 0.0953125 0.1625 0.04609375
2 0.36328125 0.10390625 0.13671875 0.059375