8 0.4234375 0.50234375 0.0734375 0.1765625
3 0.72890625 0.09921875 0.0546875 0.090625
2 0.72734375 0.09609375 0.05625 0.059375
6 0.97109375 0.30390625 0.05703125 0.0859375
8 0.94609375 0.42421875 0.10703125 0.18359375
8 0.49140625 0.246875 0.53125 0.4546875
8 0.821875 0.51328125 0.1015625 0.23828125
8 0.71484375 0.66640625 0.3546875 0.65546875
1 0.0609375 0.671875 0.121875 0.446875
3 0.04609375 0.89140625 0.09140625 0.08515625
1 0.2421875 0.61953125 0.35078125 0.62734375
8 0.496875 0.6609375 0.1796875 0.43671875
3 0.184375 0.3375 0.06484375 0.05390625
6 0.73046875 0.0453125 0.06015625 0.0453125