7 0.971875 0.52578125 0.05546875 0.10234375
7 0.97265625 0.46484375 0.05390625 0.196875
7 0.934375 0.69609375 0.1296875 0.25234375
7 0.971875 0.6609375 0.0546875 0.18515625
7 0.70078125 0.46484375 0.421875 0.30078125
7 0.715625 0.37265625 0.2875 0.115625
7 0.78671875 0.32265625 0.28515625 0.13671875
7 0.525 0.690625 0.70703125 0.390625
7 0.384375 0.6140625 0.61015625 0.16171875
1 0.07265625 0.446875 0.14453125 0.7171875
7 0.34375 0.49609375 0.6546875 0.34140625
7 0.31171875 0.50625 0.31171875 0.05703125
7 0.3046875 0.3984375 0.44765625 0.2171875
1 0.73671875 0.4359375 0.24453125 0.05703125