2 0.278125 0.31015625 0.3578125 0.29296875
2 0.5578125 0.2859375 0.884375 0.571875
2 0.46640625 0.26171875 0.7078125 0.5234375
8 0.9203125 0.621875 0.159375 0.12265625
1 0.9125 0.63828125 0.1171875 0.06328125
8 0.86015625 0.77578125 0.27890625 0.22109375
2 0.5234375 0.6875 0.08828125 0.0546875
1 0.6515625 0.82890625 0.36171875 0.3421875
7 0.6296875 0.7171875 0.309375 0.13515625
8 0.5140625 0.62265625 0.159375 0.16171875
8 0.8234375 0.35546875 0.08828125 0.1125
8 0.58359375 0.4609375 0.43671875 0.25546875
1 0.68515625 0.4046875 0.13671875 0.1046875
1 0.7609375 0.4109375 0.096875 0.05234375
7 0.7609375 0.5796875 0.478125 0.23203125
7 0.51328125 0.50546875 0.209375 0.10625
7 0.6484375 0.5078125 0.35078125 0.2078125
8 0.68828125 0.7 0.1328125 0.06796875
1 0.6125 0.6171875 0.28828125 0.31640625
7 0.41953125 0.5828125 0.16796875 0.11328125
7 0.25234375 0.834375 0.2125 0.109375
1 0.04296875 0.41015625 0.0859375 0.08359375
8 0.2578125 0.6875 0.45859375 0.196875
2 0.06328125 0.5640625 0.03515625 0.0625
2 0.1859375 0.546875 0.21171875 0.14609375
1 0.28671875 0.43046875 0.0859375 0.10078125
1 0.38125 0.4703125 0.11875 0.084375
1 0.653125 0.15859375 0.178125 0.190625