6 0.17890625 0.66015625 0.3578125 0.15703125
7 0.13203125 0.76796875 0.1234375 0.0484375
7 0.39140625 0.8125 0.07890625 0.08515625
7 0.3390625 0.79921875 0.16171875 0.20234375
7 0.24140625 0.8375 0.26328125 0.21171875
7 0.3125 0.86640625 0.0765625 0.1203125
7 0.17265625 0.9390625 0.11953125 0.12109375
7 0.215625 0.878125 0.2328125 0.24375
7 0.0953125 0.81484375 0.06328125 0.0453125
1 0.07734375 0.890625 0.1546875 0.21875
7 0.03671875 0.72734375 0.0734375 0.20078125
2 0.0234375 0.88828125 0.04609375 0.12890625
2 0.6453125 0.7875 0.2390625 0.2359375
2 0.4703125 0.575 0.940625 0.23203125
2 0.14609375 0.2125 0.29140625 0.17578125
1 0.41796875 0.91953125 0.20859375 0.1609375
7 0.4453125 0.5578125 0.7046875 0.1203125
7 0.4890625 0.51640625 0.7921875 0.17890625
7 0.43125 0.5328125 0.7078125 0.1296875
7 0.4859375 0.4921875 0.8046875 0.1796875
7 0.42734375 0.509375 0.71171875 0.11640625
7 0.48359375 0.465625 0.81484375 0.1859375
7 0.44609375 0.43671875 0.6859375 0.1015625
7 0.45 0.32734375 0.7171875 0.1953125