8 0.0265625 0.56484375 0.053125 0.1171875
7 0.28125 0.61953125 0.31484375 0.19921875
7 0.24921875 0.4859375 0.34765625 0.19453125
7 0.228125 0.29921875 0.446875 0.3296875
8 0.709375 0.45234375 0.30078125 0.1375
2 0.5484375 0.584375 0.24140625 0.225
2 0.53046875 0.52890625 0.22421875 0.1734375
2 0.46796875 0.42578125 0.17890625 0.315625
2 0.56796875 0.509375 0.07734375 0.15546875
2 0.60546875 0.49609375 0.0109375 0.07890625
2 0.6203125 0.50703125 0.04921875 0.20625
8 0.96953125 0.4703125 0.0609375 0.1015625
2 0.821875 0.63984375 0.33515625 0.31171875
2 0.97734375 0.7140625 0.0453125 0.01796875
2 0.7140625 0.528125 0.08828125 0.16796875
2 0.721875 0.6234375 0.02421875 0.02734375
2 0.696875 0.62265625 0.04765625 0.0796875
2 0.71796875 0.6484375 0.0671875 0.03203125
2 0.76640625 0.5390625 0.0234375 0.09375
2 0.75078125 0.61484375 0.03984375 0.1015625
8 0.75859375 0.51171875 0.0359375 0.06328125
2 0.93125 0.61875 0.13671875 0.2296875
2 0.81171875 0.578125 0.10859375 0.20078125
2 0.9171875 0.5703125 0.14140625 0.2109375
7 0.46953125 0.3578125 0.12890625 0.0921875
8 0.4359375 0.33671875 0.1140625 0.046875