3 0.72578125 0.7234375 0.13203125 0.0984375
8 0.1828125 0.43984375 0.365625 0.4953125
8 0.1921875 0.38125 0.25234375 0.23515625
2 0.546875 0.51640625 0.5453125 0.76640625
2 0.49296875 0.4796875 0.24765625 0.38203125
2 0.6125 0.23359375 0.22421875 0.17109375
2 0.65625 0.30625 0.19609375 0.17890625
1 0.7203125 0.42734375 0.05078125 0.09296875
3 0.6484375 0.45078125 0.09609375 0.15859375
2 0.44296875 0.440625 0.0171875 0.0609375
2 0.51953125 0.40859375 0.16171875 0.159375
2 0.5296875 0.50078125 0.11171875 0.1125
2 0.4578125 0.49765625 0.14453125 0.09609375
2 0.5015625 0.56484375 0.121875 0.1015625
2 0.4609375 0.58984375 0.15078125 0.13125
3 0.6515625 0.42734375 0.1015625 0.11875
8 0.646875 0.45234375 0.0640625 0.05390625