6 0.1171875 0.44375 0.134375 0.2484375
4 0.31875 0.40703125 0.0703125 0.0890625
1 0.28125 0.51328125 0.05234375 0.0796875
4 0.21640625 0.46484375 0.16015625 0.26484375
3 0.42890625 0.78125 0.1671875 0.1296875
1 0.5984375 0.38515625 0.07578125 0.05234375
1 0.5234375 0.42421875 0.10078125 0.0921875
1 0.54140625 0.48203125 0.04765625 0.0875
6 0.58359375 0.5 0.0953125 0.2296875
3 0.48671875 0.59609375 0.1015625 0.1484375
2 0.48046875 0.50859375 0.1140625 0.11796875
1 0.4203125 0.55703125 0.10859375 0.14453125
1 0.453125 0.2703125 0.08359375 0.0734375
1 0.7109375 0.23671875 0.06875 0.028125
6 0.74375 0.32734375 0.1859375 0.16171875
1 0.85703125 0.325 0.04765625 0.075
8 0.7921875 0.6140625 0.0453125 0.12265625
1 0.803125 0.628125 0.0546875 0.0875
1 0.93125 0.76171875 0.09140625 0.059375
2 0.93984375 0.709375 0.06796875 0.078125
4 0.92578125 0.54453125 0.0515625 0.08203125
4 0.8921875 0.68515625 0.16640625 0.2265625
1 0.74296875 0.7390625 0.1640625 0.1484375
2 0.61953125 0.67578125 0.11953125 0.2890625
1 0.56796875 0.78984375 0.1953125 0.09765625
1 0.88515625 0.48359375 0.21796875 0.325
3 0.696875 0.56796875 0.17265625 0.3875
1 0.6984375 0.54765625 0.16015625 0.1640625
6 0.55390625 0.28984375 0.25703125 0.2390625
1 0.571875 0.6859375 0.21015625 0.25078125
6 0.34609375 0.29296875 0.13203125 0.19140625
6 0.1859375 0.23515625 0.31015625 0.24765625
2 0.3 0.52421875 0.140625 0.25703125
1 0.4296875 0.415625 0.146875 0.1703125
4 0.23984375 0.74140625 0.1953125 0.25703125
1 0.29921875 0.8390625 0.1 0.04296875
4 0.38046875 0.6546875 0.18984375 0.33203125
4 0.10078125 0.44921875 0.2015625 0.3234375
4 0.0703125 0.8125 0.140625 0.15546875
6 0.14609375 0.7140625 0.21875 0.271875
1 0.3546875 0.18828125 0.1578125 0.0265625
8 0.77109375 0.290625 0.11171875 0.071875