8 0.58828125 0.459375 0.1078125 0.153125
2 0.6078125 0.07421875 0.0953125 0.1078125
8 0.42578125 0.5046875 0.08046875 0.15703125
8 0.6296875 0.28359375 0.19296875 0.38125
8 0.4875 0.44140625 0.05546875 0.14140625
8 0.509375 0.44453125 0.071875 0.0796875
8 0.74921875 0.54140625 0.23671875 0.259375
8 0.59375 0.67109375 0.29609375 0.40546875
8 0.7625 0.24609375 0.2453125 0.3703125
8 0.6921875 0.78828125 0.29765625 0.40234375
8 0.4953125 0.29765625 0.11953125 0.24375
8 0.31953125 0.29765625 0.0578125 0.1546875
8 0.38203125 0.26015625 0.13046875 0.17109375
8 0.3109375 0.6328125 0.46875 0.58828125
8 0.4140625 0.35625 0.13671875 0.290625
8 0.16015625 0.45625 0.03046875 0.04921875
3 0.40625 0.80859375 0.10703125 0.11328125
7 0.24296875 0.75 0.24921875 0.19609375
1 0.20703125 0.53125 0.03359375 0.24921875