2 0.09140625 0.253125 0.18203125 0.26875
2 0.1875 0.41640625 0.37421875 0.378125
8 0.2375 0.40234375 0.165625 0.0890625
2 0.08359375 0.7265625 0.16640625 0.35234375
2 0.46796875 0.578125 0.8234375 0.6390625
2 0.7171875 0.59921875 0.2921875 0.4578125
2 0.65625 0.35 0.3703125 0.1578125
2 0.28828125 0.428125 0.35 0.33828125
2 0.415625 0.47890625 0.61171875 0.534375
2 0.3625 0.65234375 0.05390625 0.07421875
2 0.60625 0.54375 0.4734375 0.4328125
2 0.5390625 0.6296875 0.42109375 0.328125
1 0.05546875 0.215625 0.1109375 0.0734375