7 0.825 0.53515625 0.34921875 0.20078125
2 0.43046875 0.52734375 0.86015625 0.40703125
2 0.29375 0.40625 0.5203125 0.2734375
7 0.2921875 0.40703125 0.49453125 0.26328125
2 0.309375 0.3578125 0.3859375 0.34140625
7 0.31171875 0.34609375 0.365625 0.31171875
7 0.5875 0.45078125 0.04296875 0.01953125
2 0.13046875 0.4515625 0.04296875 0.0515625
1 0.2609375 0.36953125 0.028125 0.05078125
8 0.553125 0.4015625 0.1890625 0.12421875
8 0.41484375 0.290625 0.49453125 0.22890625
8 0.31484375 0.3765625 0.09296875 0.05703125
8 0.3546875 0.4015625 0.06953125 0.02421875