8 0.2953125 0.340625 0.11171875 0.1015625
8 0.2765625 0.41953125 0.06015625 0.0671875
8 0.40078125 0.24921875 0.1890625 0.18984375
8 0.38984375 0.35546875 0.19296875 0.13671875
8 0.21171875 0.50703125 0.10078125 0.1390625
8 0.22578125 0.559375 0.09609375 0.175
8 0.2953125 0.46171875 0.10234375 0.109375
8 0.35234375 0.50859375 0.20703125 0.25625
8 0.259375 0.665625 0.1390625 0.2109375
8 0.3734375 0.73828125 0.15703125 0.23515625
8 0.6078125 0.5421875 0.10625 0.12734375
8 0.615625 0.66640625 0.08671875 0.1359375
8 0.5515625 0.7140625 0.18125 0.24140625
8 0.52578125 0.384375 0.06640625 0.084375
8 0.60703125 0.371875 0.1125 0.2390625
8 0.68515625 0.6453125 0.1296875 0.271875
8 0.4875 0.63515625 0.1484375 0.27578125
8 0.51015625 0.45625 0.1125 0.11171875
2 0.46484375 0.36953125 0.08046875 0.03203125
8 0.75859375 0.88046875 0.0875 0.09140625
10 0.20859375 0.271875 0.02109375 0.04453125
1 0.1765625 0.28359375 0.03046875 0.09296875