1 0.721875 0.21328125 0.078125 0.03359375
1 0.68203125 0.55234375 0.059375 0.0546875
8 0.64453125 0.1453125 0.07578125 0.07265625
8 0.68359375 0.2265625 0.084375 0.03828125
8 0.7015625 0.2703125 0.10546875 0.0671875
8 0.58984375 0.36328125 0.225 0.24765625
2 0.35625 0.76328125 0.5765625 0.4734375
2 0.48515625 0.81171875 0.359375 0.259375
8 0.79296875 0.4453125 0.26875 0.253125
8 0.8078125 0.7 0.384375 0.32734375
2 0.390625 0.51640625 0.58046875 0.4609375
2 0.3828125 0.5140625 0.4796875 0.34921875
2 0.4109375 0.53984375 0.33671875 0.24140625
8 0.47421875 0.2328125 0.34453125 0.3765625
2 0.43046875 0.525 0.30703125 0.22578125
1 0.35234375 0.51015625 0.478125 0.11796875
1 0.44609375 0.5375 0.08828125 0.271875
2 0.05859375 0.40703125 0.1171875 0.2984375
2 0.040625 0.05390625 0.08046875 0.1078125
2 0.03515625 0.165625 0.06953125 0.13828125
8 0.2140625 0.21484375 0.19375 0.08125
8 0.8609375 0.27421875 0.1609375 0.07578125