2 0.4734375 0.30625 0.1265625 0.0875
8 0.02421875 0.56875 0.04765625 0.07109375
2 0.0796875 0.59140625 0.159375 0.0984375
2 0.128125 0.68359375 0.1484375 0.1328125
8 0.03125 0.67890625 0.0625 0.0921875
2 0.06328125 0.8484375 0.12578125 0.303125
2 0.01484375 0.9109375 0.0296875 0.05859375
8 0.21484375 0.8015625 0.284375 0.175
2 0.0984375 0.65546875 0.13515625 0.04453125
2 0.12265625 0.61015625 0.1515625 0.08515625
2 0.14765625 0.5625 0.0625 0.01328125
2 0.1546875 0.47265625 0.309375 0.1984375
2 0.53359375 0.61484375 0.66015625 0.4796875
2 0.24609375 0.434375 0.1171875 0.05625
2 0.4734375 0.39375 0.33125 0.03359375
2 0.41875 0.44375 0.2421875 0.11171875
2 0.65703125 0.44765625 0.21640625 0.13828125
2 0.39296875 0.49375 0.16015625 0.09296875
8 0.5453125 0.5015625 0.2765625 0.084375
2 0.60234375 0.42421875 0.20859375 0.11796875
2 0.50390625 0.58828125 0.28984375 0.10078125
2 0.60625 0.546875 0.303125 0.075
2 0.55859375 0.615625 0.32578125 0.0421875
2 0.36640625 0.59609375 0.053125 0.0375
2 0.421875 0.5171875 0.19609375 0.1359375
2 0.44375 0.30546875 0.146875 0.0515625
2 0.40390625 0.334375 0.30390625 0.121875
2 0.37734375 0.340625 0.209375 0.065625
2 0.559375 0.603125 0.32578125 0.04921875
2 0.52578125 0.6 0.18984375 0.12109375
1 0.1953125 0.70234375 0.15625 0.04765625