1 0.36171875 0.09140625 0.028125 0.0671875
6 0.37421875 0.165625 0.1296875 0.0796875
2 0.378125 0.2359375 0.10625 0.06953125
1 0.565625 0.07578125 0.01796875 0.07109375
6 0.5828125 0.15234375 0.13125 0.08515625
2 0.58671875 0.221875 0.10546875 0.071875
1 0.240625 0.3109375 0.03671875 0.08203125
7 0.4859375 0.2984375 0.48828125 0.12265625
8 0.35859375 0.31171875 0.13828125 0.0984375
6 0.30546875 0.36484375 0.078125 0.046875
3 0.27734375 0.48203125 0.05390625 0.08515625
8 0.87265625 0.559375 0.2546875 0.5375
8 0.56953125 0.578125 0.7125 0.653125
2 0.46953125 0.25 0.09921875 0.0359375