10 0.25546875 0.37734375 0.08671875 0.0484375
7 0.0984375 0.7546875 0.02578125 0.0421875
10 0.31875 0.58828125 0.4875 0.37890625
2 0.04296875 0.85625 0.0859375 0.28671875
6 0.4625 0.63046875 0.1328125 0.0859375
6 0.71953125 0.58828125 0.1046875 0.04921875
2 0.52109375 0.553125 0.42421875 0.3578125
8 0.8453125 0.6328125 0.14765625 0.1625
2 0.16953125 0.90390625 0.1578125 0.19140625
2 0.26953125 0.8984375 0.0640625 0.203125
10 0.47890625 0.846875 0.07109375 0.0375
8 0.4953125 0.97421875 0.13359375 0.0515625
2 0.05 0.5796875 0.03125 0.03828125
2 0.01953125 0.553125 0.0390625 0.0828125
1 0.55546875 0.56875 0.10234375 0.13046875
1 0.16640625 0.98203125 0.15078125 0.03515625
1 0.02734375 0.9328125 0.0546875 0.0390625