8 0.56484375 0.02421875 0.11015625 0.04765625
8 0.628125 0.03671875 0.08203125 0.07265625
2 0.4515625 0.0515625 0.06015625 0.0578125
8 0.50234375 0.0546875 0.1515625 0.08203125
8 0.5515625 0.13046875 0.17265625 0.1734375
8 0.54765625 0.2015625 0.19921875 0.16640625
8 0.54765625 0.09140625 0.04921875 0.0328125
8 0.671875 0.0390625 0.084375 0.078125
8 0.29140625 0.14375 0.16171875 0.1640625
8 0.74375 0.078125 0.2671875 0.15625
8 0.40625 0.12734375 0.12734375 0.13515625
2 0.69375 0.2203125 0.29296875 0.20390625
2 0.796875 0.20625 0.13046875 0.1359375
8 0.353125 0.603125 0.284375 0.27421875
2 0.81328125 0.1796875 0.0515625 0.065625
8 0.3828125 0.23125 0.2 0.1734375
2 0.540625 0.83125 0.31640625 0.26796875
4 0.4765625 0.90390625 0.10078125 0.07734375
2 0.54921875 0.93125 0.07109375 0.0765625
8 0.259375 0.7328125 0.35546875 0.32109375
8 0.28046875 0.40546875 0.2328125 0.1828125
1 0.396875 0.48671875 0.11015625 0.17578125
8 0.21875 0.22421875 0.1890625 0.2265625
8 0.375 0.3625 0.0625 0.08203125
6 0.3859375 0.3015625 0.075 0.109375
2 0.73359375 0.25625 0.06015625 0.0328125
2 0.796875 0.25390625 0.0484375 0.04453125
2 0.7921875 0.2625 0.0453125 0.02734375
2 0.73125 0.15078125 0.14765625 0.20546875
2 0.75625 0.2125 0.0859375 0.065625
2 0.73203125 0.14296875 0.14296875 0.08671875
8 0.51640625 0.08671875 0.07265625 0.0328125
8 0.6046875 0.5296875 0.42421875 0.5171875
1 0.815625 0.28984375 0.0390625 0.03828125