6 0.128125 0.5390625 0.103125 0.13828125
6 0.246875 0.36953125 0.1515625 0.0578125
8 0.2140625 0.31640625 0.33046875 0.1453125
6 0.2765625 0.31328125 0.1875 0.12109375
1 0.25625 0.3078125 0.12890625 0.08984375
2 0.24375 0.44453125 0.33203125 0.1140625
8 0.60234375 0.2109375 0.2328125 0.265625
6 0.56796875 0.1640625 0.03359375 0.0375
6 0.53515625 0.1828125 0.05625 0.0671875
2 0.6171875 0.12421875 0.03828125 0.0234375
8 0.5203125 0.37890625 0.24375 0.1859375
1 0.40390625 0.8484375 0.0484375 0.0453125
1 0.35390625 0.76640625 0.0453125 0.0390625
8 0.5015625 0.6984375 0.1203125 0.01796875
1 0.51796875 0.71015625 0.046875 0.02578125
8 0.07734375 0.52890625 0.1546875 0.2828125
6 0.315625 0.92421875 0.27578125 0.1515625
6 0.31171875 0.55625 0.22265625 0.17734375