8 0.51484375 0.31484375 0.0453125 0.17265625
8 0.53828125 0.334375 0.06484375 0.16171875
8 0.603125 0.21328125 0.10703125 0.23671875
8 0.6015625 0.37421875 0.0890625 0.13828125
8 0.40625 0.275 0.10625 0.109375
8 0.37109375 0.38359375 0.08046875 0.1484375
8 0.45078125 0.3609375 0.13125 0.20859375
8 0.471875 0.45078125 0.103125 0.1140625
7 0.590625 0.43828125 0.13671875 0.059375
8 0.54453125 0.571875 0.171875 0.32578125
1 0.54140625 0.42421875 0.040625 0.03828125
8 0.73828125 0.671875 0.4015625 0.465625
8 0.7296875 0.275 0.18359375 0.396875