6 0.12421875 0.846875 0.24765625 0.30546875
2 0.1296875 0.53125 0.259375 0.22109375
2 0.76484375 0.17265625 0.253125 0.1421875
2 0.7984375 0.26015625 0.090625 0.05625
6 0.8203125 0.41015625 0.07578125 0.17421875
2 0.66640625 0.31875 0.3171875 0.26796875
2 0.65859375 0.45390625 0.33984375 0.2203125
2 0.7109375 0.5359375 0.17578125 0.1609375
3 0.52265625 0.4 0.03515625 0.03359375
6 0.56171875 0.39921875 0.06015625 0.0484375
8 0.52109375 0.51875 0.325 0.29375
8 0.175 0.609375 0.0484375 0.1421875
8 0.459375 0.70546875 0.56328125 0.5890625
8 0.08359375 0.609375 0.1671875 0.084375
8 0.09140625 0.71875 0.1828125 0.1671875