8 0.565625 0.53828125 0.02578125 0.0171875
8 0.49921875 0.46015625 0.21796875 0.1265625
8 0.52265625 0.5375 0.13125 0.075
8 0.44609375 0.5703125 0.10390625 0.11640625
2 0.5671875 0.7671875 0.096875 0.078125
1 0.57421875 0.8265625 0.17109375 0.1125
8 0.571875 0.6984375 0.1015625 0.0765625
3 0.6375 0.75 0.0375 0.07109375
8 0.48046875 0.6578125 0.08359375 0.015625
8 0.41796875 0.6546875 0.03671875 0.021875
2 0.61328125 0.5578125 0.06640625 0.03046875
8 0.43125 0.534375 0.07890625 0.1125
1 0.2796875 0.54921875 0.25 0.37421875
1 0.3078125 0.29765625 0.0734375 0.1359375
8 0.27421875 0.7453125 0.0828125 0.0484375
1 0.23359375 0.28203125 0.11640625 0.15078125
2 0.23359375 0.39921875 0.2 0.05
7 0.47734375 0.578125 0.121875 0.0953125
2 0.23125 0.38359375 0.2015625 0.04921875
2 0.2484375 0.3625 0.19765625 0.04921875
6 0.38515625 0.7734375 0.36640625 0.21640625
8 0.58203125 0.621875 0.146875 0.1078125
2 0.6328125 0.74296875 0.0265625 0.0515625
2 0.68359375 0.709375 0.24140625 0.21875
8 0.69375 0.67578125 0.15 0.04765625