6 0.86171875 0.59375 0.275 0.09609375
2 0.11796875 0.6375 0.2359375 0.3890625
6 0.17734375 0.6234375 0.2734375 0.46015625
6 0.50859375 0.6140625 0.1484375 0.25859375
1 0.22734375 0.6078125 0.16875 0.271875
6 0.9046875 0.6765625 0.18984375 0.11484375
8 0.9171875 0.4140625 0.16484375 0.078125
1 0.95859375 0.421875 0.0828125 0.03984375
6 0.79921875 0.4125 0.0734375 0.0171875
6 0.77265625 0.4671875 0.4546875 0.17578125
6 0.75703125 0.47578125 0.17421875 0.0515625
1 0.77890625 0.4625 0.440625 0.13515625
8 0.87890625 0.559375 0.1265625 0.13671875