2 0.50234375 0.62265625 0.5234375 0.51953125
3 0.36875 0.5265625 0.03984375 0.05390625
3 0.34296875 0.58671875 0.109375 0.071875
3 0.4296875 0.5984375 0.09921875 0.034375
6 0.5078125 0.60234375 0.0765625 0.0265625
3 0.6203125 0.58671875 0.10859375 0.0203125
3 0.7203125 0.41875 0.03203125 0.03984375
3 0.71640625 0.51875 0.05625 0.10546875
3 0.70546875 0.584375 0.06328125 0.06796875
3 0.7 0.615625 0.08046875 0.04296875
2 0.35546875 0.65625 0.0125 0.0578125
6 0.50703125 0.60390625 0.0453125 0.021875
2 0.540625 0.3765625 0.41796875 0.42890625
3 0.57578125 0.60390625 0.19921875 0.0578125
2 0.51171875 0.3109375 0.2671875 0.1375
3 0.51328125 0.75703125 0.06484375 0.01328125
2 0.52265625 0.75234375 0.05390625 0.0171875
3 0.56328125 0.75703125 0.04375 0.01875
1 0.5609375 0.540625 0.0859375 0.0796875