1 0.865625 0.93359375 0.06796875 0.08203125
2 0.9515625 0.91015625 0.096875 0.17890625
6 0.5171875 0.52578125 0.1078125 0.11640625
8 0.88203125 0.31171875 0.16328125 0.2359375
2 0.63203125 0.3671875 0.5625 0.521875
2 0.56015625 0.06171875 0.121875 0.1234375
8 0.8 0.128125 0.3984375 0.25625
8 0.9140625 0.646875 0.171875 0.4625
8 0.8734375 0.86171875 0.09921875 0.0625
4 0.84609375 0.72734375 0.16328125 0.27109375
2 0.540625 0.75390625 0.49921875 0.40078125
6 0.85234375 0.9625 0.14765625 0.075
2 0.534375 0.75078125 0.4734375 0.35546875