8 0.06875 0.54921875 0.1375 0.6546875
2 0.96796875 0.7375 0.0640625 0.40546875
8 0.315625 0.5234375 0.42578125 0.634375
6 0.3484375 0.33515625 0.10078125 0.2609375
6 0.26875 0.35 0.12265625 0.26484375
6 0.340625 0.44296875 0.09921875 0.1296875
6 0.2984375 0.47734375 0.11171875 0.09921875
6 0.43671875 0.40390625 0.09609375 0.215625
8 0.71328125 0.54296875 0.484375 0.65234375
6 0.66171875 0.34140625 0.0796875 0.2359375
6 0.825 0.33515625 0.12734375 0.27109375
4 0.6625 0.35234375 0.2453125 0.27734375
6 0.74140625 0.453125 0.1375 0.2171875
5 0.61796875 0.45390625 0.1296875 0.21875
6 0.87109375 0.44375 0.121875 0.16875