8 0.20859375 0.484375 0.04609375 0.0734375
8 0.74609375 0.559375 0.171875 0.24921875
8 0.734375 0.26171875 0.16328125 0.271875
6 0.74140625 0.14609375 0.0546875 0.07421875
8 0.675 0.33828125 0.13125 0.175
2 0.61484375 0.3171875 0.08984375 0.09609375
8 0.7015625 0.0828125 0.10703125 0.13828125
8 0.63984375 0.4265625 0.12109375 0.2015625
8 0.5875 0.52578125 0.11875 0.19140625
8 0.58828125 0.1640625 0.22109375 0.325
8 0.6625 0.64453125 0.15234375 0.25859375
8 0.51796875 0.36875 0.1296875 0.21953125
8 0.41875 0.2125 0.1515625 0.15625
8 0.44375 0.5125 0.18046875 0.2953125
8 0.56015625 0.68203125 0.16015625 0.39296875
8 0.365625 0.70859375 0.384375 0.5828125
8 0.3671875 0.30859375 0.21953125 0.2375
1 0.7265625 0.9453125 0.078125 0.07109375