2 0.35390625 0.69296875 0.5671875 0.39609375
2 0.59375 0.5828125 0.07109375 0.03046875
2 0.553125 0.5828125 0.04375 0.0171875
8 0.46875 0.60078125 0.0796875 0.02734375
2 0.32265625 0.56328125 0.24453125 0.10234375
6 0.53203125 0.5984375 0.05390625 0.03125
1 0.190625 0.540625 0.034375 0.02421875
7 0.23359375 0.55703125 0.090625 0.05234375
7 0.453125 0.55859375 0.43515625 0.0890625
7 0.44765625 0.540625 0.37890625 0.053125
7 0.45703125 0.52578125 0.4296875 0.0390625
7 0.465625 0.515625 0.42265625 0.05703125
8 0.778125 0.5578125 0.13984375 0.046875
7 0.7828125 0.5453125 0.05390625 0.0296875
8 0.946875 0.5703125 0.10546875 0.1671875
7 0.909375 0.54296875 0.04296875 0.028125
7 0.7921875 0.54140625 0.05078125 0.02578125
7 0.90234375 0.52265625 0.03671875 0.03359375
2 0.3890625 0.390625 0.61171875 0.25078125
2 0.6984375 0.3984375 0.22265625 0.1328125
8 0.72421875 0.49921875 0.209375 0.08515625
8 0.86171875 0.5171875 0.0828125 0.1203125
1 0.91484375 0.490625 0.06171875 0.028125
1 0.84609375 0.515625 0.13828125 0.0328125
1 0.19296875 0.33515625 0.159375 0.0859375
1 0.178125 0.39140625 0.153125 0.09140625
1 0.1640625 0.43515625 0.15 0.0953125
1 0.175 0.384375 0.06015625 0.19453125
8 0.74921875 0.39453125 0.2484375 0.1171875