2 0.39375 0.65859375 0.0328125 0.059375
2 0.8234375 0.50546875 0.059375 0.165625
2 0.7453125 0.53984375 0.15546875 0.26640625
2 0.7484375 0.52265625 0.0953125 0.15390625
2 0.7375 0.51796875 0.15078125 0.30234375
2 0.59296875 0.6859375 0.18359375 0.2546875
2 0.475 0.63125 0.1828125 0.178125
2 0.3203125 0.5515625 0.17109375 0.209375
2 0.37421875 0.3203125 0.0765625 0.09921875
2 0.38046875 0.3078125 0.07421875 0.06875
2 0.68359375 0.49296875 0.25078125 0.2671875
2 0.53046875 0.51796875 0.53125 0.3078125
2 0.47421875 0.4875 0.20078125 0.17890625
2 0.59140625 0.37109375 0.465625 0.42890625
2 0.51953125 0.728125 0.059375 0.075
1 0.4609375 0.484375 0.09375 0.084375
1 0.53984375 0.25703125 0.14375 0.0703125
1 0.6921875 0.2890625 0.0515625 0.0515625
1 0.71328125 0.2265625 0.134375 0.1140625