2 0.1546875 0.753125 0.08046875 0.1140625
2 0.08671875 0.871875 0.17265625 0.25625
2 0.0578125 0.72421875 0.115625 0.1859375
8 0.54296875 0.2625 0.0921875 0.13125
8 0.71875 0.3109375 0.28984375 0.18203125
1 0.83125 0.32109375 0.0484375 0.06015625
8 0.7546875 0.465625 0.19921875 0.3
8 0.55078125 0.36796875 0.11484375 0.21953125
1 0.5859375 0.51953125 0.040625 0.03203125
6 0.4625 0.465625 0.0625 0.0515625
8 0.56796875 0.559375 0.209375 0.22109375
8 0.36953125 0.75625 0.37109375 0.203125
8 0.528125 0.65 0.04921875 0.08671875
8 0.29921875 0.55078125 0.4546875 0.37265625
1 0.44765625 0.209375 0.16953125 0.1828125
6 0.49140625 0.871875 0.1359375 0.09140625
1 0.5953125 0.78671875 0.07578125 0.06796875