8 0.05859375 0.94921875 0.11640625 0.1015625
6 0.43984375 0.4140625 0.58828125 0.34140625
1 0.42890625 0.40390625 0.08203125 0.04375
1 0.60078125 0.38046875 0.14296875 0.0984375
3 0.25546875 0.36953125 0.153125 0.1
3 0.396875 0.34609375 0.2171875 0.16015625
2 0.38828125 0.35625 0.17890625 0.13203125
2 0.45078125 0.43515625 0.0453125 0.04609375
8 0.521875 0.43515625 0.1328125 0.0390625
2 0.415625 0.440625 0.0375 0.0359375
2 0.359375 0.440625 0.1234375 0.03828125
2 0.3125 0.43203125 0.040625 0.03203125
6 0.453125 0.30234375 0.1421875 0.08671875
1 0.584375 0.39296875 0.09453125 0.03828125
1 0.521875 0.3984375 0.04296875 0.03203125
4 0.43203125 0.30625 0.625 0.2328125
6 0.3296875 0.2015625 0.184375 0.03203125
8 0.58046875 0.36484375 0.11875 0.04921875
1 0.553125 0.3578125 0.159375 0.084375