8 0.07265625 0.38046875 0.040625 0.0375
8 0.403125 0.0515625 0.17890625 0.103125
8 0.48828125 0.16484375 0.42421875 0.16640625
8 0.80078125 0.334375 0.39765625 0.38984375
8 0.8375 0.08515625 0.325 0.1703125
8 0.15859375 0.1859375 0.3171875 0.371875
8 0.8546875 0.675 0.290625 0.22578125
8 0.91875 0.92890625 0.16171875 0.14140625
1 0.86796875 0.7953125 0.26328125 0.1359375
2 0.49140625 0.44765625 0.9140625 0.6265625
6 0.48046875 0.43125 0.86953125 0.62734375
8 0.04453125 0.409375 0.08828125 0.11640625
8 0.04765625 0.19453125 0.09453125 0.290625
6 0.49453125 0.3359375 0.52265625 0.30234375
3 0.47890625 0.47109375 0.64453125 0.40234375
8 0.4734375 0.7296875 0.94609375 0.53828125
1 0.415625 0.14375 0.09375 0.07421875
1 0.29765625 0.40703125 0.5953125 0.359375
8 0.025 0.18984375 0.05 0.053125