1 0.4890625 0.54453125 0.978125 0.91015625
6 0.5015625 0.52578125 0.2296875 0.1375
4 0.29609375 0.4625 0.11015625 0.07578125
8 0.33359375 0.56015625 0.4734375 0.18671875
5 0.44609375 0.5859375 0.290625 0.0671875
4 0.3578125 0.63671875 0.17265625 0.08984375
4 0.71953125 0.6515625 0.06015625 0.06640625
6 0.79296875 0.903125 0.10390625 0.15390625
5 0.5859375 0.64453125 0.2265625 0.075
6 0.490625 0.70234375 0.15390625 0.09609375
6 0.66328125 0.878125 0.06484375 0.0296875
6 0.71328125 0.94296875 0.24375 0.11328125
6 0.690625 0.77421875 0.2859375 0.24765625
7 0.584375 0.8046875 0.21328125 0.18125
6 0.3640625 0.69765625 0.1296875 0.08203125
6 0.465625 0.77109375 0.16328125 0.0671875
6 0.43515625 0.5109375 0.284375 0.140625
4 0.3 0.53671875 0.17890625 0.0609375
4 0.6125 0.55078125 0.14453125 0.1140625
4 0.43984375 0.60234375 0.14609375 0.103125