8 0.49140625 0.57890625 0.0390625 0.03359375
2 0.20234375 0.66171875 0.06875 0.0953125
3 0.15546875 0.56484375 0.0625 0.046875
2 0.37578125 0.553125 0.0578125 0.0703125
2 0.24375 0.496875 0.05625 0.0765625
8 0.16796875 0.56171875 0.13515625 0.1
1 0.228125 0.734375 0.12890625 0.00703125
8 0.3125 0.5046875 0.09296875 0.1140625
8 0.396875 0.77109375 0.11875 0.08359375
2 0.26484375 0.57265625 0.16015625 0.11015625
2 0.334375 0.65703125 0.2625 0.20078125
2 0.08671875 0.70625 0.1734375 0.190625
2 0.1 0.5140625 0.1703125 0.115625
5 0.45546875 0.7171875 0.09765625 0.05703125
3 0.5171875 0.76875 0.1078125 0.0671875
2 0.46484375 0.48984375 0.18125 0.14375
2 0.4640625 0.5015625 0.15625 0.05625
2 0.471875 0.5109375 0.1484375 0.04921875
2 0.48984375 0.525 0.09296875 0.02265625
2 0.81015625 0.58046875 0.37890625 0.2234375
8 0.7140625 0.5375 0.13203125 0.0859375
7 0.896875 0.5671875 0.20625 0.05390625
2 0.65703125 0.428125 0.10078125 0.0359375
2 0.23203125 0.56328125 0.11484375 0.10234375
1 0.21640625 0.7125 0.10078125 0.01015625