1 0.94609375 0.1296875 0.08046875 0.084375
8 0.9609375 0.153125 0.07734375 0.04375
2 0.890625 0.19609375 0.08828125 0.04921875
1 0.9375 0.3328125 0.09609375 0.0578125
8 0.89140625 0.27421875 0.2171875 0.16796875
8 0.9625 0.2015625 0.07421875 0.11953125
8 0.7875 0.27734375 0.0515625 0.01953125
3 0.44375 0.2875 0.0484375 0.04296875
8 0.89765625 0.47734375 0.20390625 0.20703125
8 0.7328125 0.346875 0.5296875 0.178125
8 0.8671875 0.8 0.2640625 0.26875
3 0.5546875 0.66640625 0.078125 0.0328125
8 0.5203125 0.5859375 0.146875 0.14375
2 0.33984375 0.60390625 0.29375 0.11953125
2 0.41171875 0.56796875 0.1890625 0.096875
2 0.49921875 0.51171875 0.05234375 0.02109375
8 0.08125 0.3375 0.1625 0.115625
8 0.26015625 0.40546875 0.5203125 0.3765625
8 0.8078125 0.86171875 0.16484375 0.10234375
8 0.96875 0.63125 0.06171875 0.12890625
8 0.6984375 0.553125 0.475 0.45546875
2 0.89140625 0.59375 0.02890625 0.0609375
2 0.928125 0.6046875 0.1234375 0.14140625
1 0.94765625 0.5921875 0.09765625 0.05703125