2 0.36796875 0.22421875 0.22578125 0.09296875
2 0.19921875 0.0921875 0.196875 0.184375
2 0.38203125 0.29765625 0.1078125 0.084375
2 0.325 0.24375 0.259375 0.11953125
2 0.4203125 0.3734375 0.190625 0.13984375
2 0.5703125 0.37421875 0.21328125 0.103125
2 0.7203125 0.7828125 0.5578125 0.434375
2 0.2703125 0.85625 0.38515625 0.06484375
2 0.17109375 0.2359375 0.34140625 0.44375
2 0.2234375 0.9359375 0.446875 0.12734375
1 0.79453125 0.85078125 0.25234375 0.121875
2 0.11796875 0.5890625 0.2359375 0.60625
2 0.51875 0.6171875 0.8828125 0.49609375
2 0.0796875 0.05078125 0.15859375 0.1015625