2 0.5578125 0.34609375 0.63984375 0.37578125
7 0.3359375 0.434375 0.08125 0.0578125
7 0.37421875 0.421875 0.05859375 0.0640625
7 0.4265625 0.35078125 0.19296875 0.08359375
2 0.36015625 0.4703125 0.078125 0.05625
7 0.5140625 0.3765625 0.284375 0.15
1 0.68984375 0.44609375 0.15 0.09296875
7 0.525 0.53515625 0.3203125 0.29375
2 0.50625 0.5078125 0.7265625 0.5140625
1 0.8515625 0.5171875 0.12265625 0.04375
1 0.68671875 0.62421875 0.2609375 0.19609375
1 0.6796875 0.59375 0.06875 0.04609375
1 0.6171875 0.62265625 0.06484375 0.0484375
1 0.59296875 0.690625 0.05234375 0.03515625