6 0.5046875 0.48125 0.7265625 0.9625
6 0.22578125 0.3625 0.02421875 0.1203125
6 0.6625 0.47265625 0.0921875 0.0828125
6 0.54609375 0.3609375 0.15234375 0.1984375
6 0.77421875 0.565625 0.11796875 0.2171875
6 0.70390625 0.38984375 0.16484375 0.2109375
6 0.42421875 0.43671875 0.08359375 0.1046875
6 0.6078125 0.63359375 0.1546875 0.13671875
6 0.571875 0.3515625 0.125 0.15703125
6 0.6828125 0.54375 0.16328125 0.12421875
6 0.46875 0.5 0.10625 0.2078125
6 0.67265625 0.7015625 0.13046875 0.21796875
6 0.5515625 0.81875 0.08359375 0.1140625
6 0.44140625 0.72890625 0.13046875 0.1375
6 0.3171875 0.7625 0.11796875 0.146875
6 0.36796875 0.68203125 0.11328125 0.14609375
6 0.2828125 0.65703125 0.13203125 0.0640625
6 0.30859375 0.328125 0.1765625 0.18828125
6 0.47109375 0.14609375 0.12265625 0.14609375
6 0.44921875 0.190625 0.1546875 0.20703125
6 0.4015625 0.25546875 0.1828125 0.2421875
6 0.30625 0.5328125 0.2328125 0.2984375
6 0.45234375 0.809375 0.1375 0.18828125
6 0.6125 0.73515625 0.175 0.2421875
6 0.4796875 0.646875 0.11953125 0.1109375
6 0.521875 0.52890625 0.18515625 0.2390625
6 0.61796875 0.209375 0.1734375 0.2265625