7 0.35625 0.23359375 0.21484375 0.13125
3 0.5234375 0.20078125 0.37578125 0.11796875
6 0.51328125 0.31875 0.2296875 0.1640625
8 0.4796875 0.5203125 0.23984375 0.16171875
1 0.45703125 0.54609375 0.06875 0.0265625
1 0.44921875 0.57734375 0.14765625 0.05859375
8 0.4921875 0.6390625 0.37265625 0.478125
1 0.38125 0.54140625 0.04140625 0.05
8 0.43984375 0.48203125 0.13125 0.06796875
4 0.24609375 0.0359375 0.040625 0.0296875
1 0.86796875 0.1203125 0.06875 0.04921875
6 0.47578125 0.340625 0.22109375 0.10859375