2 0.26640625 0.696875 0.3921875 0.25390625
2 0.18984375 0.54609375 0.35546875 0.3171875
2 0.73671875 0.80390625 0.25546875 0.159375
2 0.74140625 0.621875 0.25078125 0.41484375
2 0.74140625 0.49921875 0.171875 0.2609375
2 0.74140625 0.60078125 0.190625 0.13125
2 0.74921875 0.634375 0.1625 0.1140625
2 0.52265625 0.78046875 0.1640625 0.12109375
2 0.58203125 0.753125 0.03046875 0.0484375
2 0.490625 0.53125 0.3625 0.51484375
2 0.48359375 0.42890625 0.26171875 0.275
2 0.16875 0.46328125 0.23125 0.228125
6 0.19375 0.54140625 0.103125 0.02890625
1 0.2734375 0.75625 0.2796875 0.1125