8 0.0984375 0.11484375 0.196875 0.22890625
0 0.0546875 0.72109375 0.02109375 0.05
2 0.26953125 0.021875 0.1765625 0.04375
8 0.05 0.53984375 0.1 0.5140625
2 0.36484375 0.5 0.7078125 1
8 0.15703125 0.3578125 0.3140625 0.4484375
2 0.91171875 0.41328125 0.1734375 0.1609375
2 0.825 0.371875 0.0609375 0.084375
2 0.390625 0.0265625 0.32578125 0.053125
6 0.0890625 0.8046875 0.12890625 0.06484375
1 0.12109375 0.83984375 0.07421875 0.05390625
0 0.03046875 0.7921875 0.0609375 0.140625
2 0.1234375 0.90234375 0.246875 0.1921875
2 0.27109375 0.965625 0.07265625 0.0671875
2 0.90703125 0.06015625 0.1859375 0.1203125
8 0.53125 0.46484375 0.85625 0.9140625