2 0.70078125 0.46171875 0.5578125 0.4703125
2 0.42890625 0.596875 0.53984375 0.4203125
4 0.29609375 0.6609375 0.03203125 0.04921875
2 0.27578125 0.60546875 0.0453125 0.07734375
2 0.53828125 0.61015625 0.18828125 0.146875
6 0.496875 0.5421875 0.115625 0.06953125
6 0.47265625 0.51171875 0.08359375 0.028125
6 0.39375 0.56015625 0.2515625 0.06796875
6 0.6875 0.48046875 0.18984375 0.1796875
6 0.3609375 0.5484375 0.215625 0.3765625
6 0.57421875 0.60390625 0.03046875 0.0640625
1 0.5203125 0.6734375 0.36015625 0.16953125