8 0.8359375 0.453125 0.28046875 0.20859375
8 0.7234375 0.50078125 0.3015625 0.28203125
2 0.8125 0.35546875 0.0625 0.025
1 0.878125 0.5515625 0.0421875 0.0734375
2 0.88359375 0.6015625 0.0359375 0.04296875
8 0.8265625 0.409375 0.0359375 0.0328125
8 0.5515625 0.54921875 0.3453125 0.4109375
1 0.78359375 0.63125 0.0625 0.12109375
8 0.24140625 0.6734375 0.31953125 0.40546875
2 0.25234375 0.4953125 0.1390625 0.03828125
8 0.62890625 0.59609375 0.0484375 0.0546875
8 0.66640625 0.58046875 0.0328125 0.06796875
2 0.68984375 0.584375 0.0234375 0.04296875
2 0.53828125 0.5171875 0.1109375 0.07109375