1 0.696875 0.12109375 0.24609375 0.24140625
1 0.54140625 0.1484375 0.20859375 0.29609375
1 0.28359375 0.15078125 0.3921875 0.3015625
8 0.07578125 0.296875 0.1515625 0.53515625
2 0.28828125 0.61953125 0.496875 0.2875
2 0.3125 0.434375 0.62421875 0.5203125
2 0.2703125 0.4015625 0.0453125 0.02578125
2 0.32109375 0.39765625 0.08359375 0.0546875
2 0.36171875 0.39609375 0.11796875 0.0703125
8 0.13125 0.74453125 0.2625 0.509375
8 0.08515625 0.0484375 0.11328125 0.078125
1 0.6203125 0.55390625 0.140625 0.0546875
2 0.7375 0.35390625 0.203125 0.18828125
3 0.8515625 0.3671875 0.0609375 0.04921875
1 0.74609375 0.32421875 0.065625 0.1265625
1 0.196875 0.47109375 0.1421875 0.16015625