6 0.5 0.5 1 1
5 0.3375 0.45859375 0.08828125 0.04296875
5 0.61640625 0.478125 0.07265625 0.134375
5 0.55703125 0.421875 0.1015625 0.14296875
5 0.51484375 0.33828125 0.1703125 0.06171875
5 0.48359375 0.42890625 0.0890625 0.1296875
5 0.5421875 0.51328125 0.08828125 0.03515625
5 0.47578125 0.58125 0.14765625 0.0875
5 0.4265625 0.51328125 0.14765625 0.109375
5 0.3828125 0.4765625 0.16875 0.10625
5 0.4515625 0.61953125 0.13046875 0.05625
5 0.4671875 0.55078125 0.10390625 0.10625
5 0.446875 0.696875 0.13515625 0.0609375
5 0.55703125 0.696875 0.20625 0.08359375
5 0.55390625 0.58359375 0.159375 0.1421875
5 0.5078125 0.65234375 0.20859375 0.06015625
5 0.34609375 0.60390625 0.109375 0.14921875
5 0.37578125 0.3875 0.23828125 0.121875
1 0.68046875 0.609375 0.1109375 0.1453125