8 0.128125 0.92265625 0.19609375 0.15390625
2 0.82890625 0.6625 0.2890625 0.27265625
2 0.80546875 0.4328125 0.28828125 0.31171875
2 0.89375 0.2859375 0.03359375 0.08828125
2 0.86171875 0.2375 0.06640625 0.1875
2 0.815625 0.290625 0.04453125 0.0859375
2 0.74453125 0.29609375 0.12578125 0.315625
2 0.1671875 0.5328125 0.246875 0.271875
2 0.15859375 0.3171875 0.234375 0.328125
2 0.11484375 0.42578125 0.16953125 0.23515625
2 0.29921875 0.5546875 0.2359375 0.36953125
2 0.5375 0.609375 0.32421875 0.36015625
2 0.5375 0.490625 0.275 0.153125