2 0.43984375 0.41015625 0.17578125 0.39765625
8 0.45234375 0.38046875 0.1203125 0.21640625
2 0.8890625 0.51015625 0.221875 0.8421875
8 0.70390625 0.6390625 0.14765625 0.09453125
2 0.5765625 0.6671875 0.1296875 0.2859375
2 0.625 0.84296875 0.05625 0.31328125
2 0.33359375 0.66171875 0.29765625 0.4765625
8 0.80078125 0.778125 0.3984375 0.44375
2 0.4875 0.7390625 0.1484375 0.31640625
2 0.69453125 0.35234375 0.50859375 0.59375
8 0.71875 0.3265625 0.0546875 0.05625
2 0.61640625 0.2015625 0.20234375 0.20625
8 0.67421875 0.35234375 0.07578125 0.17578125
2 0.41796875 0.51328125 0.11796875 0.13203125
2 0.28359375 0.62734375 0.2296875 0.21328125
8 0.35 0.634375 0.18515625 0.228125