8 0.06640625 0.23359375 0.11953125 0.14375
8 0.1703125 0.2265625 0.10390625 0.1578125
8 0.09453125 0.2671875 0.13828125 0.17265625
8 0.209375 0.31796875 0.115625 0.14375
8 0.25703125 0.2953125 0.04453125 0.04140625
8 0.20703125 0.4765625 0.1484375 0.3375
8 0.409375 0.21328125 0.22421875 0.2671875
7 0.34375 0.72890625 0.24453125 0.153125
7 0.3265625 0.6859375 0.24921875 0.18671875
7 0.24609375 0.5265625 0.07421875 0.22109375
7 0.35703125 0.653125 0.20078125 0.14609375
7 0.36484375 0.578125 0.1984375 0.1765625
7 0.3671875 0.49140625 0.21171875 0.21484375
7 0.3609375 0.37109375 0.1765625 0.24609375
2 0.68125 0.590625 0.4296875 0.4546875
2 0.7046875 0.8703125 0.428125 0.16484375
2 0.4609375 0.6890625 0.0625 0.1984375
2 0.4890625 0.6078125 0.07734375 0.34375
2 0.62109375 0.4609375 0.1484375 0.0265625
2 0.65 0.6171875 0.371875 0.3546875
1 0.846875 0.75703125 0.04921875 0.078125
2 0.66953125 0.38203125 0.6609375 0.15234375
2 0.8609375 0.39375 0.0296875 0.0359375
2 0.93125 0.36484375 0.08046875 0.01484375