1 0.5640625 0.03671875 0.17109375 0.0734375
5 0.36875 0.96171875 0.2375 0.07578125
5 0.59296875 0.91796875 0.21875 0.1640625
5 0.41171875 0.05078125 0.24296875 0.10078125
5 0.60625 0.109375 0.2375 0.21875
5 0.3875 0.1734375 0.25703125 0.23046875
5 0.578125 0.284375 0.27578125 0.1921875
5 0.56328125 0.44453125 0.29921875 0.16484375
5 0.37265625 0.3609375 0.25859375 0.19140625
5 0.58828125 0.77421875 0.26015625 0.19609375
5 0.56796875 0.61328125 0.290625 0.17109375
5 0.384375 0.884375 0.25859375 0.23046875
5 0.38046875 0.70546875 0.25625 0.196875
5 0.38046875 0.53515625 0.25703125 0.1765625