8 0.48515625 0.92734375 0.44609375 0.1453125
1 0.42265625 0.91875 0.3546875 0.1484375
1 0.40703125 0.79765625 0.4078125 0.2859375
3 0.63515625 0.78828125 0.1640625 0.20625
1 0.68984375 0.77734375 0.02578125 0.04921875
2 0.53984375 0.596875 0.6046875 0.4734375
2 0.325 0.38203125 0.14765625 0.16171875
2 0.35 0.45390625 0.11875 0.13125
2 0.365625 0.49296875 0.1203125 0.1234375
2 0.446875 0.35390625 0.25859375 0.22265625
2 0.48359375 0.47109375 0.21953125 0.184375
2 0.5 0.54609375 0.0484375 0.046875
2 0.596875 0.50546875 0.15 0.1328125
2 0.603125 0.5578125 0.1125 0.053125
2 0.621875 0.54765625 0.0484375 0.0734375