2 0.12734375 0.73671875 0.0203125 0.05859375
2 0.45 0.57578125 0.64375 0.415625
2 0.625 0.7890625 0.14453125 0.0515625
2 0.209375 0.634375 0.10703125 0.29140625
2 0.4953125 0.365625 0.16484375 0.034375
2 0.42421875 0.50703125 0.39296875 0.25390625
2 0.48203125 0.38046875 0.25625 0.0359375
2 0.3828125 0.48984375 0.2828125 0.259375
2 0.42265625 0.3953125 0.0625 0.01953125
2 0.52265625 0.65859375 0.56953125 0.3875
8 0.6890625 0.20546875 0.45546875 0.38984375
2 0.559375 0.61640625 0.64609375 0.459375
8 0.35390625 0.02890625 0.25859375 0.0578125
1 0.3875 0.2015625 0.0921875 0.03359375