2 0.584375 0.96328125 0.20625 0.07265625
8 0.0515625 0.63359375 0.103125 0.1421875
2 0.12421875 0.24921875 0.2484375 0.4984375
2 0.10078125 0.22265625 0.2015625 0.4453125
2 0.02890625 0.09375 0.0578125 0.1875
4 0.87734375 0.95546875 0.19375 0.08828125
6 0.04921875 0.75234375 0.09765625 0.0609375
6 0.05546875 0.7140625 0.1109375 0.021875
2 0.48984375 0.5421875 0.7765625 0.8625
2 0.42421875 0.61171875 0.70546875 0.6078125
2 0.40234375 0.5296875 0.32890625 0.54140625
2 0.41015625 0.37421875 0.2859375 0.4671875
2 0.62578125 0.17890625 0.296875 0.21328125
2 0.38359375 0.33203125 0.07734375 0.15234375
1 0.41015625 0.28828125 0.1203125 0.11328125
1 0.39453125 0.35546875 0.08359375 0.09921875
2 0.67734375 0.49921875 0.3640625 0.6890625