2 0.10546875 0.85546875 0.2109375 0.2859375
2 0.31171875 0.753125 0.48046875 0.32890625
2 0.46171875 0.5796875 0.35546875 0.2765625
2 0.48125 0.353125 0.36875 0.26875
2 0.16328125 0.61015625 0.3265625 0.3171875
2 0.0625 0.5296875 0.125 0.121875
2 0.01875 0.47265625 0.0375 0.0078125
1 0.43359375 0.44765625 0.0453125 0.22890625
2 0.2015625 0.6875 0.2671875 0.22109375
2 0.21640625 0.8484375 0.24140625 0.1171875
2 0.74296875 0.54296875 0.059375 0.11171875
3 0.9734375 0.4421875 0.05078125 0.025
1 0.13359375 0.9203125 0.12890625 0.09609375