2 0.22109375 0.18984375 0.4421875 0.3796875
8 0.52421875 0.55703125 0.903125 0.6859375
5 0.56484375 0.39453125 0.24375 0.171875
5 0.46875 0.475 0.19921875 0.1515625
5 0.66171875 0.47265625 0.39140625 0.24375
5 0.746875 0.615625 0.2734375 0.17109375
5 0.5515625 0.5515625 0.16875 0.06875
5 0.496875 0.63359375 0.30859375 0.1296875
5 0.31171875 0.4140625 0.28125 0.1828125
5 0.36875 0.55703125 0.19765625 0.15234375
5 0.17109375 0.50703125 0.08828125 0.1265625
5 0.24296875 0.55546875 0.13046875 0.18515625
1 0.85234375 0.35078125 0.09453125 0.07109375