2 0.6421875 0.69921875 0.55859375 0.36328125
2 0.6390625 0.6234375 0.5171875 0.51171875
8 0.053125 0.74296875 0.10625 0.5140625
2 0.43125 0.40703125 0.42890625 0.45234375
2 0.35859375 0.25078125 0.1703125 0.09296875
2 0.4171875 0.2703125 0.28984375 0.178125
2 0.4328125 0.45703125 0.1015625 0.1609375
2 0.425 0.309375 0.08828125 0.15390625
2 0.5171875 0.28515625 0.21328125 0.13359375
2 0.4640625 0.50390625 0.10234375 0.159375
2 0.5015625 0.41328125 0.0765625 0.1578125
2 0.52578125 0.37890625 0.0546875 0.19375
2 0.67265625 0.36171875 0.278125 0.38984375
2 0.6859375 0.41640625 0.19296875 0.34765625
2 0.74296875 0.3984375 0.2078125 0.3515625
2 0.31484375 0.66484375 0.18125 0.16875
8 0.3015625 0.621875 0.07890625 0.07265625
8 0.3453125 0.64453125 0.0765625 0.0640625
1 0.5390625 0.54921875 0.1453125 0.15625
3 0.55625 0.596875 0.0578125 0.0734375
3 0.5953125 0.6078125 0.075 0.05859375