1 0.1625 0.32421875 0.325 0.2484375
2 0.21171875 0.50859375 0.1640625 0.1078125
2 0.19921875 0.43984375 0.196875 0.16640625
1 0.68203125 0.54765625 0.0875 0.11796875
8 0.65859375 0.484375 0.1046875 0.19765625
2 0.4421875 0.64765625 0.37578125 0.3
2 0.5640625 0.5734375 0.1109375 0.078125
2 0.475 0.3203125 0.4875 0.58828125
2 0.4734375 0.28046875 0.37578125 0.47734375
2 0.6640625 0.31015625 0.02890625 0.078125
6 0.48046875 0.309375 0.04296875 0.0421875
1 0.721875 0.8171875 0.13359375 0.171875
1 0.90625 0.70390625 0.071875 0.09765625