2 0.55390625 0.66328125 0.58828125 0.32734375
8 0.43203125 0.12578125 0.1453125 0.134375
2 0.28671875 0.51484375 0.2515625 0.25625
2 0.63515625 0.4265625 0.19453125 0.26328125
2 0.73515625 0.459375 0.0515625 0.1
2 0.73828125 0.36875 0.0625 0.17890625
2 0.653125 0.30625 0.16484375 0.12734375
2 0.7265625 0.3875 0.03046875 0.03671875
2 0.55703125 0.34375 0.06796875 0.059375
2 0.6328125 0.58515625 0.06875 0.08828125
2 0.60859375 0.45859375 0.125 0.20390625
2 0.67109375 0.57421875 0.0296875 0.05390625
2 0.3625 0.51171875 0.30390625 0.340625
2 0.52734375 0.43359375 0.1515625 0.459375
2 0.4421875 0.2109375 0.08515625 0.14453125
2 0.57109375 0.67421875 0.03671875 0.078125
2 0.440625 0.43828125 0.39765625 0.4625
8 0.08046875 0.6671875 0.1609375 0.54375
2 0.28671875 0.5109375 0.10234375 0.096875