7 0.24609375 0.196875 0.05625 0.040625
6 0.67421875 0.48984375 0.22890625 0.28046875
1 0.54609375 0.490625 0.0546875 0.04140625
1 0.54921875 0.42734375 0.05703125 0.0484375
0 0.56796875 0.41875 0.053125 0.04140625
6 0.5140625 0.4 0.0390625 0.08359375
1 0.534375 0.36328125 0.0015625 0.0015625
0 0.58046875 0.27734375 0.0421875 0.021875
8 0.903125 0.4453125 0.1359375 0.1296875
3 0.49375 0.4890625 0.04921875 0.06953125
3 0.47109375 0.52109375 0.0328125 0.0390625
8 0.69375 0.5875 0.025 0.071875
8 0.678125 0.5046875 0.1375 0.12265625
8 0.66484375 0.55625 0.06875 0.12578125
1 0.73671875 0.58203125 0.04296875 0.04375
8 0.8046875 0.62578125 0.11953125 0.1203125
1 0.725 0.48046875 0.06015625 0.059375
2 0.60234375 0.38359375 0.1109375 0.0765625
7 0.621875 0.32265625 0.18125 0.2046875
8 0.584375 0.2765625 0.08125 0.10078125
8 0.61875 0.27109375 0.06015625 0.09765625
1 0.5484375 0.37578125 0.05390625 0.0703125
6 0.759375 0.69609375 0.23125 0.16171875
2 0.28828125 0.51875 0.428125 0.63828125
8 0.528125 0.584375 0.16328125 0.16484375
10 0.140625 0.13203125 0.0609375 0.07890625
3 0.16328125 0.0765625 0.0546875 0.05
1 0.09921875 0.0484375 0.0703125 0.09609375
1 0.09765625 0.0953125 0.0640625 0.0265625
8 0.1046875 0.0453125 0.07265625 0.090625
6 0.04609375 0.9953125 0.0375 0.00859375
2 0.10390625 0.03984375 0.0578125 0.07109375