1 0.18203125 0.86015625 0.0828125 0.22734375
1 0.58828125 0.87734375 0.27578125 0.15546875
2 0.55703125 0.934375 0.2875 0.13125
2 0.69921875 0.34296875 0.14765625 0.5421875
6 0.35078125 0.43125 0.60703125 0.84921875
1 0.2609375 0.26171875 0.16640625 0.1
8 0.23671875 0.39375 0.07734375 0.30390625
8 0.203125 0.51953125 0.11875 0.28203125
2 0.44609375 0.8078125 0.16953125 0.06328125
0 0.47109375 0.725 0.13671875 0.10078125
1 0.6015625 0.6625 0.1546875 0.28046875
2 0.31015625 0.890625 0.1296875 0.171875
8 0.48828125 0.61328125 0.52890625 0.66015625
8 0.4671875 0.37734375 0.48203125 0.73671875
1 0.37734375 0.5109375 0.2453125 0.421875
1 0.47421875 0.6 0.409375 0.5109375
1 0.78671875 0.4703125 0.1984375 0.6671875
1 0.66328125 0.47734375 0.1859375 0.3078125