6 0.74375 0.67109375 0.23359375 0.1671875
6 0.61796875 0.62578125 0.04453125 0.1953125
6 0.76171875 0.5921875 0.25 0.1390625
6 0.79375 0.56875 0.2453125 0.1671875
8 0.26953125 0.696875 0.25 0.096875
8 0.3109375 0.4859375 0.26328125 0.2859375
2 0.5390625 0.46640625 0.075 0.22421875
2 0.5203125 0.4765625 0.05859375 0.2109375
2 0.4140625 0.50234375 0.059375 0.14453125
2 0.4359375 0.5140625 0.05546875 0.13046875
2 0.6328125 0.4484375 0.15703125 0.3015625
2 0.47265625 0.475 0.07109375 0.2171875
4 0.36328125 0.39453125 0.1203125 0.06875
1 0.40703125 0.38125 0.06484375 0.040625
2 0.50859375 0.646875 0.209375 0.18515625