2 0.96171875 0.0921875 0.0765625 0.184375
2 0.8640625 0.27421875 0.17734375 0.09765625
2 0.9453125 0.2875 0.109375 0.109375
2 0.95625 0.34609375 0.0875 0.04375
2 0.965625 0.38828125 0.0671875 0.109375
2 0.91640625 0.4671875 0.16640625 0.3875
2 0.84609375 0.4546875 0.3078125 0.55390625
2 0.23984375 0.48359375 0.090625 0.09921875
2 0.37578125 0.40546875 0.33125 0.23125
2 0.29921875 0.41171875 0.21328125 0.0921875
2 0.76015625 0.5109375 0.4453125 0.49296875
2 0.4375 0.6109375 0.44375 0.3671875
2 0.4546875 0.58828125 0.31171875 0.25859375
2 0.4484375 0.53203125 0.1875 0.1171875
2 0.37734375 0.59453125 0.09609375 0.06875
2 0.4359375 0.52421875 0.24609375 0.1765625