4 0.48046875 0.2953125 0.11171875 0.175
1 0.471875 0.815625 0.71484375 0.36875
8 0.40234375 0.90859375 0.5546875 0.18203125
1 0.3484375 0.91484375 0.1546875 0.1703125
8 0.71328125 0.91640625 0.13046875 0.16640625
1 0.3640625 0.8125 0.12734375 0.21171875
8 0.215625 0.659375 0.17265625 0.46015625
2 0.246875 0.4515625 0.078125 0.19609375
6 0.33515625 0.54453125 0.1359375 0.55625
3 0.78046875 0.63359375 0.1015625 0.16015625
1 0.49921875 0.85234375 0.34609375 0.29375
6 0.4375 0.55859375 0.290625 0.534375
1 0.79296875 0.72265625 0.0890625 0.34296875
8 0.75625 0.70546875 0.146875 0.32265625
8 0.70078125 0.4578125 0.06484375 0.44375
8 0.79140625 0.48671875 0.121875 0.1765625
8 0.775 0.37578125 0.0875 0.10390625
2 0.58828125 0.36328125 0.1859375 0.13515625
6 0.62734375 0.27421875 0.209375 0.21640625
6 0.62734375 0.60390625 0.23671875 0.48125
1 0.640625 0.1734375 0.065625 0.346875