1 0.18125 0.04921875 0.09375 0.0984375
0 0.1421875 0.0546875 0.16171875 0.10859375
0 0.03125 0.0546875 0.04375 0.109375
0 0.0375 0.07734375 0.075 0.05546875
6 0.0703125 0.3796875 0.140625 0.4359375
0 0.03125 0.1703125 0.0625 0.13125
2 0.62421875 0.43046875 0.26796875 0.46953125
2 0.67421875 0.47578125 0.31015625 0.2875
2 0.51484375 0.75078125 0.39375 0.4796875
1 0.59296875 0.79453125 0.05078125 0.034375
0 0.6171875 0.709375 0.0265625 0.0515625
1 0.3640625 0.39609375 0.57734375 0.79140625
6 0.61640625 0.640625 0.096875 0.17265625