2 0.73515625 0.31328125 0.05 0.09765625
8 0.15859375 0.21953125 0.3171875 0.4390625
2 0.08125 0.75625 0.0625 0.1484375
2 0.4140625 0.56875 0.5171875 0.67265625
2 0.3875 0.56171875 0.5796875 0.5734375
2 0.68125 0.2875 0.1203125 0.12890625
2 0.71484375 0.4875 0.23828125 0.28203125
2 0.76171875 0.39921875 0.28671875 0.3046875
2 0.67890625 0.22109375 0.0671875 0.11015625
2 0.73828125 0.1671875 0.14921875 0.078125
2 0.7078125 0.22265625 0.12421875 0.13984375
2 0.86875 0.1515625 0.0484375 0.05859375
2 0.86796875 0.20390625 0.0765625 0.0875
2 0.83515625 0.32265625 0.14140625 0.28359375
2 0.8 0.2453125 0.09296875 0.2421875
8 0.75703125 0.25546875 0.02734375 0.05234375