8 0.76875 0.7078125 0.153125 0.1390625
8 0.75625 0.6765625 0.128125 0.1296875
8 0.72890625 0.5453125 0.1640625 0.32421875
8 0.5875 0.77578125 0.31171875 0.3421875
8 0.53125 0.44375 0.41015625 0.790625
7 0.18359375 0.76640625 0.015625 0.0828125
2 0.15 0.67265625 0.06328125 0.11015625
2 0.19296875 0.6671875 0.02265625 0.040625
2 0.209375 0.7296875 0.03515625 0.0890625
2 0.2375 0.82734375 0.03125 0.05546875
7 0.03125 0.93984375 0.0625 0.05390625
2 0.79453125 0.71328125 0.05546875 0.05078125
2 0.77578125 0.69140625 0.03828125 0.034375