6 0.0453125 0.3375 0.090625 0.44609375
6 0.06953125 0.50625 0.13828125 0.65859375
6 0.5 0.5875 1 0.82421875
5 0.6578125 0.33984375 0.115625 0.17265625
5 0.53671875 0.34609375 0.11328125 0.16796875
5 0.4140625 0.3234375 0.1140625 0.11484375
5 0.2890625 0.321875 0.13046875 0.11875
5 0.278125 0.41484375 0.1328125 0.10078125
5 0.403125 0.41328125 0.12421875 0.10859375
5 0.259375 0.509375 0.14375 0.1046875
5 0.39375 0.509375 0.1296875 0.10078125
5 0.2671875 0.615625 0.20625 0.09140625
5 0.253125 0.71875 0.234375 0.09765625
5 0.22734375 0.82890625 0.2453125 0.1078125