2 0.46171875 0.39140625 0.5546875 0.6328125
2 0.4421875 0.29765625 0.1484375 0.16875
3 0.4 0.46171875 0.12734375 0.09140625
2 0.36953125 0.29609375 0.04375 0.1125
3 0.3171875 0.40625 0.046875 0.03984375
3 0.603125 0.45078125 0.034375 0.04453125
3 0.50546875 0.41015625 0.09375 0.0609375
3 0.6140625 0.425 0.04765625 0.06484375
3 0.58828125 0.46171875 0.0453125 0.03671875
3 0.603125 0.3890625 0.01875 0.0484375
3 0.53984375 0.3265625 0.075 0.07109375
3 0.575 0.34609375 0.01328125 0.03359375
3 0.5796875 0.35 0.0140625 0.03671875
3 0.5859375 0.35234375 0.0109375 0.03515625
3 0.60234375 0.3765625 0.00859375 0.03984375
3 0.603125 0.384375 0.01484375 0.04765625
3 0.5078125 0.38125 0.06953125 0.0875
3 0.53515625 0.3890625 0.02421875 0.07578125
3 0.540625 0.38984375 0.02421875 0.07578125
3 0.54609375 0.39296875 0.021875 0.075
3 0.55078125 0.3953125 0.02265625 0.07578125
3 0.55390625 0.39609375 0.0234375 0.075
3 0.5578125 0.3984375 0.0234375 0.0765625
3 0.5625 0.40078125 0.02265625 0.07578125
3 0.56640625 0.4015625 0.02265625 0.075
3 0.57109375 0.4046875 0.0234375 0.07578125
3 0.575 0.40703125 0.02265625 0.07578125
3 0.57890625 0.409375 0.02421875 0.07734375
3 0.5828125 0.41015625 0.02421875 0.075
3 0.5890625 0.41328125 0.02578125 0.0765625
3 0.41015625 0.3375 0.06328125 0.06796875
3 0.434375 0.34140625 0.028125 0.06171875
3 0.4375 0.34453125 0.0265625 0.0640625
3 0.44296875 0.3484375 0.025 0.06953125
3 0.44453125 0.35078125 0.021875 0.06875
3 0.45546875 0.35234375 0.03515625 0.075
3 0.32265625 0.371875 0.06875 0.084375
3 0.35 0.378125 0.03359375 0.078125
3 0.58203125 0.47578125 0.053125 0.059375
3 0.55546875 0.465625 0.0109375 0.040625
3 0.55078125 0.46484375 0.01328125 0.04453125
3 0.54609375 0.4640625 0.01640625 0.0484375
3 0.54296875 0.4625 0.0140625 0.053125
3 0.53984375 0.45859375 0.01171875 0.04921875
3 0.53671875 0.45390625 0.0109375 0.0421875
3 0.5328125 0.45078125 0.01171875 0.0390625
3 0.528125 0.45 0.0140625 0.0421875
3 0.5234375 0.44921875 0.01484375 0.04375
3 0.51875 0.44765625 0.015625 0.04609375
3 0.5140625 0.4453125 0.01484375 0.04921875
3 0.509375 0.44375 0.0171875 0.05234375
3 0.50546875 0.4421875 0.0171875 0.0546875
3 0.5 0.440625 0.01640625 0.05703125
3 0.4953125 0.4375 0.0171875 0.0609375
3 0.490625 0.4375 0.01953125 0.059375
3 0.4859375 0.43515625 0.01875 0.0625
3 0.4796875 0.434375 0.02109375 0.06328125
3 0.4734375 0.434375 0.021875 0.07109375
3 0.46875 0.434375 0.021875 0.07578125
3 0.46484375 0.4328125 0.02109375 0.07734375
3 0.46015625 0.43125 0.02109375 0.0765625
3 0.45625 0.4296875 0.021875 0.0765625
3 0.45234375 0.42734375 0.02109375 0.0765625
3 0.44609375 0.4265625 0.0234375 0.07578125
3 0.43203125 0.42109375 0.040625 0.0796875
3 0.4203125 0.4140625 0.02578125 0.07578125
3 0.415625 0.41171875 0.025 0.0765625
3 0.4125 0.41015625 0.0265625 0.07578125
3 0.4078125 0.40703125 0.025 0.07578125
3 0.403125 0.4046875 0.02421875 0.07734375
3 0.39921875 0.403125 0.025 0.07578125
3 0.39140625 0.4015625 0.03046875 0.0765625
3 0.3765625 0.39609375 0.04609375 0.08046875
3 0.359375 0.38515625 0.046875 0.08046875
3 0.521875 0.509375 0.02734375 0.0796875
3 0.4921875 0.50390625 0.07109375 0.0765625
3 0.5578125 0.52265625 0.07578125 0.09453125
2 0.4421875 0.2671875 0.121875 0.10234375