2 0.6796875 0.94453125 0.34453125 0.1109375
2 0.49375 0.51171875 0.65625 0.9765625
4 0.4734375 0.0453125 0.55234375 0.06015625
2 0.10390625 0.92265625 0.2078125 0.15390625
0 0.93828125 0.81875 0.121875 0.36171875
2 0.08359375 0.42734375 0.08984375 0.3625
2 0.0671875 0.4421875 0.06171875 0.3171875
2 0.05078125 0.43203125 0.05625 0.346875
2 0.03515625 0.44296875 0.06171875 0.32734375
2 0.025 0.45703125 0.05 0.2984375
2 0.01484375 0.5125 0.0296875 0.19375
2 0.01796875 0.8171875 0.0359375 0.1140625
2 0.00625 0.56484375 0.0125 0.0859375
2 0.05390625 0.79453125 0.08359375 0.14375
2 0.121875 0.8046875 0.03984375 0.109375
2 0.14296875 0.79765625 0.05234375 0.1140625
2 0.09296875 0.80546875 0.06953125 0.115625