2 0.4984375 0.85625 0.2765625 0.13515625
8 0.55 0.78515625 0.20390625 0.26796875
8 0.44921875 0.24140625 0.090625 0.17421875
8 0.38984375 0.54921875 0.0875 0.11796875
8 0.2359375 0.57109375 0.35546875 0.4375
8 0.184375 0.33515625 0.0671875 0.08046875
1 0.25078125 0.36171875 0.1015625 0.04140625
2 0.35859375 0.35546875 0.23203125 0.2109375
7 0.67421875 0.35078125 0.484375 0.36484375
8 0.471875 0.703125 0.1453125 0.20390625
8 0.38125 0.6921875 0.2390625 0.225
2 0.38984375 0.63046875 0.06328125 0.04375
2 0.4890625 0.67421875 0.05390625 0.05
7 0.740625 0.33359375 0.16875 0.03515625
8 0.578125 0.71953125 0.0765625 0.04609375
8 0.53046875 0.753125 0.175 0.05625
1 0.684375 0.3125 0.459375 0.1421875