7 0.81484375 0.565625 0.04921875 0.10625
2 0.425 0.8171875 0.28984375 0.27421875
2 0.64375 0.60859375 0.1453125 0.09921875
2 0.58515625 0.46640625 0.20390625 0.23203125
2 0.76328125 0.49296875 0.184375 0.19609375
2 0.58046875 0.38359375 0.1484375 0.05625
6 0.259375 0.3703125 0.2734375 0.22734375
6 0.12734375 0.66328125 0.109375 0.1015625
8 0.19765625 0.21875 0.15625 0.1140625
8 0.31328125 0.20078125 0.1125 0.159375
4 0.21640625 0.22890625 0.090625 0.09921875
4 0.246875 0.2453125 0.053125 0.06328125
4 0.225 0.24765625 0.05 0.06015625
8 0.325 0.53515625 0.17734375 0.2296875
2 0.5921875 0.28359375 0.26171875 0.2078125
8 0.19375 0.615625 0.140625 0.246875
2 0.55703125 0.13828125 0.2421875 0.23828125
2 0.45546875 0.81328125 0.3203125 0.26484375
2 0.4734375 0.5890625 0.2234375 0.15234375
2 0.759375 0.378125 0.165625 0.278125
8 0.7671875 0.77578125 0.28828125 0.39375
2 0.46484375 0.5703125 0.16328125 0.15078125
7 0.4625 0.6625 0.13359375 0.10078125
2 0.8015625 0.5625 0.04140625 0.0734375
1 0.2546875 0.35234375 0.04296875 0.15703125
8 0.28125 0.36875 0.04921875 0.06640625