7 0.9328125 0.53203125 0.1328125 0.2625
2 0.8515625 0.65 0.05 0.10078125
8 0.48515625 0.43828125 0.07578125 0.221875
7 0.10078125 0.33359375 0.0640625 0.125
3 0.31171875 0.17265625 0.07734375 0.08203125
1 0.21640625 0.16171875 0.06015625 0.0421875
8 0.13515625 0.23515625 0.0640625 0.1390625
8 0.1421875 0.18828125 0.0484375 0.01953125
3 0.1921875 0.18203125 0.05625 0.04453125
6 0.27421875 0.15546875 0.04140625 0.0703125
2 0.14453125 0.56171875 0.04296875 0.06640625
8 0.2953125 0.4828125 0.35625 0.6359375
8 0.72109375 0.51953125 0.5234375 0.71171875
8 0.7640625 0.23828125 0.31875 0.18125