2 0.57265625 0.46171875 0.38359375 0.56328125
2 0.503125 0.5609375 0.059375 0.1515625
2 0.37265625 0.3453125 0.2125 0.5375
2 0.50234375 0.45703125 0.0390625 0.21796875
2 0.428125 0.31875 0.1 0.2875
2 0.4765625 0.3328125 0.1328125 0.28203125
2 0.5265625 0.5890625 0.01953125 0.0484375
2 0.52421875 0.315625 0.025 0.0640625
2 0.41953125 0.503125 0.04453125 0.1578125
3 0.45859375 0.53828125 0.0796875 0.20546875
2 0.55859375 0.32734375 0.09765625 0.45234375
2 0.63515625 0.21875 0.03984375 0.09921875
2 0.56484375 0.375 0.03984375 0.26484375
2 0.60625 0.31015625 0.04453125 0.159375
2 0.59375 0.5625 0.04921875 0.1875
2 0.67578125 0.484375 0.196875 0.42578125
2 0.615625 0.4125 0.234375 0.47890625
2 0.68125 0.26796875 0.06171875 0.0890625
2 0.590625 0.31484375 0.04296875 0.21953125
2 0.5546875 0.4859375 0.03828125 0.1890625
0 0.98203125 0.9515625 0.034375 0.0734375