2 0.0609375 0.11796875 0.121875 0.1140625
6 0.11015625 0.13203125 0.04140625 0.08671875
6 0.1671875 0.1484375 0.08515625 0.0359375
6 0.33125 0.11796875 0.409375 0.0671875
6 0.08984375 0.36796875 0.08828125 0.1265625
6 0.33515625 0.0734375 0.415625 0.0765625
2 0.04375 0.2921875 0.0875 0.20390625
7 0.175 0.4296875 0.0859375 0.03515625
7 0.1421875 0.5359375 0.14921875 0.18515625
7 0.48671875 0.634375 0.65078125 0.3375
7 0.153125 0.36640625 0.15078125 0.11796875
7 0.1578125 0.284375 0.26796875 0.0671875
7 0.1734375 0.22421875 0.2421875 0.1
7 0.15546875 0.17578125 0.0765625 0.0375
7 0.35703125 0.1875 0.42734375 0.1015625
6 0.93359375 0.39609375 0.13203125 0.34453125
6 0.91484375 0.6609375 0.16953125 0.34453125
7 0.54921875 0.415625 0.67265625 0.26796875
7 0.55 0.27890625 0.51640625 0.1796875
6 0.34140625 0.03203125 0.4203125 0.0640625
6 0.95234375 0.14453125 0.09453125 0.28828125
1 0.47421875 0.22734375 0.36796875 0.15078125
1 0.6609375 0.209375 0.3578125 0.22890625