2 0.3609375 0.58046875 0.025 0.03359375
2 0.3578125 0.55703125 0.021875 0.015625
2 0.32890625 0.51875 0.128125 0.0640625
2 0.28203125 0.48046875 0.11875 0.04921875
2 0.28984375 0.440625 0.09453125 0.06015625
2 0.3015625 0.47890625 0.0796875 0.01640625
2 0.284375 0.40078125 0.0828125 0.05078125
2 0.5984375 0.57734375 0.47421875 0.3203125
2 0.53203125 0.459375 0.43046875 0.25390625
2 0.54921875 0.35390625 0.3671875 0.22578125
2 0.49765625 0.3984375 0.20234375 0.1390625
2 0.18671875 0.68828125 0.37265625 0.3671875
2 0.140625 0.70546875 0.15625 0.17265625
1 0.2359375 0.67421875 0.084375 0.23671875
1 0.66171875 0.61875 0.30625 0.184375