2 0.6375 0.50625 0.371875 0.36796875
2 0.44375 0.71484375 0.60234375 0.375
2 0.6875 0.428125 0.271875 0.1359375
2 0.67109375 0.37421875 0.10703125 0.03359375
2 0.68125 0.43203125 0.23984375 0.11953125
2 0.6484375 0.41875 0.11328125 0.11484375
2 0.65390625 0.409375 0.025 0.0390625
3 0.68984375 0.41640625 0.0671875 0.06484375
2 0.7609375 0.41171875 0.13046875 0.15859375
2 0.29296875 0.63203125 0.17265625 0.078125
2 0.44921875 0.696875 0.15390625 0.10078125
2 0.44140625 0.7 0.165625 0.09375
2 0.47890625 0.7015625 0.21328125 0.12578125
2 0.48671875 0.6828125 0.22734375 0.128125
2 0.54609375 0.684375 0.11484375 0.075
2 0.28125 0.47109375 0.4140625 0.28359375
2 0.4671875 0.64140625 0.05234375 0.02890625
2 0.5234375 0.66484375 0.1171875 0.07265625
2 0.615625 0.5140625 0.08671875 0.0375
2 0.409375 0.6203125 0.08203125 0.02734375
2 0.51484375 0.65 0.08046875 0.04453125
2 0.4 0.59609375 0.19765625 0.071875
2 0.55546875 0.56953125 0.22265625 0.19765625
2 0.4 0.5734375 0.08671875 0.04453125
2 0.44609375 0.5984375 0.11640625 0.05625
2 0.39296875 0.5421875 0.0859375 0.096875
3 0.4734375 0.58125 0.11796875 0.084375
2 0.60546875 0.68125 0.1078125 0.1125
2 0.2515625 0.965625 0.11328125 0.06875
2 0.2453125 0.9109375 0.12109375 0.02578125
1 0.53046875 0.4140625 0.046875 0.07890625