7 0.83515625 0.80546875 0.32890625 0.16328125
8 0.0375 0.08046875 0.07421875 0.1609375
1 0.284375 0.19609375 0.56875 0.3921875
6 0.67109375 0.29140625 0.28203125 0.140625
7 0.765625 0.5171875 0.46796875 0.3765625
6 0.08828125 0.40078125 0.17578125 0.0671875
6 0.06640625 0.56640625 0.1328125 0.0796875
6 0.06328125 0.471875 0.1265625 0.134375
6 0.49140625 0.3484375 0.07109375 0.06484375
6 0.078125 0.646875 0.15625 0.13125
6 0.3078125 0.34609375 0.30703125 0.1390625
8 0.39296875 0.5453125 0.58515625 0.49140625
8 0.95546875 0.125 0.0890625 0.25
8 0.8328125 0.05 0.228125 0.1
8 0.93828125 0.02890625 0.04765625 0.025
8 0.87265625 0.10859375 0.1359375 0.14609375
1 0.01015625 0.76328125 0.0203125 0.04921875