1 0.61171875 0.5390625 0.09140625 0.0546875
6 0.6625 0.61328125 0.07578125 0.134375
2 0.48046875 0.55390625 0.10546875 0.13203125
8 0.58359375 0.83125 0.1890625 0.33671875
6 0.58046875 0.6203125 0.11875 0.16640625
2 0.52265625 0.61328125 0.0375 0.1109375
1 0.42734375 0.52109375 0.11171875 0.12578125
8 0.60546875 0.28203125 0.45078125 0.50390625
3 0.70625 0.26796875 0.07578125 0.0484375
1 0.678125 0.284375 0.03203125 0.04140625
6 0.69140625 0.37109375 0.1078125 0.16484375
6 0.78359375 0.375 0.22578125 0.21953125
2 0.7890625 0.375 0.146875 0.184375
3 0.4390625 0.64375 0.14296875 0.15
6 0.3640625 0.6265625 0.065625 0.13671875