2 0.521875 0.55 0.82734375 0.89921875
8 0.57109375 0.23828125 0.83671875 0.47578125
8 0.3875 0.70390625 0.565625 0.5921875
8 0.30625 0.6625 0.1859375 0.19453125
8 0.51796875 0.7265625 0.14765625 0.10625
8 0.50703125 0.61875 0.25 0.1296875
8 0.7828125 0.6875 0.43359375 0.625
8 0.43828125 0.7546875 0.09765625 0.046875
8 0.4671875 0.58359375 0.26796875 0.11171875
8 0.4578125 0.77734375 0.24296875 0.21171875
8 0.3328125 0.771875 0.11015625 0.05390625
8 0.2140625 0.75546875 0.03515625 0.07109375
8 0.28359375 0.83125 0.19375 0.13359375
6 0.76640625 0.5609375 0.065625 0.09140625
4 0.7203125 0.84609375 0.0375 0.1078125
4 0.7609375 0.72421875 0.1 0.1796875
6 0.76875 0.54140625 0.0546875 0.0515625