6 0.596875 0.53671875 0.11484375 0.09140625
3 0.6609375 0.6234375 0.12421875 0.08828125
1 0.2265625 0.54140625 0.1078125 0.0953125
1 0.4234375 0.64375 0.0515625 0.06015625
2 0.403125 0.409375 0.45546875 0.41796875
2 0.5703125 0.2609375 0.1921875 0.18671875
6 0.62109375 0.34765625 0.2015625 0.20078125
1 0.61015625 0.24296875 0.0234375 0.0734375
2 0.33671875 0.1984375 0.0859375 0.0671875
0 0.28125 0.27578125 0.053125 0.103125
2 0.415625 0.33984375 0.2578125 0.265625
1 0.2109375 0.37265625 0.06484375 0.121875
1 0.27265625 0.35625 0.16640625 0.05859375
6 0.2765625 0.415625 0.1515625 0.10859375
1 0.2546875 0.3203125 0.02890625 0.0890625