4 0.59921875 0.66953125 0.02578125 0.06796875
2 0.45625 0.30546875 0.09609375 0.06484375
6 0.20703125 0.55078125 0.0484375 0.0453125
8 0.4640625 0.3625 0.1359375 0.2671875
1 0.48125 0.18515625 0.06953125 0.04765625
2 0.353125 0.4640625 0.27109375 0.13671875
1 0.440625 0.228125 0.0859375 0.05
8 0.4734375 0.41015625 0.040625 0.06015625
6 0.396875 0.653125 0.409375 0.30546875
8 0.3953125 0.65234375 0.371875 0.2671875
1 0.428125 0.52578125 0.146875 0.096875
1 0.42421875 0.35078125 0.02890625 0.053125
6 0.653125 0.41328125 0.34453125 0.315625
8 0.6484375 0.36015625 0.31875 0.16796875
1 0.471875 0.34921875 0.0453125 0.06171875
4 0.675 0.496875 0.1625 0.05