2 0.3890625 0.71484375 0.57109375 0.48046875
2 0.271875 0.1484375 0.14765625 0.1140625
2 0.4890625 0.1265625 0.47265625 0.16953125
2 0.54765625 0.21328125 0.52890625 0.18515625
2 0.11875 0.6140625 0.06328125 0.21328125
2 0.12734375 0.6234375 0.065625 0.20078125
2 0.13828125 0.63359375 0.05390625 0.1828125
2 0.146875 0.6375 0.05625 0.171875
2 0.15546875 0.64375 0.04921875 0.16328125
2 0.1734375 0.64609375 0.06640625 0.1515625
2 0.14140625 0.3234375 0.26640625 0.2625
2 0.57734375 0.39296875 0.12109375 0.17421875
2 0.2234375 0.4640625 0.32109375 0.51875
2 0.3578125 0.29296875 0.24921875 0.31328125
2 0.4796875 0.3125 0.08828125 0.10859375
2 0.4515625 0.5125 0.353125 0.42109375
2 0.796875 0.33828125 0.40625 0.3875
2 0.8328125 0.31640625 0.334375 0.221875
2 0.6921875 0.32890625 0.01796875 0.12734375
2 0.84921875 0.3109375 0.3015625 0.17421875
2 0.878125 0.34375 0.24375 0.11796875
2 0.98515625 0.3640625 0.02890625 0.00390625
2 0.90625 0.3859375 0.1875 0.0421875
2 0.67578125 0.61953125 0.053125 0.20703125
2 0.84296875 0.56640625 0.31328125 0.35859375
2 0.93125 0.70625 0.1359375 0.07890625
2 0.8359375 0.8140625 0.32734375 0.27421875
1 0.7265625 0.22421875 0.18203125 0.10703125
2 0.959375 0.346875 0.08046875 0.04296875