8 0.875 0.4765625 0.22578125 0.3125
2 0.16640625 0.228125 0.09609375 0.14296875
2 0.16328125 0.2703125 0.08359375 0.153125
2 0.1359375 0.24765625 0.11171875 0.20234375
2 0.1328125 0.26953125 0.1 0.165625
2 0.11484375 0.2609375 0.12265625 0.20234375
2 0.0890625 0.23125 0.06796875 0.08828125
2 0.10078125 0.2875 0.1265625 0.165625
2 0.09921875 0.384375 0.06015625 0.1328125
8 0.28359375 0.31015625 0.1796875 0.18125
8 0.43984375 0.49140625 0.21796875 0.4671875
8 0.20546875 0.6 0.25859375 0.515625
8 0.41796875 0.6890625 0.2375 0.3671875
2 0.41328125 0.5171875 0.0625 0.05859375
2 0.4171875 0.53359375 0.05078125 0.08828125
1 0.4640625 0.52890625 0.0453125 0.05390625
1 0.359375 0.540625 0.0703125 0.05
1 0.371875 0.5609375 0.05546875 0.0328125
2 0.403125 0.57265625 0.04921875 0.02421875
8 0.609375 0.5578125 0.1875 0.38984375
8 0.73671875 0.63125 0.21875 0.40546875
8 0.7453125 0.43984375 0.0390625 0.05703125
2 0.67109375 0.509375 0.03984375 0.0484375
6 0.64453125 0.52265625 0.03203125 0.03984375
8 0.57578125 0.709375 0.18046875 0.18984375
6 0.8515625 0.33828125 0.03125 0.065625