7 0.77890625 0.20859375 0.18515625 0.253125
7 0.66640625 0.2421875 0.1015625 0.1296875
7 0.63359375 0.38515625 0.32421875 0.159375
7 0.6734375 0.61640625 0.3296875 0.1609375
7 0.6859375 0.51953125 0.38125 0.065625
7 0.678125 0.4796875 0.31640625 0.0265625
7 0.43125 0.45703125 0.11875 0.1828125
7 0.08515625 0.6171875 0.1703125 0.0921875
7 0.2984375 0.6015625 0.28046875 0.1734375
8 0.2578125 0.52890625 0.13359375 0.02890625
1 0.55390625 0.48203125 0.0703125 0.01640625
1 0.80625 0.48515625 0.0578125 0.01484375