1 0.6734375 0.98828125 0.04140625 0.0234375
8 0.4453125 0.9046875 0.0328125 0.065625
8 0.128125 0.08828125 0.1140625 0.08359375
1 0.50078125 0.103125 0.078125 0.03828125
1 0.72734375 0.15703125 0.1421875 0.0640625
6 0.4453125 0.51328125 0.22734375 0.2859375
1 0.48671875 0.33828125 0.0375 0.12734375
6 0.24609375 0.515625 0.196875 0.159375
1 0.27109375 0.43125 0.05859375 0.14609375
2 0.27890625 0.5640625 0.10234375 0.06015625
2 0.41796875 0.57734375 0.178125 0.1328125
2 0.94453125 0.57578125 0.11015625 0.09375
8 0.6640625 0.69296875 0.03828125 0.05859375
6 0.8265625 0.74609375 0.046875 0.03359375
2 0.9453125 0.97109375 0.10859375 0.05703125
8 0.92265625 0.74453125 0.1546875 0.20859375