1 0.23671875 0.478125 0.1015625 0.1609375
8 0.46640625 0.2984375 0.1140625 0.16484375
8 0.5703125 0.26875 0.15078125 0.2734375
6 0.484375 0.2234375 0.02890625 0.0515625
6 0.46875 0.2125 0.0421875 0.0703125
6 0.4546875 0.2140625 0.05390625 0.0625
2 0.49140625 0.59375 0.26328125 0.290625
2 0.56328125 0.60625 0.0234375 0.1203125
2 0.56484375 0.59921875 0.02890625 0.11875
2 0.55234375 0.578125 0.01015625 0.071875
2 0.5046875 0.65859375 0.096875 0.0203125
2 0.5 0.596875 0.109375 0.1078125
8 0.7484375 0.4828125 0.2859375 0.5125
2 0.46796875 0.3625 0.1015625 0.046875
2 0.52578125 0.4078125 0.21796875 0.0953125
2 0.4890625 0.478125 0.178125 0.22109375
8 0.153125 0.63828125 0.2015625 0.3703125
8 0.296875 0.63125 0.1640625 0.28671875
8 0.34296875 0.3671875 0.16796875 0.3015625
2 0.4078125 0.59296875 0.05546875 0.14921875