8 0.37890625 0.4234375 0.1765625 0.43671875
8 0.5875 0.55234375 0.046875 0.17265625
8 0.509375 0.6734375 0.20546875 0.25703125
2 0.203125 0.6453125 0.29921875 0.51875
2 0.43515625 0.490625 0.15078125 0.246875
8 0.48984375 0.296875 0.12578125 0.16640625
8 0.5203125 0.4546875 0.1140625 0.21796875
6 0.5578125 0.559375 0.0515625 0.06171875
2 0.73046875 0.2953125 0.1734375 0.0671875
2 0.6921875 0.4203125 0.22734375 0.27578125
2 0.65859375 0.325 0.09140625 0.14609375
8 0.83515625 0.49375 0.14609375 0.3484375
8 0.7125 0.6671875 0.21875 0.48671875
2 0.82109375 0.34140625 0.03828125 0.04921875