3 0.5328125 0.31953125 0.109375 0.0625
4 0.6015625 0.37421875 0.0828125 0.10859375
3 0.6640625 0.3765625 0.0921875 0.08125
3 0.64140625 0.4484375 0.1109375 0.0578125
3 0.6359375 0.515625 0.0765625 0.07890625
3 0.49453125 0.4390625 0.10390625 0.08046875
6 0.56015625 0.45703125 0.08203125 0.02421875
1 0.55234375 0.54453125 0.06640625 0.0515625
3 0.559375 0.496875 0.0765625 0.07421875
6 0.54140625 0.37421875 0.08359375 0.06328125
3 0.6875 0.41484375 0.084375 0.0625
1 0.27421875 0.38125 0.021875 0.1703125
3 0.33671875 0.42734375 0.11171875 0.06171875
3 0.3921875 0.47265625 0.1109375 0.0609375
3 0.31484375 0.52109375 0.11171875 0.09375
4 0.2359375 0.5078125 0.0890625 0.115625
3 0.2484375 0.4390625 0.06875 0.0546875
3 0.6515625 0.64609375 0.12265625 0.06640625
1 0.53671875 0.6234375 0.07734375 0.0796875
1 0.0375 0.85625 0.075 0.07421875