8 0.159375 0.4140625 0.16484375 0.07265625
1 0.56015625 0.5046875 0.20703125 0.14296875
2 0.18984375 0.4578125 0.11875 0.05625
8 0.21171875 0.459375 0.0859375 0.046875
8 0.22578125 0.5015625 0.0671875 0.0515625
7 0.26953125 0.52421875 0.10234375 0.0828125
7 0.31953125 0.47109375 0.1625 0.0796875
7 0.36796875 0.57265625 0.103125 0.08125
7 0.39765625 0.5046875 0.16875 0.08984375
8 0.5453125 0.509375 0.15625 0.140625
6 0.5296875 0.56328125 0.128125 0.0453125
2 0.51796875 0.6078125 0.15625 0.05859375
8 0.52578125 0.59609375 0.24296875 0.17578125
8 0.815625 0.6171875 0.13984375 0.0734375
2 0.6875 0.7921875 0.37578125 0.20234375
8 0.67734375 0.66875 0.11640625 0.1421875
8 0.85234375 0.6875 0.2953125 0.20546875
10 0.31171875 0.46640625 0.11796875 0.0609375