2 0.67109375 0.48984375 0.18671875 0.3125
2 0.5390625 0.19609375 0.37578125 0.3921875
2 0.32734375 0.775 0.51015625 0.29140625
2 0.27734375 0.74765625 0.3375 0.19921875
2 0.3515625 0.74140625 0.09140625 0.0890625
1 0.0546875 0.409375 0.109375 0.15703125
2 0.33359375 0.528125 0.6625 0.3984375
2 0.7734375 0.81484375 0.453125 0.278125
2 0.78125 0.70078125 0.4375 0.36328125
2 0.84765625 0.4828125 0.30390625 0.459375
1 0.9265625 0.72734375 0.121875 0.08515625
1 0.8890625 0.68671875 0.13984375 0.05390625
6 0.8140625 0.703125 0.11171875 0.06484375
1 0.80546875 0.67890625 0.01484375 0.03984375
2 0.96328125 0.890625 0.07265625 0.1828125