8 0.91640625 0.32265625 0.1671875 0.096875
8 0.92578125 0.37109375 0.11796875 0.12890625
8 0.9828125 0.17890625 0.03359375 0.1640625
8 0.52109375 0.57890625 0.3546875 0.7703125
2 0.9421875 0.57578125 0.115625 0.52890625
8 0.90703125 0.5203125 0.11015625 0.24296875
8 0.8375 0.7515625 0.17109375 0.2734375
7 0.9078125 0.4484375 0.09140625 0.096875
2 0.96953125 0.74921875 0.0609375 0.2390625
8 0.72109375 0.64765625 0.30078125 0.62734375
2 0.79140625 0.45 0.12265625 0.209375
8 0.62421875 0.2796875 0.121875 0.109375
8 0.14453125 0.5609375 0.2265625 0.5375
8 0.29375 0.6328125 0.14296875 0.32265625
8 0.31015625 0.465625 0.12734375 0.11875