1 0.8390625 0.49453125 0.3203125 0.53515625
1 0.1546875 0.5640625 0.309375 0.628125
1 0.49609375 0.31640625 0.19296875 0.09375
8 0.32265625 0.24609375 0.25 0.28671875
8 0.75625 0.20859375 0.4046875 0.27890625
8 0.6578125 0.5 0.275 0.340625
6 0.23671875 0.38828125 0.07578125 0.03359375
8 0.91796875 0.73359375 0.1640625 0.41875
8 0.24375 0.87265625 0.265625 0.25390625
8 0.50390625 0.82109375 0.28359375 0.35703125
8 0.77890625 0.8546875 0.32421875 0.28984375
8 0.33359375 0.6 0.5078125 0.49375
6 0.1140625 0.29609375 0.0609375 0.0546875