7 0.8578125 0.65390625 0.16953125 0.278125
2 0.5953125 0.83359375 0.09609375 0.03359375
7 0.53515625 0.66171875 0.49140625 0.3140625
8 0.51171875 0.34765625 0.5234375 0.4515625
2 0.89375 0.71328125 0.21171875 0.18671875
2 0.9046875 0.67109375 0.18984375 0.103125
2 0.93359375 0.6671875 0.13203125 0.07578125
1 0.89765625 0.63984375 0.0703125 0.02890625
1 0.81953125 0.61015625 0.096875 0.05
2 0.959375 0.6234375 0.08125 0.0703125
2 0.965625 0.60234375 0.06875 0.04375
2 0.94609375 0.565625 0.10703125 0.0328125
1 0.9546875 0.57421875 0.08984375 0.025
2 0.9375 0.55 0.12421875 0.03359375
2 0.92109375 0.52109375 0.1578125 0.07890625
1 0.53828125 0.78671875 0.06796875 0.03671875
2 0.86171875 0.57265625 0.16796875 0.1296875
1 0.8 0.72109375 0.0421875 0.02109375
6 0.8859375 0.621875 0.128125 0.05234375