2 0.93671875 0.59375 0.12578125 0.3015625
8 0.7703125 0.50546875 0.22421875 0.23984375
6 0.4296875 0.83828125 0.09140625 0.07421875
6 0.7046875 0.890625 0.071875 0.21640625
6 0.71796875 0.78515625 0.0953125 0.33046875
8 0.86015625 0.6484375 0.23203125 0.196875
6 0.76875 0.9265625 0.07578125 0.146875
6 0.87421875 0.8328125 0.2515625 0.33359375
5 0.759375 0.746875 0.015625 0.04296875
2 0.37265625 0.61328125 0.6265625 0.38671875
2 0.4578125 0.36953125 0.6 0.30859375
2 0.88203125 0.425 0.22421875 0.215625
5 0.96484375 0.9171875 0.04296875 0.0328125
1 0.79296875 0.36875 0.0953125 0.0515625
6 0.57890625 0.875 0.21171875 0.23515625
6 0.534375 0.9734375 0.36953125 0.05234375