8 0.103125 0.34296875 0.20546875 0.378125
2 0.50546875 0.35078125 0.134375 0.28984375
1 0.1875 0.603125 0.11171875 0.17109375
8 0.3453125 0.7109375 0.38046875 0.52265625
8 0.65625 0.7765625 0.47578125 0.44609375
6 0.4625 0.5125 0.18828125 0.13515625
8 0.465625 0.5578125 0.18984375 0.1953125
6 0.04609375 0.26796875 0.0921875 0.1171875
8 0.10234375 0.31953125 0.12578125 0.2546875
2 0.06484375 0.32421875 0.071875 0.08203125
2 0.4671875 0.3046875 0.01796875 0.07734375
6 0.39765625 0.63046875 0.04609375 0.0328125
6 0.43203125 0.5765625 0.1859375 0.20625
6 0.49765625 0.5109375 0.07734375 0.05703125
2 0.52265625 0.25625 0.0578125 0.03828125
6 0.51875 0.3078125 0.08828125 0.10078125
8 0.48203125 0.25546875 0.03046875 0.084375
8 0.71171875 0.40390625 0.2921875 0.39609375
1 0.51015625 0.33203125 0.021875 0.03984375
6 0.4140625 0.58125 0.11875 0.1078125
1 0.03984375 0.190625 0.02421875 0.08359375