1 0.24296875 0.58125 0.0390625 0.1578125
8 0.9265625 0.30546875 0.14609375 0.21328125
8 0.7890625 0.3625 0.14453125 0.13125
8 0.92109375 0.60234375 0.1578125 0.5953125
8 0.63125 0.51953125 0.16171875 0.3234375
2 0.84765625 0.2453125 0.1265625 0.1703125
2 0.3703125 0.3125 0.15390625 0.159375
8 0.48515625 0.4328125 0.14453125 0.17890625
7 0.1171875 0.7140625 0.2265625 0.20234375
8 0.15390625 0.47109375 0.30703125 0.60625
8 0.340625 0.571875 0.1671875 0.425
8 0.4640625 0.66640625 0.21484375 0.40078125
8 0.7375 0.6578125 0.39375 0.49765625
8 0.51171875 0.378125 0.05390625 0.06484375
8 0.45859375 0.37265625 0.03828125 0.04296875
8 0.4671875 0.49453125 0.046875 0.03515625
1 0.01953125 0.28984375 0.0390625 0.13828125
2 0.025 0.18671875 0.05 0.0734375
2 0.00625 0.1359375 0.0125 0.10390625
1 0.0609375 0.71796875 0.11328125 0.0421875