1 0.0375 0.19765625 0.075 0.0859375
1 0.22109375 0.534375 0.4421875 0.67578125
1 0.875 0.684375 0.24921875 0.2859375
1 0.50625 0.65078125 0.70703125 0.696875
8 0.79921875 0.8484375 0.40078125 0.30234375
6 0.81171875 0.49609375 0.03828125 0.05703125
6 0.91015625 0.46953125 0.17890625 0.14375
8 0.9109375 0.63984375 0.17734375 0.25546875
8 0.8015625 0.52734375 0.04453125 0.078125
6 0.78203125 0.45 0.04140625 0.09296875
6 0.44765625 0.43046875 0.09140625 0.12265625
6 0.51640625 0.4265625 0.17578125 0.1140625
6 0.478125 0.4078125 0.4 0.140625
6 0.3484375 0.5125 0.20546875 0.115625
7 0.409375 0.5625 0.065625 0.05078125
6 0.65234375 0.43515625 0.25234375 0.13125
7 0.49765625 0.59609375 0.028125 0.04921875
8 0.50859375 0.55625 0.15234375 0.11015625
8 0.5171875 0.5171875 0.1328125 0.10078125
8 0.6578125 0.665625 0.06171875 0.0359375
7 0.69375 0.659375 0.08828125 0.06171875
6 0.65234375 0.5546875 0.2921875 0.253125
1 0.61171875 0.51484375 0.053125 0.04765625