6 0.31171875 0.38984375 0.06875 0.06953125
8 0.5625 0.53359375 0.08984375 0.24609375
8 0.3953125 0.6546875 0.13984375 0.27265625
8 0.3203125 0.796875 0.20078125 0.35
8 0.1578125 0.57265625 0.07265625 0.12578125
8 0.14375 0.79375 0.17734375 0.36953125
8 0.2609375 0.5625 0.19453125 0.3015625
6 0.49765625 0.828125 0.1734375 0.13125
2 0.89140625 0.896875 0.2171875 0.20546875
8 0.4921875 0.43203125 0.0625 0.065625
8 0.50234375 0.6234375 0.20625 0.36328125
8 0.54140625 0.334375 0.1484375 0.15546875
8 0.41328125 0.39375 0.16484375 0.27265625
1 0.85546875 0.50078125 0.11328125 0.11875
8 0.85 0.33359375 0.21640625 0.2921875
8 0.6859375 0.5046875 0.29765625 0.421875
3 0.8140625 0.22734375 0.05703125 0.07109375
8 0.684375 0.17421875 0.23671875 0.28671875
8 0.334375 0.66171875 0.03203125 0.04453125