8 0.8765625 0.41328125 0.171875 0.39375
8 0.83046875 0.46875 0.1015625 0.215625
2 0.4046875 0.38828125 0.1484375 0.059375
8 0.665625 0.3484375 0.059375 0.021875
8 0.7203125 0.50546875 0.15703125 0.31015625
8 0.7171875 0.6390625 0.065625 0.13515625
8 0.50703125 0.3984375 0.1046875 0.0984375
8 0.390625 0.428125 0.13203125 0.140625
8 0.2375 0.559375 0.22109375 0.353125
2 0.44765625 0.70390625 0.146875 0.08359375
2 0.35703125 0.47265625 0.02578125 0.09609375
2 0.42421875 0.58984375 0.17265625 0.18515625
2 0.45234375 0.46171875 0.13671875 0.12578125
2 0.37578125 0.47109375 0.021875 0.1046875
2 0.3578125 0.671875 0.04765625 0.04609375
8 0.621875 0.5421875 0.253125 0.421875
2 0.80703125 0.60078125 0.18671875 0.24140625