8 0.72890625 0.08203125 0.30625 0.16328125
0 0.534375 0.09453125 0.09140625 0.0484375
6 0.459375 0.0859375 0.07421875 0.07890625
1 0.2140625 0.046875 0.19140625 0.04609375
1 0.40546875 0.09140625 0.03828125 0.02578125
1 0.36484375 0.1421875 0.071875 0.03125
1 0.446875 0.134375 0.13984375 0.03828125
6 0.58046875 0.18203125 0.48671875 0.1640625
1 0.15390625 0.2609375 0.221875 0.065625
2 0.3828125 0.2375 0.1546875 0.0390625
2 0.290625 0.3265625 0.40859375 0.1546875
8 0.071875 0.34609375 0.14375 0.09921875
8 0.428125 0.353125 0.04765625 0.0578125
1 0.296875 0.428125 0.165625 0.08125
1 0.15625 0.53359375 0.153125 0.16640625
1 0.2359375 0.55546875 0.1296875 0.06484375
1 0.18515625 0.56484375 0.0484375 0.01640625
1 0.265625 0.56953125 0.0359375 0.02265625
1 0.86484375 0.503125 0.05078125 0.1
8 0.33359375 0.44140625 0.0828125 0.0484375
1 0.8578125 0.55859375 0.06015625 0.0328125
6 0.53515625 0.5703125 0.73671875 0.6765625
1 0.4078125 0.60078125 0.04296875 0.03671875