2 0.56953125 0.178125 0.02890625 0.10625
2 0.7890625 0.63671875 0.03515625 0.1078125
2 0.43515625 0.24453125 0.24765625 0.409375
1 0.35234375 0.20390625 0.075 0.12109375
2 0.4953125 0.32890625 0.25625 0.22890625
2 0.45 0.3703125 0.12890625 0.1390625
2 0.59140625 0.44375 0.09453125 0.09765625
2 0.58671875 0.3515625 0.1 0.05625
2 0.5921875 0.40859375 0.1 0.06875
2 0.60234375 0.38828125 0.071875 0.10703125
2 0.559375 0.36328125 0.03359375 0.0859375
2 0.609375 0.42734375 0.040625 0.03203125
2 0.5859375 0.40625 0.059375 0.065625
2 0.58515625 0.41953125 0.07109375 0.04921875
2 0.50234375 0.52734375 0.271875 0.159375
2 0.48359375 0.47265625 0.22890625 0.06640625
2 0.49453125 0.48671875 0.240625 0.04609375
2 0.5296875 0.8609375 0.44140625 0.2078125
2 0.67890625 0.68828125 0.09765625 0.159375
2 0.36328125 0.91015625 0.13828125 0.040625
2 0.47578125 0.80234375 0.45859375 0.39453125
2 0.4859375 0.89140625 0.1828125 0.0859375
0 0.2671875 0.8875 0.0359375 0.05
2 0.459375 0.71328125 0.3546875 0.3578125
1 0.3046875 0.9265625 0.14921875 0.146875