2 0.46328125 0.58125 0.37109375 0.5296875
2 0.621875 0.4140625 0.0171875 0.07890625
2 0.4625 0.31796875 0.28515625 0.41796875
2 0.41171875 0.35234375 0.04296875 0.12109375
2 0.390625 0.446875 0.0859375 0.265625
2 0.41875 0.42265625 0.0609375 0.2484375
2 0.4515625 0.434375 0.11171875 0.33046875
2 0.49609375 0.4375 0.06015625 0.22890625
2 0.55625 0.46171875 0.15625 0.284375
2 0.48671875 0.484375 0.06640625 0.23671875
2 0.621875 0.41484375 0.015625 0.0796875
2 0.55703125 0.50703125 0.13984375 0.18125
2 0.55390625 0.5328125 0.14609375 0.15859375
2 0.5875 0.5375 0.1109375 0.16796875
1 0.4671875 0.6828125 0.25 0.0875