1 0.36640625 0.2421875 0.0921875 0.03125
1 0.45859375 0.2953125 0.1734375 0.09609375
1 0.709375 0.33359375 0.06640625 0.03515625
1 0.746875 0.34921875 0.04296875 0.0359375
1 0.7203125 0.38515625 0.034375 0.053125
3 0.79765625 0.37734375 0.1453125 0.0859375
3 0.871875 0.43203125 0.07734375 0.08828125
3 0.8015625 0.46171875 0.1625 0.1
1 0.5875 0.4875 0.078125 0.04765625
1 0.33671875 0.365625 0.109375 0.059375
5 0.38515625 0.44296875 0.12578125 0.1453125
1 0.24375 0.5078125 0.0796875 0.06171875
1 0.51953125 0.62890625 0.08046875 0.06796875
5 0.396875 0.578125 0.22265625 0.0953125
8 0.78046875 0.56875 0.0734375 0.0640625
8 0.14140625 0.425 0.24609375 0.20859375
7 0.21015625 0.3546875 0.4203125 0.228125