2 0.65859375 0.39453125 0.04375 0.07109375
2 0.7515625 0.346875 0.2390625 0.1703125
2 0.75390625 0.5 0.0375 0.01484375
2 0.871875 0.4703125 0.03125 0.01796875
2 0.7515625 0.5125 0.228125 0.18984375
8 0.65546875 0.6015625 0.18671875 0.2765625
2 0.73828125 0.44453125 0.15390625 0.14921875
2 0.84609375 0.4234375 0.15078125 0.1640625
8 0.7984375 0.6921875 0.13515625 0.171875
8 0.54765625 0.44140625 0.17578125 0.234375
8 0.2890625 0.40078125 0.08203125 0.14140625
8 0.1828125 0.5875 0.25234375 0.56015625
2 0.39453125 0.796875 0.009375 0.0765625
8 0.50703125 0.76171875 0.23671875 0.4375
1 0.0265625 0.41953125 0.05234375 0.075
2 0.90390625 0.31484375 0.05625 0.03359375
1 0.98515625 0.57265625 0.02890625 0.0359375