1 0.50859375 0.70546875 0.17265625 0.10625
1 0.17109375 0.69765625 0.22109375 0.153125
1 0.33203125 0.69140625 0.22265625 0.17734375
1 0.18515625 0.56171875 0.21875 0.14453125
1 0.2453125 0.4546875 0.1890625 0.1578125
1 0.35078125 0.36328125 0.1296875 0.24609375
1 0.3515625 0.61640625 0.175 0.196875
1 0.678125 0.7140625 0.178125 0.15234375
1 0.871875 0.72578125 0.2296875 0.15703125
1 0.51484375 0.61796875 0.1953125 0.16484375
1 0.42578125 0.521875 0.196875 0.19375
1 0.796875 0.6359375 0.20703125 0.14921875
1 0.634375 0.58828125 0.225 0.1140625
1 0.9125 0.56875 0.1484375 0.17265625
1 0.76484375 0.5046875 0.203125 0.159375
1 0.86640625 0.4390625 0.05390625 0.1015625
1 0.7953125 0.39140625 0.115625 0.203125
1 0.7109375 0.390625 0.2375 0.13828125
1 0.421875 0.24921875 0.1921875 0.159375
1 0.465625 0.3625 0.21640625 0.1546875
1 0.5921875 0.2359375 0.05625 0.040625
1 0.56875 0.29921875 0.0921875 0.16953125
1 0.684375 0.2734375 0.203125 0.13515625
1 0.578125 0.46328125 0.22109375 0.1625