8 0.3796875 0.7890625 0.75859375 0.41015625
8 0.109375 0.86796875 0.1390625 0.0859375
0 0.0875 0.271875 0.04921875 0.0109375
2 0.03203125 0.2390625 0.0640625 0.096875
8 0.1421875 0.18984375 0.25859375 0.16796875
2 0.08984375 0.340625 0.1796875 0.1671875
8 0.09375 0.65078125 0.1875 0.459375
6 0.71796875 0.83203125 0.21015625 0.19609375
8 0.434375 0.77578125 0.42421875 0.3453125
1 0.38984375 0.93828125 0.09921875 0.115625
1 0.3125 0.9546875 0.15078125 0.08984375
8 0.73046875 0.959375 0.5390625 0.08125
8 0.59140625 0.30703125 0.34921875 0.271875
8 0.49296875 0.45546875 0.86484375 0.7875
1 0.66171875 0.78984375 0.08203125 0.09765625
6 0.18359375 0.78671875 0.03515625 0.03359375
2 0.61328125 0.3203125 0.24140625 0.1953125