1 0.52578125 0.01640625 0.10390625 0.0328125
0 0.7859375 0.15234375 0.0359375 0.09609375
2 0.20859375 0.05859375 0.33359375 0.1171875
6 0.43046875 0.0578125 0.20546875 0.109375
8 0.7265625 0.065625 0.328125 0.13046875
0 0.48984375 0.02265625 0.08671875 0.04140625
0 0.5296875 0.078125 0.021875 0.06796875
6 0.36015625 0.1703125 0.16875 0.11796875
8 0.49453125 0.14453125 0.10625 0.08671875
2 0.65078125 0.0984375 0.23671875 0.178125
2 0.40546875 0.04140625 0.19140625 0.08203125
1 0.121875 0.11015625 0.12890625 0.05078125
2 0.90078125 0.1328125 0.1984375 0.265625
2 0.96484375 0.240625 0.0578125 0.0296875
2 0.946875 0.290625 0.1046875 0.0921875
4 0.97421875 0.45703125 0.0515625 0.1015625
6 0.975 0.53984375 0.04921875 0.18046875
6 0.91484375 0.63046875 0.15625 0.2640625
2 0.50078125 0.48828125 0.74453125 0.603125
1 0.3828125 0.0171875 0.1234375 0.034375