6 0.4171875 0.46875 0.32109375 0.253125
1 0.5015625 0.44765625 0.05234375 0.1578125
2 0.50234375 0.3890625 0.1078125 0.0453125
1 0.475 0.42109375 0.09375 0.04609375
1 0.3015625 0.253125 0.1484375 0.07578125
6 0.34765625 0.39765625 0.31328125 0.24765625
1 0.0421875 0.384375 0.084375 0.08515625
2 0.8265625 0.88203125 0.0546875 0.0375
8 0.3625 0.68515625 0.609375 0.30390625
2 0.696875 0.6015625 0.2546875 0.04296875
8 0.30546875 0.78984375 0.21484375 0.07109375
8 0.36484375 0.71640625 0.5015625 0.234375
1 0.06796875 0.56484375 0.071875 0.0390625