1 0.1625 0.42421875 0.0453125 0.0203125
2 0.1296875 0.3984375 0.1078125 0.05859375
2 0.09296875 0.58671875 0.1859375 0.33046875
7 0.2171875 0.62421875 0.23125 0.25390625
8 0.92421875 0.5078125 0.15078125 0.3015625
1 0.88515625 0.41015625 0.05625 0.0390625
7 0.59453125 0.75078125 0.54140625 0.1328125
7 0.59609375 0.64296875 0.54921875 0.196875
7 0.56796875 0.60703125 0.56640625 0.12890625
7 0.57109375 0.47734375 0.57890625 0.20546875
1 0.19296875 0.62109375 0.1125 0.24375
1 0.5671875 0.58046875 0.5671875 0.0640625
1 0.56875 0.48515625 0.5703125 0.190625
2 0.02578125 0.46875 0.0515625 0.078125