6 0.7796875 0.33203125 0.025 0.03359375
6 0.846875 0.3953125 0.13359375 0.115625
6 0.890625 0.440625 0.0265625 0.0375
2 0.7484375 0.31171875 0.0515625 0.08359375
8 0.75859375 0.43203125 0.43671875 0.74453125
8 0.50546875 0.28984375 0.2421875 0.4640625
8 0.2859375 0.25703125 0.07421875 0.05078125
6 0.3796875 0.24921875 0.03125 0.16875
8 0.359375 0.26484375 0.03203125 0.10390625
7 0.34296875 0.24609375 0.04375 0.16328125
8 0.32109375 0.3515625 0.146875 0.09296875
8 0.259375 0.278125 0.0125 0.0046875
8 0.2203125 0.30234375 0.13828125 0.1875
8 0.27890625 0.30859375 0.13671875 0.11484375
8 0.29296875 0.48671875 0.278125 0.4015625
8 0.3875 0.375 0.08359375 0.09453125