8 0.02265625 0.53203125 0.0453125 0.0328125
8 0.15859375 0.77265625 0.31640625 0.4546875
2 0.6484375 0.3828125 0.1 0.04609375
1 0.625 0.321875 0.0390625 0.078125
2 0.66953125 0.32734375 0.09609375 0.0890625
2 0.6921875 0.4703125 0.0703125 0.11328125
8 0.71484375 0.4015625 0.0765625 0.1015625
8 0.940625 0.48671875 0.11796875 0.2296875
8 0.971875 0.60546875 0.05625 0.1625
8 0.8046875 0.4203125 0.2359375 0.41953125
8 0.8765625 0.20625 0.05625 0.0578125
2 0.81484375 0.23125 0.0359375 0.0453125
2 0.83984375 0.21484375 0.02421875 0.0390625
8 0.575 0.56796875 0.36328125 0.39921875
8 0.30390625 0.68515625 0.25859375 0.36796875
2 0.5171875 0.86953125 0.2375 0.2609375
8 0.20546875 0.47265625 0.4109375 0.52578125