1 0.09296875 0.203125 0.11875 0.14140625
2 0.0703125 0.225 0.059375 0.07109375
1 0.04140625 0.20078125 0.06640625 0.0359375
1 0.434375 0.2265625 0.21171875 0.07890625
2 0.2 0.4125 0.06328125 0.065625
1 0.30390625 0.13828125 0.44453125 0.24375
2 0.25625 0.32421875 0.31171875 0.215625
2 0.30390625 0.26875 0.065625 0.03671875
2 0.215625 0.28515625 0.1484375 0.11875
1 0.784375 0.31953125 0.14140625 0.12734375
8 0.8265625 0.475 0.26015625 0.27578125
8 0.55 0.4234375 0.35703125 0.43046875
8 0.12578125 0.47578125 0.2078125 0.19921875
8 0.45078125 0.575 0.5625 0.45078125