8 0.4421875 0.60703125 0.2703125 0.25
6 0.7140625 0.44453125 0.04140625 0.06484375
2 0.78828125 0.7671875 0.21484375 0.12734375
2 0.73515625 0.63359375 0.0328125 0.06015625
2 0.7078125 0.5828125 0.04375 0.13046875
2 0.70078125 0.62109375 0.0375 0.0546875
8 0.61640625 0.590625 0.13984375 0.1765625
8 0.45546875 0.50546875 0.18671875 0.278125
8 0.3125 0.5640625 0.15390625 0.196875
8 0.3625 0.36484375 0.18203125 0.26796875
8 0.46875 0.29609375 0.14296875 0.18125
8 0.4875 0.13515625 0.16875 0.24453125
8 0.58984375 0.23359375 0.16328125 0.3046875
8 0.60625 0.475 0.1515625 0.2390625
2 0.665625 0.6546875 0.01484375 0.12734375
2 0.6984375 0.66875 0.06015625 0.1546875
2 0.684375 0.634375 0.02265625 0.0578125
2 0.69453125 0.63359375 0.015625 0.05625
2 0.70625 0.65703125 0.01953125 0.0390625
2 0.81015625 0.68125 0.16796875 0.13984375
8 0.80625 0.49921875 0.2109375 0.26875
8 0.60390625 0.78671875 0.20546875 0.3015625
2 0.61875 0.62109375 0.04375 0.05234375
2 0.65390625 0.61875 0.0375 0.05625