4 0.7515625 0.76484375 0.040625 0.03671875
6 0.84609375 0.86015625 0.0703125 0.090625
3 0.88046875 0.95859375 0.10078125 0.08203125
1 0.79453125 0.809375 0.04609375 0.07578125
6 0.84453125 0.9484375 0.05703125 0.090625
4 0.78828125 0.9578125 0.059375 0.084375
1 0.7625 0.871875 0.034375 0.08828125
8 0.7359375 0.85234375 0.0671875 0.15546875
1 0.7609375 0.53359375 0.43515625 0.5265625
8 0.58046875 0.30859375 0.140625 0.14296875
8 0.515625 0.44453125 0.1140625 0.09765625
1 0.41171875 0.71171875 0.62890625 0.57578125
3 0.03984375 0.96328125 0.0796875 0.07265625
6 0.73046875 0.9609375 0.0625 0.078125
1 0.74140625 0.98359375 0.0625 0.03203125
4 0.021875 0.8546875 0.04375 0.121875
2 0.0578125 0.765625 0.0890625 0.04140625
6 0.1046875 0.68203125 0.034375 0.040625
8 0.05859375 0.71796875 0.1171875 0.10546875
6 0.06640625 0.82734375 0.07890625 0.11875
1 0.05390625 0.77265625 0.01796875 0.04921875
3 0.09609375 0.94140625 0.04921875 0.11171875
1 0.0625 0.92109375 0.0765625 0.1046875
6 0.12265625 0.97109375 0.021875 0.05625