8 0.453125 0.11953125 0.02578125 0.10859375
8 0.26796875 0.2578125 0.1609375 0.21171875
8 0.2765625 0.4125 0.21328125 0.17265625
2 0.715625 0.7953125 0.25078125 0.24453125
8 0.4265625 0.50390625 0.13984375 0.1671875
8 0.4296875 0.315625 0.17265625 0.35078125
8 0.5046875 0.590625 0.17265625 0.440625
2 0.30234375 0.91875 0.08359375 0.0859375
1 0.465625 0.48359375 0.0421875 0.034375
8 0.134375 0.665625 0.115625 0.32734375
8 0.303125 0.6265625 0.25078125 0.43125
6 0.640625 0.1921875 0.23125 0.16875
6 0.66875 0.2140625 0.46953125 0.20234375
2 0.67734375 0.68125 0.18515625 0.265625