2 0.503125 0.8375 0.4515625 0.24609375
2 0.49609375 0.7796875 0.246875 0.125
2 0.60078125 0.35078125 0.159375 0.12421875
2 0.61015625 0.6046875 0.44921875 0.40859375
2 0.60703125 0.6359375 0.3046875 0.24453125
8 0.93984375 0.10703125 0.11953125 0.13125
1 0.5359375 0.54375 0.1 0.06953125
8 0.93125 0.2 0.1375 0.246875
8 0.95625 0.3234375 0.08671875 0.1609375
8 0.5984375 0.2015625 0.21484375 0.15703125
8 0.746875 0.09765625 0.2734375 0.1140625
2 0.29765625 0.3890625 0.153125 0.0796875
2 0.42734375 0.3859375 0.159375 0.0984375
6 0.64375 0.628125 0.19765625 0.18046875
2 0.6671875 0.6421875 0.19453125 0.1421875
2 0.1609375 0.56796875 0.29296875 0.23671875
2 0.5078125 0.3859375 0.06640625 0.0703125
2 0.25234375 0.43515625 0.20859375 0.171875
8 0.7421875 0.18359375 0.25 0.22421875
8 0.65703125 0.128125 0.0734375 0.05546875
2 0.30859375 0.68046875 0.21953125 0.22734375
2 0.73125 0.68828125 0.19453125 0.21640625
2 0.33984375 0.49296875 0.1625 0.19375
2 0.67109375 0.1234375 0.053125 0.03359375
2 0.7359375 0.459375 0.41484375 0.2609375