2 0.63359375 0.72265625 0.29921875 0.18203125
6 0.9578125 0.540625 0.08359375 0.0890625
2 0.81484375 0.60703125 0.36953125 0.18984375
8 0.8125 0.55703125 0.25 0.12578125
2 0.61171875 0.51015625 0.3125 0.28671875
2 0.2296875 0.44375 0.3125 0.159375
2 0.178125 0.61640625 0.35546875 0.2484375
3 0.215625 0.65078125 0.05859375 0.071875
1 0.41640625 0.690625 0.3984375 0.0765625
2 0.40234375 0.68359375 0.07265625 0.03359375
2 0.33984375 0.54609375 0.47734375 0.32265625
6 0.4640625 0.8171875 0.5171875 0.365625
6 0.30234375 0.75859375 0.48984375 0.48203125
8 0.06953125 0.77734375 0.1390625 0.44453125
2 0.78828125 0.884375 0.13984375 0.11484375
2 0.4796875 0.94921875 0.07890625 0.06015625
7 0.7890625 0.96640625 0.42109375 0.06640625
1 0.83046875 0.98046875 0.33828125 0.0390625
1 0.80234375 0.99375 0.12109375 0.0125