7 0.8828125 0.29609375 0.1546875 0.10703125
2 0.24609375 0.34375 0.23828125 0.240625
2 0.10390625 0.590625 0.17421875 0.21953125
2 0.0828125 0.58203125 0.15 0.1765625
2 0.1265625 0.51328125 0.0984375 0.0875
2 0.10703125 0.52421875 0.2140625 0.2734375
2 0.084375 0.38359375 0.16875 0.1484375
2 0.12265625 0.33125 0.04765625 0.0421875
2 0.07265625 0.35625 0.1453125 0.1875
2 0.06796875 0.3078125 0.1359375 0.11875
1 0.178125 0.215625 0.04375 0.03359375
2 0.08828125 0.25625 0.17578125 0.15078125
2 0.11875 0.19453125 0.0546875 0.0359375
2 0.06796875 0.2265625 0.1359375 0.11015625
2 0.06015625 0.17265625 0.1203125 0.0359375
2 0.065625 0.10625 0.13125 0.040625
2 0.021875 0.04921875 0.04375 0.0890625
2 0.02734375 0.03984375 0.0546875 0.0796875
2 0.096875 0.69453125 0.19375 0.3953125
2 0.33203125 0.20703125 0.1140625 0.11875
2 0.37265625 0.2171875 0.11640625 0.10390625
2 0.39296875 0.22265625 0.09765625 0.09453125
2 0.41015625 0.2234375 0.08671875 0.0953125
2 0.434375 0.2171875 0.07265625 0.11015625
2 0.54765625 0.28125 0.10859375 0.02890625
2 0.55703125 0.23046875 0.13046875 0.11640625
6 0.971875 0.7828125 0.05546875 0.19140625
10 0.4890625 0.18984375 0.109375 0.0890625
10 0.51796875 0.2171875 0.0859375 0.09140625
2 0.8046875 0.4125 0.17265625 0.1859375
2 0.6484375 0.26953125 0.103125 0.125
2 0.62734375 0.27890625 0.09765625 0.07578125
2 0.52890625 0.425 0.64765625 0.34296875
8 0.8453125 0.684375 0.29296875 0.284375
2 0.6734375 0.2640625 0.09296875 0.13984375
2 0.92265625 0.09296875 0.1265625 0.078125
2 0.92109375 0.07265625 0.0734375 0.03203125
2 0.9234375 0.1359375 0.05078125 0.046875
2 0.9203125 0.16640625 0.03046875 0.03671875
2 0.94453125 0.17890625 0.11015625 0.3203125
1 0.9640625 0.3484375 0.01640625 0.02109375
1 0.86640625 0.45390625 0.09296875 0.04765625
2 0.4640625 0.7171875 0.703125 0.39921875
2 0.9375 0.54296875 0.125 0.2703125
1 0.11875 0.2203125 0.1953125 0.09296875
1 0.978125 0.3953125 0.04296875 0.2078125
2 0.8125 0.33046875 0.31484375 0.20859375
2 0.46484375 0.2359375 0.05390625 0.0765625
2 0.4546875 0.22890625 0.05703125 0.08984375
2 0.1859375 0.521875 0.0421875 0.0453125
2 0.19140625 0.47890625 0.0359375 0.05859375
2 0.04453125 0.1453125 0.0890625 0.0453125
1 0.12265625 0.2078125 0.1296875 0.1171875
1 0.0765625 0.2890625 0.05859375 0.08046875
1 0.1359375 0.54609375 0.10625 0.053125
1 0.03359375 0.703125 0.06640625 0.096875
2 0.925 0.04609375 0.14921875 0.04609375
2 0.92578125 0.0296875 0.1484375 0.040625