1 0.50078125 0.79140625 0.20546875 0.32734375
2 0.065625 0.6109375 0.13125 0.384375
10 0.2015625 0.3890625 0.403125 0.34296875
2 0.00625 0.81640625 0.0125 0.0484375
2 0.01796875 0.959375 0.03515625 0.08046875
8 0.1984375 0.92109375 0.34765625 0.1578125
6 0.4828125 0.9421875 0.071875 0.09140625
8 0.06640625 0.8359375 0.1328125 0.2078125
8 0.07109375 0.84140625 0.121875 0.16640625
2 0.253125 0.32734375 0.25234375 0.35078125
8 0.3234375 0.659375 0.44453125 0.41484375
8 0.42109375 0.39765625 0.12421875 0.21015625
8 0.67265625 0.415625 0.40625 0.51328125
7 0.01015625 0.5421875 0.0203125 0.115625
2 0.1875 0.26015625 0.04453125 0.0890625
2 0.73515625 0.6375 0.18359375 0.21484375
6 0.640625 0.77734375 0.04921875 0.10703125
2 0.8578125 0.89140625 0.2765625 0.21640625
2 0.85859375 0.89453125 0.26328125 0.209375
6 0.84765625 0.9015625 0.22734375 0.196875
2 0.928125 0.5296875 0.14296875 0.30234375
8 0.96796875 0.40859375 0.06328125 0.09140625
6 0.94921875 0.490625 0.10078125 0.08984375
7 0.84140625 0.32890625 0.3171875 0.14609375
8 0.8875 0.14140625 0.221875 0.2828125
8 0.9390625 0.0359375 0.0953125 0.071875
1 0.52578125 0.6109375 0.046875 0.0546875
7 0.0046875 0.44765625 0.009375 0.0625