2 0.72109375 0.51015625 0.4453125 0.41015625
8 0.31953125 0.56171875 0.41875 0.48828125
2 0.8796875 0.44453125 0.08359375 0.02578125
2 0.865625 0.46328125 0.05703125 0.06015625
2 0.76796875 0.4 0.1375 0.06328125
2 0.8 0.4265625 0.159375 0.13671875
2 0.6546875 0.39296875 0.04765625 0.03828125
2 0.78203125 0.4640625 0.12578125 0.06484375
2 0.78515625 0.48125 0.1078125 0.03984375
2 0.68828125 0.41640625 0.0984375 0.07109375
2 0.69375 0.446875 0.128125 0.08046875
2 0.67265625 0.4453125 0.10546875 0.0703125