4 0.43828125 0.50234375 0.5734375 0.6421875
2 0.66875 0.20859375 0.36875 0.2203125
2 0.60234375 0.3125 0.43828125 0.4109375
6 0.1890625 0.159375 0.378125 0.04609375
2 0.72578125 0.10546875 0.44140625 0.2109375
6 0.73046875 0.10859375 0.378125 0.13828125
8 0.10625 0.07578125 0.2125 0.1515625
2 0.8609375 0.3609375 0.27734375 0.27890625
6 0.91328125 0.2234375 0.17265625 0.446875
6 0.3484375 0.0765625 0.3140625 0.153125
2 0.4484375 0.05234375 0.3171875 0.10390625
6 0.8875 0.03046875 0.17421875 0.0609375