8 0.12109375 0.33203125 0.14140625 0.18046875
8 0.02578125 0.3875 0.0515625 0.128125
8 0.02578125 0.55234375 0.05078125 0.2328125
8 0.0578125 0.46953125 0.04921875 0.12421875
2 0.06015625 0.528125 0.04609375 0.0625
6 0.06875 0.53828125 0.03671875 0.04140625
8 0.31640625 0.35 0.209375 0.43359375
8 0.20703125 0.5078125 0.271875 0.2125
8 0.14921875 0.37421875 0.19140625 0.16015625
8 0.0796875 0.37578125 0.01328125 0.1078125
5 0.0203125 0.7171875 0.0265625 0.0828125
8 0.10859375 0.66015625 0.2171875 0.3
2 0.32578125 0.62734375 0.1640625 0.1796875
8 0.27578125 0.68984375 0.14375 0.14453125
8 0.43828125 0.78671875 0.2 0.159375
8 0.48125 0.4203125 0.22734375 0.33203125
8 0.6703125 0.32890625 0.10546875 0.2890625
8 0.61015625 0.315625 0.08671875 0.18828125
6 0.5859375 0.46171875 0.11875 0.09296875
6 0.6703125 0.47578125 0.08515625 0.0234375
8 0.64921875 0.540625 0.15390625 0.12578125
2 0.69296875 0.5859375 0.0734375 0.10390625
8 0.85234375 0.43046875 0.29453125 0.57109375
6 0.70859375 0.71328125 0.13203125 0.13828125
3 0.81875 0.74140625 0.09921875 0.12734375
3 0.81953125 0.71953125 0.0859375 0.07734375
3 0.7765625 0.8140625 0.096875 0.14921875
2 0.93515625 0.84140625 0.128125 0.31640625
8 0.96171875 0.89765625 0.0765625 0.19609375
8 0.978125 0.959375 0.04296875 0.08125
1 0.8296875 0.23203125 0.21484375 0.1734375
1 0.8296875 0.2015625 0.20078125 0.10390625
1 0.815625 0.24375 0.15390625 0.065625
1 0.778125 0.22109375 0.03515625 0.11015625
8 0.31484375 0.146875 0.05078125 0.040625