2 0.7015625 0.7703125 0.26171875 0.1203125
2 0.69609375 0.76328125 0.23828125 0.10546875
2 0.68515625 0.7171875 0.40390625 0.146875
2 0.66171875 0.6609375 0.53984375 0.13359375
2 0.73125 0.61484375 0.35 0.1671875
2 0.628125 0.56328125 0.559375 0.24765625
2 0.5375 0.565625 0.35625 0.13125
7 0.53984375 0.440625 0.26640625 0.30625
1 0.5125 0.76171875 0.2453125 0.153125
2 0.4515625 0.6875 0.0671875 0.0359375
1 0.8734375 0.49296875 0.090625 0.0765625
1 0.72265625 0.4515625 0.03515625 0.01953125
1 0.50234375 0.6578125 0.10390625 0.06171875
1 0.37421875 0.61171875 0.05078125 0.046875