2 0.62734375 0.7296875 0.74375 0.44453125
2 0.49140625 0.96484375 0.11875 0.06953125
2 0.41875 0.975 0.0796875 0.05
2 0.55859375 0.96875 0.04921875 0.0625
2 0.65546875 0.9703125 0.059375 0.059375
2 0.77890625 0.9703125 0.19921875 0.05859375
2 0.60703125 0.48515625 0.4328125 0.21953125
2 0.8859375 0.54921875 0.09375 0.08984375
2 0.90859375 0.609375 0.0640625 0.08125
2 0.8296875 0.515625 0.046875 0.05703125
2 0.71953125 0.54140625 0.22265625 0.103125
2 0.58046875 0.540625 0.07421875 0.03984375
2 0.46953125 0.546875 0.28671875 0.2046875
2 0.78359375 0.6375 0.35078125 0.19375
2 0.93046875 0.97421875 0.10546875 0.05078125
2 0.546875 0.64609375 0.134375 0.03203125
2 0.475 0.628125 0.48203125 0.25625
2 0.97421875 0.97578125 0.0515625 0.04765625