2 0.5078125 0.6859375 0.54765625 0.18671875
2 0.309375 0.63828125 0.06328125 0.0828125
2 0.33515625 0.59453125 0.08359375 0.0421875
2 0.4109375 0.578125 0.04296875 0.0375
2 0.42578125 0.57578125 0.02578125 0.03671875
8 0.75390625 0.54921875 0.15 0.13671875
2 0.68984375 0.56015625 0.109375 0.14140625
1 0.70234375 0.565625 0.04921875 0.10078125
1 0.71875 0.57734375 0.04296875 0.096875
2 0.5765625 0.6078125 0.28828125 0.18203125
2 0.38984375 0.6625 0.11484375 0.0546875
2 0.40078125 0.57578125 0.0515625 0.03125
2 0.4 0.61484375 0.1796875 0.11015625
2 0.37578125 0.63984375 0.09609375 0.05234375
2 0.3390625 0.57578125 0.06484375 0.0484375
2 0.36953125 0.53046875 0.17265625 0.06015625
1 0.28671875 0.76328125 0.2015625 0.209375
2 0.48359375 0.50625 0.36328125 0.0671875