2 0.45 0.6671875 0.51328125 0.315625
2 0.38203125 0.60546875 0.3703125 0.25546875
2 0.33984375 0.58203125 0.28515625 0.20859375
2 0.31953125 0.5390625 0.2375 0.0921875
2 0.31953125 0.5875 0.23359375 0.16328125
2 0.66171875 0.5140625 0.67578125 0.39609375
2 0.6359375 0.4984375 0.5109375 0.24140625
2 0.6515625 0.375 0.50546875 0.40390625
2 0.5890625 0.296875 0.078125 0.03828125
2 0.66796875 0.32109375 0.08984375 0.0453125
1 0.56171875 0.30234375 0.2921875 0.11015625
1 0.76171875 0.41171875 0.03046875 0.0515625
1 0.3203125 0.60703125 0.08984375 0.053125
1 0.63203125 0.39609375 0.090625 0.078125