2 0.8453125 0.5328125 0.1140625 0.13125
2 0.7125 0.375 0.15078125 0.040625
2 0.7515625 0.38828125 0.12578125 0.0453125
2 0.6171875 0.36640625 0.09453125 0.04296875
6 0.47109375 0.30546875 0.090625 0.07109375
6 0.425 0.340625 0.075 0.03046875
2 0.52109375 0.5203125 0.64296875 0.371875
2 0.0765625 0.2515625 0.153125 0.196875
1 0.05234375 0.3859375 0.10390625 0.096875
2 0.1875 0.37734375 0.18671875 0.1625
6 0.54375 0.73828125 0.30234375 0.16796875
6 0.29609375 0.765625 0.28359375 0.14609375
8 0.82578125 0.9515625 0.27109375 0.09609375
2 0.78515625 0.85078125 0.42890625 0.18671875
1 0.51015625 0.86875 0.23359375 0.13828125
2 0.2765625 0.57890625 0.55234375 0.33125
2 0.1953125 0.35703125 0.2546875 0.10625
8 0.05078125 0.4609375 0.1015625 0.125
2 0.90078125 0.5921875 0.18671875 0.15859375
8 0.54453125 0.70390625 0.26640625 0.071875