8 0.40703125 0.1796875 0.59609375 0.35859375
8 0.3453125 0.25859375 0.22109375 0.1828125
8 0.44921875 0.71953125 0.05078125 0.09453125
3 0.17421875 0.3640625 0.1296875 0.20703125
6 0.20859375 0.47890625 0.1171875 0.16015625
8 0.5609375 0.44765625 0.18125 0.2546875
1 0.76796875 0.57734375 0.125 0.20625
8 0.4421875 0.63359375 0.10625 0.146875
8 0.60625 0.66640625 0.30078125 0.38515625
1 0.3578125 0.54609375 0.23828125 0.26875
1 0.353125 0.4171875 0.25703125 0.18984375
1 0.446875 0.39140625 0.05546875 0.11640625
1 0.40078125 0.43359375 0.0390625 0.06875
1 0.465625 0.275 0.01796875 0.1625
1 0.46015625 0.26328125 0.0125 0.16015625
3 0.38671875 0.2984375 0.14921875 0.171875
2 0.34765625 0.38046875 0.16015625 0.1875
6 0.296875 0.75546875 0.11796875 0.20859375
3 0.39765625 0.77109375 0.15234375 0.18203125
8 0.64375 0.4921875 0.09375 0.10234375
8 0.515625 0.88203125 0.25234375 0.1921875
6 0.40546875 0.25078125 0.13828125 0.1421875