6 0.59375 0.2296875 0.15234375 0.3265625
8 0.36953125 0.8 0.1421875 0.09609375
1 0.6828125 0.84453125 0.52265625 0.31015625
8 0.334375 0.4671875 0.09609375 0.21640625
2 0.55 0.771875 0.28046875 0.32890625
8 0.48125 0.50234375 0.2578125 0.5765625
2 0.77265625 0.9875 0.15703125 0.02421875
8 0.26171875 0.57265625 0.240625 0.478125
1 0.45 0.353125 0.02890625 0.0375
2 0.63046875 0.52578125 0.0890625 0.16640625
2 0.621875 0.4125 0.0796875 0.0765625
8 0.7484375 0.5046875 0.21171875 0.27265625
2 0.68203125 0.440625 0.059375 0.09453125
1 0.67265625 0.5734375 0.09765625 0.06640625
1 0.721875 0.7015625 0.03046875 0.07265625
8 0.765625 0.73359375 0.12109375 0.23515625
6 0.94453125 0.853125 0.06328125 0.1140625
6 0.97421875 0.75625 0.0515625 0.1140625
6 0.91640625 0.65625 0.09140625 0.10859375
2 0.8625 0.74375 0.18515625 0.19296875
6 0.88828125 0.86640625 0.065625 0.05390625
6 0.97890625 0.81796875 0.03828125 0.02734375
8 0.2 0.42265625 0.04921875 0.05859375
8 0.21640625 0.44921875 0.01328125 0.04296875