2 0.94296875 0.44296875 0.11328125 0.24765625
2 0.30546875 0.57421875 0.24765625 0.228125
1 0.91015625 0.49609375 0.084375 0.10078125
2 0.72890625 0.48125 0.42578125 0.21171875
2 0.75390625 0.47421875 0.41328125 0.1859375
8 0.115625 0.56640625 0.23125 0.37578125
2 0.67421875 0.2625 0.2203125 0.10390625
2 0.65859375 0.29765625 0.2125 0.11171875
2 0.45703125 0.66796875 0.415625 0.384375
8 0.971875 0.3890625 0.05546875 0.0421875
1 0.2796875 0.565625 0.06953125 0.08125
1 0.275 0.61640625 0.04453125 0.03984375
2 0.71171875 0.38828125 0.421875 0.2796875