2 0.47421875 0.4671875 0.59453125 0.684375
2 0.5265625 0.5171875 0.84453125 0.6515625
8 0.4484375 0.55859375 0.078125 0.04765625
1 0.38671875 0.46875 0.07109375 0.08125
2 0.62890625 0.48359375 0.0265625 0.03125
2 0.64765625 0.54453125 0.04765625 0.121875
8 0.47109375 0.59765625 0.0859375 0.075
2 0.5890625 0.41796875 0.0671875 0.0984375
2 0.4859375 0.51953125 0.340625 0.33984375
2 0.68984375 0.48125 0.3578125 0.1859375
3 0.50546875 0.365625 0.06015625 0.01484375
1 0.45546875 0.36796875 0.053125 0.02421875