2 0.6421875 0.93828125 0.15078125 0.12265625
2 0.79296875 0.9453125 0.17421875 0.10859375
6 0.65390625 0.29921875 0.2828125 0.45703125
6 0.459375 0.30234375 0.16171875 0.40703125
6 0.2484375 0.415625 0.23828125 0.128125
6 0.0515625 0.453125 0.103125 0.30390625
8 0.0390625 0.3390625 0.078125 0.0953125
5 0.1234375 0.58046875 0.22265625 0.21875
5 0.71484375 0.4515625 0.2609375 0.3
6 0.5921875 0.39140625 0.2 0.425
6 0.3921875 0.53671875 0.2078125 0.16953125
6 0.278125 0.55625 0.1625 0.32734375
6 0.4140625 0.625 0.12734375 0.2015625
4 0.771875 0.39453125 0.45546875 0.78828125
6 0.696875 0.6359375 0.19375 0.14140625
6 0.66953125 0.83046875 0.52890625 0.25703125
4 0.21171875 0.784375 0.10859375 0.19296875
4 0.084375 0.778125 0.16875 0.19375
2 0.503125 0.946875 0.1546875 0.10546875
2 0.20703125 0.9703125 0.20234375 0.059375
2 0.3453125 0.95859375 0.20078125 0.0828125
2 0.07109375 0.98046875 0.1421875 0.03828125