2 0.959375 0.1171875 0.0796875 0.21328125
2 0.98203125 0.0984375 0.03515625 0.15078125
2 0.90546875 0.05390625 0.034375 0.04453125
7 0.76484375 0.30078125 0.1515625 0.146875
1 0.76328125 0.296875 0.1390625 0.125
7 0.73515625 0.2453125 0.04921875 0.05390625
2 0.78125 0.33984375 0.2296875 0.25
2 0.846875 0.17890625 0.30625 0.3578125
2 0.49921875 0.33984375 0.571875 0.52265625
2 0.8171875 0.50546875 0.06328125 0.0875
2 0.4078125 0.36640625 0.25859375 0.1578125
2 0.44375 0.328125 0.1640625 0.0734375
8 0.4171875 0.3375 0.278125 0.2140625