2 0.2 0.6796875 0.25078125 0.23046875
8 0.665625 0.33671875 0.0484375 0.07109375
8 0.740625 0.37734375 0.24140625 0.31953125
8 0.54140625 0.3796875 0.23125 0.33515625
8 0.40390625 0.425 0.35859375 0.409375
8 0.4875 0.18203125 0.3359375 0.17421875
6 0.396875 0.2921875 0.06328125 0.0375
8 0.728125 0.69375 0.2015625 0.3421875
6 0.7203125 0.628125 0.06015625 0.084375
1 0.7296875 0.6625 0.04765625 0.03984375
8 0.49296875 0.78125 0.45859375 0.38046875
6 0.30546875 0.88984375 0.04765625 0.04296875
3 0.25703125 0.81953125 0.0890625 0.06015625
2 0.2734375 0.81015625 0.0875 0.07109375
2 0.2875 0.7125 0.04375 0.0328125
1 0.46953125 0.28125 0.03359375 0.03671875
1 0.7375 0.73359375 0.05234375 0.05234375
8 0.78046875 0.659375 0.05 0.065625
1 0.73828125 0.703125 0.05546875 0.02578125
8 0.7734375 0.66484375 0.0375 0.05546875