6 0.20546875 0.759375 0.22109375 0.3515625
2 0.26015625 0.75078125 0.25859375 0.36171875
2 0.69453125 0.153125 0.10703125 0.13984375
2 0.7109375 0.5234375 0.1765625 0.2
2 0.76640625 0.49375 0.05 0.08125
2 0.72265625 0.54609375 0.0703125 0.04296875
2 0.6171875 0.4171875 0.32578125 0.25234375
2 0.67890625 0.359375 0.325 0.19765625
2 0.68515625 0.29140625 0.296875 0.17890625
2 0.5453125 0.2 0.26640625 0.24921875
2 0.5140625 0.1703125 0.23984375 0.171875
2 0.53515625 0.11640625 0.253125 0.1078125
8 0.528125 0.65078125 0.3359375 0.51953125
1 0.65078125 0.5109375 0.075 0.05859375