1 0.89296875 0.25078125 0.04140625 0.2125
2 0.825 0.3140625 0.18125 0.35859375
6 0.83125 0.16796875 0.10625 0.04921875
6 0.8203125 0.196875 0.0796875 0.04296875
6 0.77890625 0.16875 0.05 0.03828125
8 0.753125 0.39921875 0.1421875 0.40703125
2 0.69921875 0.5546875 0.06640625 0.1078125
2 0.63359375 0.3859375 0.2921875 0.33046875
2 0.603125 0.33828125 0.1546875 0.21640625
2 0.65390625 0.30859375 0.203125 0.2125
2 0.51640625 0.2125 0.075 0.08984375
2 0.4796875 0.6953125 0.38125 0.3390625
6 0.50859375 0.64140625 0.05625 0.05390625
3 0.49140625 0.678125 0.0828125 0.1078125
2 0.48359375 0.684375 0.06484375 0.078125
2 0.42421875 0.6515625 0.09609375 0.08203125
2 0.22109375 0.7453125 0.3046875 0.31171875
2 0.4875 0.60859375 0.11796875 0.040625
2 0.1015625 0.76484375 0.06171875 0.1203125
6 0.1609375 0.68828125 0.0625 0.11015625
6 0.215625 0.7046875 0.2078125 0.21953125
2 0.40234375 0.56953125 0.18203125 0.16875
2 0.525 0.56796875 0.1765625 0.053125
2 0.5078125 0.53359375 0.2359375 0.1328125
2 0.50859375 0.4734375 0.253125 0.17734375
8 0.7375 0.8078125 0.32734375 0.38359375
8 0.40859375 0.825 0.1984375 0.22109375
8 0.21875 0.89921875 0.1921875 0.20078125
1 0.16015625 0.82734375 0.0234375 0.0578125
2 0.065625 0.9734375 0.13046875 0.05234375
2 0.3984375 0.9140625 0.41015625 0.171875
2 0.69375 0.271875 0.096875 0.078125