7 0.8296875 0.03984375 0.05625 0.0796875
2 0.734375 0.065625 0.15390625 0.13125
1 0.37109375 0.2265625 0.12578125 0.0859375
7 0.30703125 0.09609375 0.6140625 0.1921875
4 0.51640625 0.09375 0.034375 0.1875
1 0.18828125 0.12421875 0.3765625 0.1765625
1 0.2609375 0.11640625 0.23046875 0.2328125
1 0.28828125 0.096875 0.23671875 0.19296875
1 0.35546875 0.10234375 0.20625 0.178125
1 0.1828125 0.36171875 0.365625 0.3578125
1 0.14765625 0.13359375 0.2953125 0.2671875
8 0.4734375 0.403125 0.41796875 0.43515625
4 0.9265625 0.09375 0.146875 0.1875
6 0.83046875 0.178125 0.25234375 0.2015625
1 0.84453125 0.225 0.26015625 0.0828125
1 0.69609375 0.2921875 0.18046875 0.35078125