1 0.90625 0.2609375 0.18671875 0.078125
6 0.51953125 0.0265625 0.1296875 0.053125
1 0.50546875 0.41171875 0.12421875 0.1515625
6 0.271875 0.5515625 0.0640625 0.07421875
1 0.3625 0.5171875 0.209375 0.1125
2 0.50546875 0.53984375 0.32265625 0.3765625
8 0.6640625 0.5296875 0.33515625 0.13515625
6 0.82109375 0.64375 0.07421875 0.1015625
6 0.33125 0.7703125 0.0578125 0.075
1 0.228125 0.828125 0.1859375 0.14453125
6 0.08203125 0.5140625 0.14453125 0.0796875
1 0.8359375 0.403125 0.32734375 0.1453125
1 0.2421875 0.08671875 0.13046875 0.11328125
1 0.30390625 0.1125 0.06796875 0.06484375
1 0.55 0.1296875 0.0984375 0.09375