1 0.91796875 0.86015625 0.1640625 0.27890625
1 0.12890625 0.67421875 0.2578125 0.53515625
1 0.22109375 0.68984375 0.3546875 0.54375
8 0.1 0.94296875 0.2 0.1140625
1 0.54921875 0.7921875 0.70078125 0.415625
6 0.98125 0.58828125 0.03671875 0.11484375
6 0.9328125 0.56640625 0.0890625 0.0875
6 0.97421875 0.5078125 0.05078125 0.08359375
6 0.87734375 0.4296875 0.13046875 0.05078125
6 0.67734375 0.365625 0.11953125 0.08828125
6 0.6421875 0.5421875 0.62734375 0.3546875
6 0.49609375 0.64609375 0.10546875 0.03046875
6 0.68359375 0.5859375 0.284375 0.20078125