2 0.56015625 0.27421875 0.18671875 0.159375
4 0.20078125 0.58515625 0.13125 0.16484375
4 0.20390625 0.709375 0.075 0.03984375
1 0.328125 0.8 0.17421875 0.02265625
2 0.72578125 0.728125 0.45625 0.471875
2 0.7015625 0.78828125 0.078125 0.03359375
1 0.8328125 0.75390625 0.1109375 0.06875
2 0.62265625 0.7484375 0.1421875 0.0609375
2 0.68984375 0.78515625 0.0828125 0.0328125
1 0.6703125 0.7875 0.06015625 0.0296875
2 0.62578125 0.7859375 0.0734375 0.04296875
8 0.06953125 0.2921875 0.13828125 0.521875
2 0.16953125 0.3359375 0.22421875 0.3453125
2 0.36796875 0.4859375 0.421875 0.3984375
2 0.5546875 0.60234375 0.1296875 0.2609375
2 0.753125 0.72578125 0.3015625 0.09296875
2 0.70078125 0.51875 0.453125 0.340625
2 0.67421875 0.69765625 0.1015625 0.0390625
2 0.25546875 0.30625 0.0390625 0.096875
2 0.36796875 0.26328125 0.19609375 0.4328125
2 0.41875 0.33984375 0.0703125 0.26953125
2 0.3796875 0.45078125 0.03203125 0.10390625
2 0.46171875 0.32265625 0.09375 0.14140625
1 0.515625 0.340625 0.0484375 0.08828125
2 0.45 0.3953125 0.096875 0.13984375
1 0.68359375 0.5484375 0.36953125 0.57890625
1 0.3265625 0.6046875 0.028125 0.0609375