2 0.178125 0.3671875 0.14453125 0.17578125
2 0.18203125 0.303125 0.07578125 0.05859375
2 0.21640625 0.31015625 0.0390625 0.05
8 0.3578125 0.41171875 0.06328125 0.0234375
2 0.22421875 0.609375 0.07421875 0.10703125
2 0.44609375 0.62421875 0.42578125 0.33671875
2 0.55078125 0.48671875 0.0328125 0.06875
2 0.41171875 0.49765625 0.4625 0.23515625
2 0.5421875 0.540625 0.03046875 0.0421875
2 0.5015625 0.4609375 0.0671875 0.04609375
2 0.38359375 0.44296875 0.1765625 0.05546875
1 0.20234375 0.37109375 0.05 0.03125
1 0.0390625 0.41953125 0.0453125 0.01640625