7 0.446875 0.54609375 0.278125 0.12890625
7 0.41484375 0.57421875 0.2515625 0.125
8 0.2609375 0.778125 0.47109375 0.44375
8 0.76328125 0.7328125 0.465625 0.4796875
8 0.57109375 0.84609375 0.559375 0.3078125
7 0.528125 0.38515625 0.4578125 0.38984375
7 0.06015625 0.59765625 0.1203125 0.04453125
6 0.259375 0.37265625 0.03984375 0.03359375
5 0.32421875 0.378125 0.04921875 0.02109375
8 0.14296875 0.34375 0.2859375 0.478125
7 0.4921875 0.6421875 0.096875 0.05859375
7 0.50390625 0.67578125 0.0671875 0.04453125