10 0.13203125 0.66015625 0.26328125 0.67890625
8 0.428125 0.928125 0.3515625 0.14296875
6 0.36953125 0.80859375 0.29140625 0.2453125
6 0.23515625 0.1546875 0.16953125 0.30703125
1 0.10703125 0.2046875 0.2140625 0.40859375
8 0.56953125 0.271875 0.5453125 0.54375
10 0.86484375 0.8328125 0.2703125 0.33359375
1 0.65078125 0.74140625 0.2796875 0.15078125
6 0.5765625 0.23828125 0.26015625 0.28515625
3 0.96875 0.39140625 0.06171875 0.26953125
2 0.98046875 0.33203125 0.0390625 0.16796875
1 0.9234375 0.6703125 0.14453125 0.12265625
1 0.92421875 0.4734375 0.1515625 0.20234375
8 0.93671875 0.05625 0.1234375 0.1125
1 0.8703125 0.1953125 0.25859375 0.3625
1 0.33828125 0.0578125 0.0828125 0.115625
6 0.44453125 0.159375 0.22421875 0.31875
5 0.53046875 0.58046875 0.64375 0.28671875