1 0.45546875 0.628125 0.04453125 0.03046875
2 0.73125 0.765625 0.1296875 0.06015625
8 0.72109375 0.68046875 0.178125 0.11171875
8 0.68671875 0.62265625 0.09765625 0.04296875
7 0.77578125 0.50390625 0.115625 0.16171875
1 0.446875 0.21484375 0.23359375 0.10234375
1 0.07578125 0.7203125 0.04609375 0.02421875
8 0.15234375 0.5875 0.2734375 0.321875
6 0.23984375 0.47109375 0.07578125 0.08046875
8 0.1671875 0.46015625 0.14609375 0.12734375
8 0.384375 0.52734375 0.21328125 0.25703125
6 0.428125 0.35390625 0.07265625 0.05234375
6 0.44375 0.4125 0.0375 0.0703125
6 0.425 0.41953125 0.03359375 0.06953125
6 0.4546875 0.3921875 0.03046875 0.03671875
8 0.3671875 0.40546875 0.15625 0.1546875
8 0.3015625 0.44375 0.02578125 0.04453125
2 0.35390625 0.46484375 0.04765625 0.04140625
3 0.31328125 0.6453125 0.0515625 0.03125
6 0.30390625 0.63671875 0.02109375 0.0359375
6 0.35234375 0.63984375 0.2859375 0.1828125