2 0.10625 0.425 0.2125 0.50625
2 0.04453125 0.290625 0.0890625 0.171875
1 0.03203125 0.434375 0.0640625 0.1875
8 0.21796875 0.459375 0.06015625 0.153125
1 0.18671875 0.46953125 0.09140625 0.134375
2 0.4109375 0.85078125 0.45 0.28203125
2 0.52578125 0.4984375 0.528125 0.5984375
2 0.6796875 0.5125 0.284375 0.25546875
2 0.56640625 0.5078125 0.14296875 0.15703125
2 0.53359375 0.46796875 0.13828125 0.0625
2 0.7203125 0.3015625 0.0546875 0.115625
2 0.84453125 0.40625 0.10703125 0.12734375
6 0.95 0.434375 0.06796875 0.04140625