2 0.86796875 0.059375 0.26328125 0.11875
0 0.73203125 0.11015625 0.0375 0.028125
8 0.73046875 0.178125 0.05 0.05234375
2 0.8453125 0.1359375 0.309375 0.12890625
1 0.87421875 0.25625 0.25 0.19453125
2 0.84296875 0.4484375 0.31328125 0.4109375
2 0.50390625 0.48671875 0.78828125 0.575
2 0.56640625 0.28359375 0.40859375 0.390625
8 0.95625 0.62890625 0.08671875 0.3984375
1 0.62265625 0.121875 0.1890625 0.084375
2 0.4109375 0.378125 0.2390625 0.15625
2 0.371875 0.4515625 0.04296875 0.02265625
1 0.928125 0.209375 0.14375 0.06328125
2 0.88984375 0.0625 0.11796875 0.0859375