8 0.8046875 0.59453125 0.2765625 0.29296875
7 0.36875 0.75390625 0.18203125 0.1453125
7 0.35703125 0.709375 0.17421875 0.10078125
7 0.35625 0.64375 0.1703125 0.13984375
7 0.33203125 0.51015625 0.22109375 0.2375
7 0.475 0.40234375 0.10703125 0.11171875
8 0.5640625 0.34375 0.11484375 0.1234375
8 0.509375 0.3796875 0.0578125 0.103125
1 0.546875 0.60546875 0.25390625 0.38203125
8 0.5640625 0.3953125 0.08203125 0.0703125
2 0.27578125 0.22578125 0.14921875 0.2140625
8 0.38515625 0.309375 0.190625 0.19765625
8 0.509375 0.28671875 0.0953125 0.11640625
6 0.521875 0.346875 0.0890625 0.07109375