8 0.8046875 0.4609375 0.2734375 0.175
8 0.26484375 0.425 0.13046875 0.10703125
8 0.5359375 0.3265625 0.1328125 0.0765625
8 0.6203125 0.421875 0.23515625 0.146875
8 0.446875 0.3953125 0.37265625 0.19453125
8 0.46328125 0.48515625 0.19140625 0.0328125
8 0.3109375 0.47109375 0.08828125 0.0375
8 0.23125 0.51484375 0.28828125 0.09609375
8 0.79765625 0.54296875 0.2046875 0.13125
8 0.42734375 0.596875 0.5859375 0.26796875
8 0.184375 0.55390625 0.0234375 0.06328125
8 0.1890625 0.68359375 0.01796875 0.03828125