8 0.7265625 0.67578125 0.12265625 0.11171875
8 0.8875 0.70546875 0.08203125 0.178125
8 0.6421875 0.7765625 0.21953125 0.2875
8 0.59140625 0.3171875 0.09609375 0.109375
8 0.4703125 0.321875 0.1640625 0.26953125
8 0.45234375 0.44453125 0.1953125 0.2796875
1 0.64609375 0.40859375 0.06015625 0.190625
8 0.59609375 0.490625 0.11484375 0.29140625
8 0.4875 0.646875 0.22421875 0.21875
8 0.44140625 0.83203125 0.2890625 0.24765625
7 0.76328125 0.5859375 0.15703125 0.11953125
2 0.86953125 0.48515625 0.1484375 0.246875
2 0.75625 0.4578125 0.175 0.24375
8 0.24375 0.75234375 0.265625 0.3296875
8 0.275 0.425 0.22109375 0.41015625