2 0.828125 0.865625 0.34296875 0.26796875
2 0.9328125 0.8390625 0.134375 0.21796875
2 0.95625 0.37890625 0.0875 0.103125
2 0.575 0.7625 0.10078125 0.0390625
4 0.44609375 0.8765625 0.09296875 0.0703125
2 0.4140625 0.61640625 0.3734375 0.3078125
2 0.4453125 0.578125 0.0671875 0.2109375
2 0.696875 0.54140625 0.60546875 0.41171875
2 0.61640625 0.3765625 0.10625 0.0203125
2 0.74296875 0.50078125 0.4734375 0.24765625
2 0.75859375 0.4375 0.27109375 0.1515625
2 0.509375 0.48515625 0.08515625 0.0609375
8 0.54296875 0.440625 0.14609375 0.09453125
2 0.70703125 0.59609375 0.3078125 0.0578125