8 0.2421875 0.47265625 0.21328125 0.08203125
2 0.4921875 0.44453125 0.340625 0.31171875
2 0.48671875 0.4 0.2328125 0.2390625
2 0.81015625 0.65703125 0.25 0.1953125
8 0.45 0.66015625 0.2125 0.23828125
2 0.46328125 0.634375 0.1015625 0.0953125
6 0.3921875 0.51953125 0.034375 0.02578125
8 0.2484375 0.63046875 0.328125 0.30234375
2 0.46328125 0.646875 0.05859375 0.065625
2 0.7296875 0.51875 0.39609375 0.32578125
8 0.58203125 0.721875 0.31640625 0.328125
6 0.28828125 0.51015625 0.221875 0.065625
6 0.3015625 0.5671875 0.1875 0.1
1 0.71484375 0.390625 0.04296875 0.0390625