2 0.86328125 0.40390625 0.17578125 0.03203125
8 0.8921875 0.54140625 0.215625 0.27265625
8 0.9171875 0.68125 0.16484375 0.33203125
2 0.459375 0.1375 0.3265625 0.1359375
2 0.46484375 0.7484375 0.54765625 0.35
2 0.28046875 0.67890625 0.0890625 0.1265625
2 0.5828125 0.6703125 0.16796875 0.06015625
2 0.44609375 0.6828125 0.34140625 0.11796875
1 0.5921875 0.7359375 0.28203125 0.05234375
2 0.4265625 0.61796875 0.51484375 0.0890625
2 0.496875 0.2890625 0.67734375 0.140625
2 0.4890625 0.478125 0.68125 0.24453125
1 0.321875 0.5578125 0.35625 0.20078125
2 0.49375 0.37109375 0.65 0.2859375
2 0.4953125 0.37734375 0.56015625 0.40234375
2 0.4578125 0.3828125 0.5875 0.384375