6 0.85703125 0.66640625 0.046875 0.0515625
6 0.84453125 0.66171875 0.153125 0.06875
2 0.53984375 0.1859375 0.1109375 0.059375
3 0.16171875 0.190625 0.21796875 0.17265625
6 0.234375 0.2546875 0.12578125 0.0859375
8 0.2296875 0.0484375 0.3015625 0.09609375
6 0.80546875 0.35546875 0.1859375 0.13203125
2 0.9140625 0.465625 0.16796875 0.1921875
8 0.76171875 0.721875 0.24921875 0.12578125
4 0.925 0.6078125 0.07265625 0.0296875
2 0.87109375 0.61328125 0.05625 0.0515625
8 0.8921875 0.61640625 0.06953125 0.0546875
6 0.86015625 0.80859375 0.05390625 0.06953125
8 0.921875 0.93984375 0.15546875 0.1203125
6 0.81953125 0.946875 0.121875 0.10546875
8 0.44453125 0.85546875 0.0421875 0.09453125
8 0.8109375 0.8015625 0.35703125 0.221875
8 0.240625 0.925 0.48125 0.14921875
8 0.61640625 0.9 0.359375 0.1984375
8 0.3625 0.73046875 0.4296875 0.26953125
6 0.5484375 0.77265625 0.23203125 0.1625
3 0.37890625 0.81796875 0.1375 0.11171875
8 0.6625 0.51640625 0.46875 0.36484375
8 0.68125 0.27421875 0.146875 0.14140625
1 0.24375 0.48046875 0.415625 0.246875
6 0.52109375 0.2875 0.2484375 0.18671875
6 0.3625 0.17734375 0.36015625 0.21875
8 0.5375 0.675 0.1609375 0.096875
6 0.93046875 0.63984375 0.10703125 0.0453125
2 0.92265625 0.73359375 0.15390625 0.2296875
2 0.61484375 0.07578125 0.2078125 0.10703125
1 0.4375 0.7765625 0.1 0.02890625