2 0.4828125 0.64375 0.2359375 0.23828125
1 0.4765625 0.5984375 0.034375 0.125
2 0.16015625 0.46953125 0.21015625 0.15859375
1 0.1703125 0.459375 0.175 0.028125
2 0.16875 0.72890625 0.3375 0.43125
8 0.3765625 0.43359375 0.28203125 0.50546875
6 0.93203125 0.64921875 0.13515625 0.07890625
6 0.93671875 0.5984375 0.1265625 0.165625
2 0.9171875 0.32890625 0.1640625 0.42265625
2 0.80234375 0.4828125 0.3671875 0.56953125
2 0.671875 0.3140625 0.37421875 0.61953125
6 0.35390625 0.2078125 0.015625 0.03828125
3 0.32421875 0.2703125 0.04296875 0.05625
3 0.334375 0.2546875 0.0515625 0.06015625
6 0.35234375 0.26015625 0.040625 0.0234375
1 0.65625 0.56015625 0.0484375 0.09140625
1 0.32109375 0.740625 0.01875 0.06484375
1 0.77578125 0.184375 0.07109375 0.109375