8 0.834375 0.1875 0.328125 0.375
2 0.590625 0.48828125 0.4421875 0.34453125
6 0.59453125 0.684375 0.10546875 0.10859375
2 0.24921875 0.396875 0.40625 0.3125
8 0.0671875 0.46953125 0.134375 0.0515625
6 0.24453125 0.27890625 0.1359375 0.1453125
1 0.55 0.5375 0.215625 0.0859375
6 0.25078125 0.40859375 0.253125 0.25546875
6 0.65390625 0.35390625 0.20546875 0.24375
6 0.71796875 0.44140625 0.1046875 0.0921875
1 0.74765625 0.36953125 0.0359375 0.0953125
6 0.5265625 0.37265625 0.2046875 0.275
2 0.80859375 0.5640625 0.38125 0.64453125
2 0.28515625 0.7265625 0.5703125 0.54609375
1 0.53984375 0.50078125 0.10625 0.0515625
8 0.94453125 0.15859375 0.11015625 0.22265625