7 0.621875 0.775 0.0875 0.13515625
4 0.88515625 0.4390625 0.196875 0.2921875
8 0.1640625 0.40625 0.12578125 0.2546875
3 0.13125 0.31328125 0.02890625 0.04453125
3 0.1421875 0.2640625 0.0890625 0.125
3 0.16796875 0.27734375 0.065625 0.08828125
1 0.18203125 0.2734375 0.02734375 0.03515625
3 0.11328125 0.31953125 0.0515625 0.05859375
3 0.109375 0.321875 0.04609375 0.04921875
2 0.2734375 0.4203125 0.1890625 0.30390625
2 0.24296875 0.309375 0.1390625 0.1171875
2 0.24375 0.3265625 0.0921875 0.071875
2 0.2671875 0.3546875 0.15 0.13515625
8 0.39296875 0.5484375 0.1921875 0.3609375
2 0.5203125 0.4953125 0.0765625 0.29375
1 0.575 0.48515625 0.0109375 0.03671875
3 0.55234375 0.56875 0.01640625 0.0453125
3 0.5578125 0.509375 0.03359375 0.09921875
8 0.7125 0.6578125 0.3046875 0.4375
8 0.3796875 0.69921875 0.0515625 0.0734375
1 0.51484375 0.49609375 0.0484375 0.29140625
8 0.15546875 0.32578125 0.0390625 0.01953125