8 0.8359375 0.30625 0.12265625 0.21953125
2 0.29296875 0.50234375 0.09296875 0.171875
2 0.29375 0.40234375 0.0703125 0.2125
2 0.78203125 0.61484375 0.275 0.34765625
8 0.746875 0.33515625 0.103125 0.2125
2 0.390625 0.36953125 0.23984375 0.32265625
8 0.571875 0.528125 0.12890625 0.18828125
2 0.76171875 0.5734375 0.12421875 0.21875
2 0.76015625 0.49375 0.06484375 0.13515625
2 0.7546875 0.53359375 0.0609375 0.08046875
2 0.80234375 0.55078125 0.04140625 0.075
8 0.58671875 0.6796875 0.20546875 0.2453125
8 0.40859375 0.546875 0.16640625 0.290625