2 0.69921875 0.10234375 0.09765625 0.20390625
8 0.63671875 0.17890625 0.17265625 0.1875
2 0.39375 0.45546875 0.07421875 0.0625
2 0.73359375 0.3015625 0.12734375 0.19765625
2 0.73828125 0.42890625 0.15078125 0.2078125
1 0.70546875 0.3578125 0.04765625 0.05390625
6 0.671875 0.58046875 0.06171875 0.084375
2 0.31484375 0.05390625 0.19296875 0.1078125
7 0.21640625 0.26875 0.096875 0.1265625
2 0.14609375 0.146875 0.20859375 0.29296875
7 0.4375 0.20234375 0.1375 0.18984375
2 0.43125 0.325 0.0515625 0.1
2 0.35390625 0.2828125 0.17578125 0.18515625
2 0.39921875 0.4046875 0.10234375 0.109375
8 0.26796875 0.4 0.17734375 0.16953125
2 0.09453125 0.421875 0.1890625 0.34375
8 0.36171875 0.4875 0.13828125 0.09453125
2 0.5703125 0.459375 0.28671875 0.2046875
2 0.57578125 0.3640625 0.278125 0.35078125
2 0.5859375 0.29609375 0.21640625 0.21875
2 0.5640625 0.33046875 0.11875 0.128125
2 0.61015625 0.3203125 0.06171875 0.06953125
6 0.325 0.52421875 0.0421875 0.02734375
8 0.5953125 0.68828125 0.3375 0.62265625
6 0.43984375 0.56328125 0.07421875 0.12421875
2 0.19296875 0.38125 0.05703125 0.175
2 0.28203125 0.5015625 0.05390625 0.065625
8 0.2421875 0.48671875 0.103125 0.0671875
2 0.21796875 0.5109375 0.02734375 0.06640625
2 0.17890625 0.56875 0.059375 0.13046875
2 0.07578125 0.46953125 0.15078125 0.384375
8 0.29609375 0.76171875 0.4265625 0.475
3 0.31328125 0.6796875 0.103125 0.0921875
8 0.415625 0.66015625 0.06015625 0.059375
2 0.24765625 0.5046875 0.03359375 0.0625
2 0.28671875 0.50625 0.04296875 0.05625
8 0.42109375 0.5 0.0609375 0.02890625
6 0.39765625 0.5390625 0.11328125 0.08515625
2 0.69765625 0.1359375 0.02734375 0.040625
2 0.6609375 0.11796875 0.084375 0.1203125
7 0.21328125 0.278125 0.0859375 0.1078125
7 0.22890625 0.309375 0.10703125 0.0828125
2 0.6453125 0.1578125 0.05 0.040625
6 0.6734375 0.36015625 0.03828125 0.0421875
3 0.71171875 0.2984375 0.03046875 0.0453125
8 0.74140625 0.2984375 0.06015625 0.06171875
2 0.60078125 0.13828125 0.04609375 0.05703125