8 0.20234375 0.33203125 0.075 0.02421875
7 0.99296875 0.33984375 0.01328125 0.0359375
8 0.9765625 0.4671875 0.04609375 0.01015625
2 0.99453125 0.32265625 0.0109375 0.040625
2 0.8984375 0.39921875 0.20234375 0.16640625
8 0.90078125 0.4078125 0.18203125 0.08125
7 0.6296875 0.68828125 0.50390625 0.32890625
7 0.6140625 0.68046875 0.45703125 0.296875
8 0.78515625 0.6359375 0.0609375 0.06640625
8 0.52265625 0.59921875 0.0640625 0.0125
7 0.753125 0.5734375 0.165625 0.14296875
4 0.3453125 0.53125 0.1546875 0.13984375
1 0.45703125 0.3203125 0.21328125 0.18984375
8 0.41328125 0.3328125 0.03671875 0.1109375
8 0.446875 0.328125 0.04375 0.084375
1 0.4171875 0.403125 0.02890625 0.04375
1 0.4484375 0.39609375 0.03671875 0.07109375
1 0.325 0.3125 0.02578125 0.121875
1 0.34375 0.18046875 0.015625 0.3609375
1 0.2671875 0.35625 0.109375 0.11171875
1 0.3625 0.39375 0.0875 0.06640625
0 0.05234375 0.42890625 0.1046875 0.0671875
6 0.103125 0.4703125 0.07421875 0.04296875
1 0.07421875 0.4953125 0.08046875 0.03359375
0 0.059375 0.46953125 0.0859375 0.02890625
1 0.153125 0.39609375 0.05703125 0.04921875
4 0.2421875 0.428125 0.125 0.12890625
1 0.30546875 0.44453125 0.1875 0.11796875
1 0.4 0.4609375 0.07578125 0.08046875
1 0.45390625 0.4765625 0.06875 0.1546875
7 0.6546875 0.56796875 0.35546875 0.14921875
7 0.65859375 0.496875 0.375 0.19453125
7 0.70234375 0.36640625 0.16171875 0.134375
7 0.578125 0.4296875 0.228125 0.12734375
7 0.5859375 0.3625 0.2328125 0.10234375
1 0.334375 0.503125 0.07890625 0.0109375
2 0.39375 0.60859375 0.159375 0.1734375
2 0.40234375 0.5828125 0.0578125 0.07109375
2 0.37890625 0.62578125 0.05390625 0.0734375
2 0.4296875 0.60390625 0.06875 0.12109375
6 0.0546875 0.8015625 0.109375 0.05546875
8 0.1375 0.89609375 0.275 0.2078125
1 0.22421875 0.37578125 0.1703125 0.07890625
6 0.184375 0.62109375 0.0828125 0.05703125
1 0.73515625 0.51484375 0.209375 0.11640625
1 0.70390625 0.353125 0.15546875 0.0890625