5 0.9515625 0.71875 0.040625 0.2015625
5 0.9203125 0.434375 0.15859375 0.21328125
6 0.97734375 0.3765625 0.04453125 0.1078125
5 0.725 0.434375 0.22578125 0.20390625
5 0.628125 0.49140625 0.28515625 0.10625
5 0.70703125 0.5453125 0.2046875 0.06015625
5 0.8921875 0.56875 0.18828125 0.08046875
5 0.9734375 0.76875 0.053125 0.20859375
5 0.98046875 0.6296875 0.0375 0.25234375
5 0.4390625 0.5453125 0.1984375 0.05546875
5 0.59453125 0.69453125 0.234375 0.30546875
5 0.36171875 0.7265625 0.2515625 0.33203125
5 0.81875 0.74921875 0.28125 0.3609375