8 0.10859375 0.64921875 0.2171875 0.2921875
6 0.0203125 0.65 0.040625 0.09375
8 0.278125 0.71328125 0.25 0.21640625
2 0.690625 0.35859375 0.034375 0.08671875
2 0.4765625 0.496875 0.6484375 0.32578125
2 0.271875 0.3359375 0.1796875 0.06953125
2 0.5140625 0.33359375 0.321875 0.09609375
2 0.51171875 0.3390625 0.25859375 0.08125
2 0.6078125 0.41796875 0.1984375 0.10078125
6 0.58046875 0.43671875 0.08984375 0.0625
2 0.33515625 0.4125 0.38359375 0.159375
6 0.0671875 0.60078125 0.090625 0.146875
6 0.0890625 0.609375 0.15703125 0.1453125
6 0.00703125 0.60078125 0.0140625 0.0484375