1 0.8046875 0.53828125 0.11484375 0.13203125
2 0.54296875 0.49453125 0.615625 0.27890625
3 0.54765625 0.675 0.0578125 0.034375
2 0.71484375 0.3640625 0.05859375 0.2109375
2 0.540625 0.6484375 0.07578125 0.0484375
6 0.53984375 0.61953125 0.0859375 0.03984375
2 0.9 0.53515625 0.2 0.30625
2 0.9390625 0.5296875 0.121875 0.17734375
2 0.38515625 0.46953125 0.18515625 0.16484375
2 0.403125 0.44765625 0.1953125 0.20625
2 0.6703125 0.35703125 0.10859375 0.2140625
2 0.43671875 0.5078125 0.1265625 0.08359375
2 0.69453125 0.46875 0.05 0.15078125
6 0.6296875 0.44921875 0.06796875 0.06328125
2 0.59296875 0.50390625 0.25234375 0.18046875
8 0.496875 0.33359375 0.36171875 0.33828125
8 0.62421875 0.2328125 0.0953125 0.10859375
8 0.5140625 0.16171875 0.0765625 0.0421875
1 0.85546875 0.70390625 0.2859375 0.1546875