3 0.521875 0.1453125 0.10390625 0.078125
8 0.53046875 0.17265625 0.11875 0.0703125
8 0.765625 0.34375 0.31640625 0.2984375
4 0.56015625 0.2359375 0.17578125 0.115625
8 0.18203125 0.3890625 0.065625 0.1
4 0.26953125 0.5515625 0.28203125 0.2265625
4 0.23515625 0.38203125 0.1671875 0.2953125
4 0.76640625 0.6828125 0.06015625 0.06015625
8 0.75 0.578125 0.36328125 0.3859375
8 0.50234375 0.4640625 0.3875 0.37421875
4 0.36328125 0.3203125 0.22890625 0.4125
4 0.403125 0.184375 0.1421875 0.2796875
4 0.46640625 0.7078125 0.32109375 0.45625
4 0.625 0.77265625 0.21484375 0.18984375
4 0.22109375 0.7109375 0.22578125 0.284375
4 0.3 0.5875 0.20859375 0.16953125
4 0.76796875 0.403125 0.15546875 0.15625
4 0.4109375 0.7640625 0.38515625 0.28046875