8 0.48046875 0.84453125 0.0375 0.0609375
6 0.5359375 0.86171875 0.0484375 0.015625
8 0.50546875 0.9109375 0.11328125 0.09296875
6 0.69453125 0.9640625 0.0390625 0.07109375
8 0.09453125 0.94296875 0.1890625 0.1109375
1 0.85625 0.96015625 0.0671875 0.0796875
1 0.8140625 0.83203125 0.18984375 0.19375
1 0.52890625 0.25859375 0.16171875 0.13671875
1 0.57578125 0.36875 0.08984375 0.096875
1 0.53125 0.4234375 0.11796875 0.10390625
6 0.4359375 0.40234375 0.053125 0.04140625
2 0.75546875 0.57578125 0.42421875 0.328125
8 0.74453125 0.053125 0.1171875 0.10546875
2 0.33046875 0.525 0.59609375 0.56484375
2 0.84765625 0.5375 0.20546875 0.19609375
6 0.66875 0.56796875 0.10625 0.13125