8 0.21328125 0.41015625 0.0734375 0.0375
1 0.8484375 0.49296875 0.04296875 0.040625
8 0.29375 0.38046875 0.09921875 0.05546875
8 0.63203125 0.40859375 0.15390625 0.07265625
8 0.44296875 0.3828125 0.23984375 0.140625
8 0.7046875 0.46953125 0.0484375 0.0703125
8 0.6203125 0.4671875 0.15625 0.10625
8 0.31484375 0.42421875 0.240625 0.0765625
8 0.51171875 0.4703125 0.15078125 0.1203125
8 0.30078125 0.54765625 0.16328125 0.1140625
8 0.9421875 0.5375 0.11484375 0.13515625
1 0.85234375 0.565625 0.06015625 0.01171875
1 0.8390625 0.4921875 0.01875 0.04140625
1 0.88203125 0.48984375 0.04453125 0.05078125