6 0.16484375 0.8390625 0.3296875 0.32109375
6 0.93125 0.05390625 0.1375 0.1078125
6 0.978125 0.03984375 0.04296875 0.07890625
6 0.8390625 0.12890625 0.32109375 0.1609375
7 0.88203125 0.2546875 0.23515625 0.11171875
7 0.97890625 0.32109375 0.04140625 0.0234375
3 0.03359375 0.7046875 0.0671875 0.0625
2 0.92109375 0.4890625 0.10703125 0.0890625
3 0.10703125 0.67734375 0.08515625 0.065625
1 0.18125 0.4578125 0.12734375 0.10703125
4 0.60546875 0.09140625 0.2125 0.18203125
6 0.38671875 0.2453125 0.103125 0.16328125
7 0.5203125 0.5078125 0.959375 0.76640625