2 0.47734375 0.4921875 0.63046875 0.44453125
5 0.39609375 0.44296875 0.08515625 0.05234375
2 0.5078125 0.45703125 0.165625 0.059375
6 0.57265625 0.52109375 0.2109375 0.09375
2 0.64609375 0.56015625 0.10859375 0.0875
1 0.39921875 0.3984375 0.0109375 0.04140625
1 0.38359375 0.409375 0.040625 0.04453125
6 0.31640625 0.48984375 0.03828125 0.02578125
2 0.54765625 0.6015625 0.128125 0.1328125
6 0.43046875 0.55859375 0.17890625 0.08984375
8 0.4421875 0.575 0.07734375 0.05
1 0.42890625 0.51171875 0.125 0.0828125
8 0.35 0.4703125 0.16875 0.16640625
1 0.70546875 0.646875 0.14765625 0.11484375
2 0.70390625 0.67734375 0.0640625 0.05390625