2 0.9234375 0.8625 0.15234375 0.2296875
2 0.94609375 0.84453125 0.10703125 0.15390625
2 0.93046875 0.9765625 0.103125 0.046875
2 0.3265625 0.70546875 0.24609375 0.25234375
2 0.6640625 0.825 0.4609375 0.24765625
2 0.8734375 0.58828125 0.23046875 0.2
2 0.80703125 0.61328125 0.01953125 0.0546875
2 0.7203125 0.54296875 0.2125 0.0890625
2 0.553125 0.6125 0.2828125 0.28125
2 0.8828125 0.6734375 0.125 0.140625
2 0.85078125 0.771875 0.10234375 0.10625
2 0.6609375 0.69609375 0.35625 0.24765625
2 0.79609375 0.77109375 0.08359375 0.096875
2 0.78515625 0.73125 0.0953125 0.09765625
2 0.60703125 0.73515625 0.296875 0.15703125