1 0.31484375 0.93984375 0.14453125 0.1203125
8 0.54375 0.59296875 0.2890625 0.16484375
7 0.42421875 0.74609375 0.40234375 0.290625
2 0.5734375 0.4609375 0.36015625 0.16015625
2 0.853125 0.2828125 0.22734375 0.2359375
2 0.56484375 0.25390625 0.534375 0.39765625
2 0.54296875 0.2265625 0.42109375 0.2984375
6 0.71640625 0.19765625 0.11953125 0.0859375
1 0.70234375 0.25625 0.12265625 0.07265625
1 0.7046875 0.29765625 0.09140625 0.07578125
1 0.340625 0.3078125 0.17890625 0.275
3 0.96796875 0.7109375 0.0625 0.06640625
1 0.54375 0.77578125 0.13359375 0.19609375
3 0.7015625 0.18515625 0.08203125 0.06484375