2 0.6328125 0.40859375 0.3609375 0.3578125
7 0.4625 0.20078125 0.01953125 0.13125
2 0.4625 0.1796875 0.0171875 0.05546875
2 0.81015625 0.24609375 0.10703125 0.0890625
2 0.328125 0.240625 0.26171875 0.3421875
2 0.6375 0.38984375 0.0890625 0.090625
2 0.74609375 0.315625 0.10390625 0.0515625
2 0.734375 0.27109375 0.1265625 0.103125
2 0.659375 0.4640625 0.19765625 0.24609375
8 0.8 0.53984375 0.19140625 0.465625
8 0.42578125 0.11328125 0.02578125 0.06484375
2 0.63203125 0.325 0.16640625 0.0609375
2 0.71171875 0.659375 0.26640625 0.415625
2 0.5390625 0.340625 0.13359375 0.1421875
8 0.284375 0.43984375 0.20546875 0.35546875
8 0.4875 0.52265625 0.2125 0.4296875
8 0.33671875 0.096875 0.13359375 0.09921875
2 0.35390625 0.22265625 0.16171875 0.16796875
8 0.253125 0.72421875 0.3546875 0.55078125
2 0.59609375 0.4421875 0.028125 0.0484375
2 0.640625 0.1921875 0.27578125 0.27109375
8 0.5953125 0.096875 0.06953125 0.09921875
2 0.66171875 0.13046875 0.11171875 0.08515625
5 0.590625 0.13046875 0.0546875 0.0390625
6 0.60546875 0.10234375 0.053125 0.04609375
2 0.5765625 0.77890625 0.20078125 0.39375
2 0.76015625 0.63125 0.1546875 0.21328125
2 0.68984375 0.55390625 0.09921875 0.134375
8 0.86953125 0.4703125 0.2609375 0.3125
1 0.40546875 0.10859375 0.04921875 0.075