8 0.71484375 0.40546875 0.453125 0.7453125
8 0.1328125 0.6375 0.03828125 0.04765625
5 0.2015625 0.603125 0.109375 0.23359375
6 0.6421875 0.1734375 0.1625 0.15546875
6 0.790625 0.1171875 0.14765625 0.159375
6 0.821875 0.3 0.1125 0.31796875
6 0.84765625 0.48359375 0.065625 0.13828125
6 0.72421875 0.7390625 0.240625 0.05859375
6 0.72421875 0.696875 0.22265625 0.07890625
6 0.76328125 0.603125 0.09375 0.24140625
6 0.7203125 0.628125 0.0140625 0.1015625
6 0.62421875 0.3640625 0.18515625 0.23984375
6 0.8640625 0.6984375 0.0859375 0.1421875
6 0.8546875 0.60390625 0.015625 0.04140625
6 0.8125 0.62421875 0.08515625 0.1296875
6 0.55234375 0.67109375 0.1140625 0.1484375
6 0.62578125 0.60078125 0.1859375 0.24921875
6 0.77265625 0.46171875 0.153125 0.275
6 0.72734375 0.28671875 0.09453125 0.1671875
6 0.69765625 0.19921875 0.12734375 0.1671875
8 0.37109375 0.60390625 0.2921875 0.5203125
2 0.465625 0.3671875 0.12421875 0.10859375
6 0.715625 0.7390625 0.13125 0.0453125