2 0.61015625 0.31640625 0.1546875 0.0921875
2 0.82578125 0.3890625 0.3484375 0.26171875
2 0.23125 0.71328125 0.12109375 0.08984375
2 0.61015625 0.55390625 0.05390625 0.034375
2 0.3578125 0.634375 0.578125 0.2515625
2 0.4609375 0.5765625 0.47890625 0.284375
2 0.3796875 0.59296875 0.1671875 0.103125
2 0.57109375 0.36640625 0.26484375 0.1578125
2 0.30546875 0.34609375 0.10078125 0.0375
2 0.3234375 0.49765625 0.646875 0.3265625
2 0.4125 0.31875 0.18828125 0.11484375
2 0.38203125 0.2953125 0.1484375 0.10078125
2 0.1859375 0.66328125 0.17578125 0.11640625