1 0.0140625 0.55 0.028125 0.065625
2 0.9171875 0.02421875 0.0984375 0.0484375
6 0.80625 0.0203125 0.03203125 0.040625
1 0.8484375 0.08046875 0.1015625 0.10703125
2 0.73125 0.028125 0.15 0.05546875
2 0.61015625 0.03515625 0.1296875 0.0703125
2 0.6375 0.04296875 0.0375 0.0359375
2 0.70234375 0.06796875 0.12578125 0.090625
2 0.5984375 0.27890625 0.07109375 0.02890625
2 0.55625 0.33359375 0.05078125 0.1203125
2 0.90546875 0.23203125 0.13125 0.14453125
2 0.86015625 0.1859375 0.19375 0.14296875
2 0.56171875 0.16171875 0.17578125 0.225
2 0.70078125 0.18046875 0.26328125 0.209375
2 0.54921875 0.40078125 0.0640625 0.05078125
2 0.7109375 0.34921875 0.28046875 0.23125
2 0.375 0.0515625 0.1703125 0.103125
3 0.33828125 0.6671875 0.0390625 0.08046875
2 0.30546875 0.34453125 0.4765625 0.6171875
2 0.58671875 0.6828125 0.3828125 0.38671875
2 0.57109375 0.49296875 0.30546875 0.1625
1 0.4984375 0.3984375 0.0171875 0.06640625
6 0.44296875 0.8875 0.18359375 0.225
8 0.3234375 0.3921875 0.2390625 0.26171875
2 0.334375 0.37578125 0.14921875 0.2125
1 0.3765625 0.46484375 0.0359375 0.0546875
6 0.4046875 0.4921875 0.06640625 0.096875
2 0.32890625 0.40546875 0.03671875 0.0453125
6 0.38984375 0.35234375 0.10703125 0.18828125
2 0.25546875 0.31015625 0.184375 0.2578125
2 0.27890625 0.31171875 0.096875 0.14765625