10 0.26015625 0.8109375 0.4640625 0.1515625
10 0.26875 0.71015625 0.45078125 0.12734375
10 0.24453125 0.665625 0.4890625 0.19453125
10 0.2453125 0.53828125 0.46015625 0.15234375
10 0.2296875 0.42265625 0.459375 0.2390625
10 0.2359375 0.3265625 0.4546875 0.15546875
10 0.2515625 0.18671875 0.50234375 0.18984375
10 0.74140625 0.8140625 0.5171875 0.20703125
10 0.74453125 0.6890625 0.51015625 0.103125
10 0.984375 0.59296875 0.0296875 0.1734375
10 0.73046875 0.5890625 0.52734375 0.16796875
10 0.72421875 0.47578125 0.55 0.140625
10 0.7234375 0.35 0.55234375 0.21796875
10 0.75546875 0.29140625 0.48828125 0.090625
10 0.75390625 0.1953125 0.4921875 0.196875