6 0.90625 0.4734375 0.18671875 0.67578125
3 0.96796875 0.58046875 0.06328125 0.08203125
1 0.97421875 0.68828125 0.0515625 0.159375
6 0.521875 0.4234375 0.734375 0.71328125
1 0.66796875 0.69140625 0.125 0.05859375
4 0.42734375 0.2109375 0.1359375 0.0953125
4 0.64609375 0.54453125 0.290625 0.2171875
1 0.284375 0.37109375 0.2609375 0.525
4 0.6359375 0.334375 0.2453125 0.20859375
4 0.43125 0.40234375 0.38359375 0.30703125
3 0.7234375 0.66171875 0.0875 0.06328125
6 0.3203125 0.6703125 0.38046875 0.1703125
4 0.52734375 0.67734375 0.16328125 0.1234375