1 0.90234375 0.409375 0.1953125 0.81875
6 0.42421875 0.528125 0.796875 0.64453125
1 0.38828125 0.49921875 0.7765625 0.5515625
5 0.5359375 0.37421875 0.071875 0.02265625
5 0.46328125 0.39375 0.1875 0.0734375
5 0.309375 0.440625 0.24609375 0.07890625
5 0.2640625 0.46796875 0.14609375 0.0625
5 0.20703125 0.540625 0.078125 0.1234375
5 0.51796875 0.45546875 0.1140625 0.07890625
5 0.3796875 0.52578125 0.0625 0.053125
5 0.4484375 0.4984375 0.0890625 0.13515625
5 0.30390625 0.57734375 0.090625 0.0375
5 0.384375 0.5609375 0.10859375 0.0890625
5 0.28515625 0.5203125 0.23984375 0.140625