2 0.93203125 0.4125 0.1359375 0.2703125
2 0.8375 0.16171875 0.325 0.3234375
8 0.13125 0.66328125 0.20390625 0.3015625
8 0.18515625 0.2390625 0.0203125 0.065625
8 0.228125 0.7828125 0.34609375 0.43359375
1 0.1140625 0.43359375 0.15 0.34140625
8 0.19453125 0.33515625 0.03359375 0.33984375
2 0.14453125 0.49140625 0.134375 0.190625
7 0.5125 0.45 0.6109375 0.6484375
1 0.02890625 0.63125 0.0578125 0.0296875
6 0.0640625 0.63515625 0.0140625 0.0546875
1 0.41796875 0.5421875 0.08515625 0.0484375
6 0.34453125 0.48984375 0.16328125 0.11171875
1 0.61640625 0.62109375 0.0671875 0.05625
1 0.0234375 0.83203125 0.046875 0.0421875
1 0.06328125 0.81640625 0.03359375 0.134375
1 0.071875 0.64375 0.02265625 0.0828125
1 0.93828125 0.52578125 0.06640625 0.0421875