2 0.97734375 0.628125 0.0453125 0.009375
2 0.97890625 0.625 0.04140625 0.0109375
2 0.965625 0.4734375 0.06875 0.03515625
2 0.98046875 0.6203125 0.03828125 0.01328125
2 0.884375 0.496875 0.11171875 0.05
2 0.971875 0.49453125 0.0546875 0.01875
2 0.97265625 0.546875 0.05390625 0.1
2 0.9359375 0.6421875 0.07734375 0.03125
2 0.90625 0.5703125 0.17109375 0.1640625
2 0.77265625 0.58203125 0.09609375 0.0265625
2 0.77890625 0.58359375 0.0890625 0.02890625
2 0.7703125 0.6015625 0.11171875 0.05390625
2 0.73828125 0.6140625 0.04140625 0.0140625
2 0.77265625 0.7546875 0.37265625 0.27109375
6 0.19765625 0.86875 0.23671875 0.153125
2 0.70703125 0.78203125 0.05390625 0.021875
2 0.11328125 0.75546875 0.11953125 0.12734375
2 0.51328125 0.6546875 0.134375 0.05703125
2 0.69140625 0.77578125 0.05078125 0.02109375
2 0.22890625 0.80234375 0.16484375 0.15390625
2 0.8765625 0.4484375 0.1171875 0.10234375
2 0.64765625 0.59765625 0.13359375 0.1015625
2 0.77109375 0.54296875 0.115625 0.10390625
2 0.74375 0.46640625 0.1484375 0.1
2 0.70625 0.7078125 0.42578125 0.15
2 0.64921875 0.51953125 0.13125 0.1265625
2 0.559375 0.46953125 0.16015625 0.04453125
8 0.5875 0.4796875 0.0375 0.02734375
2 0.5171875 0.596875 0.15625 0.13203125
2 0.30625 0.696875 0.27890625 0.146875
2 0.4640625 0.83125 0.42734375 0.33671875
2 0.42734375 0.71640625 0.03515625 0.01640625
2 0.4921875 0.52421875 0.18984375 0.0859375
2 0.38671875 0.7328125 0.07109375 0.0203125
2 0.42109375 0.75390625 0.1578125 0.125
2 0.38203125 0.78359375 0.0890625 0.07109375
2 0.475 0.74375 0.221875 0.12421875
1 0.37265625 0.29765625 0.17265625 0.03828125
2 0.5078125 0.4203125 0.059375 0.01875
2 0.50625 0.415625 0.05625 0.009375
2 0.465625 0.35703125 0.19140625 0.1078125
2 0.45234375 0.30703125 0.1234375 0.01875
2 0.11171875 0.6640625 0.11875 0.12578125
2 0.35625 0.44453125 0.24765625 0.11796875
2 0.30546875 0.64453125 0.2765625 0.04921875
2 0.20703125 0.51953125 0.1984375 0.16953125
2 0.1703125 0.625 0.22421875 0.07109375
2 0.3125 0.62890625 0.271875 0.05703125
2 0.3140625 0.62734375 0.271875 0.04453125
2 0.31328125 0.6171875 0.271875 0.04375
2 0.31484375 0.61171875 0.27421875 0.04375
2 0.315625 0.61015625 0.271875 0.03515625
2 0.31484375 0.60625 0.271875 0.0328125
2 0.3125 0.6015625 0.27421875 0.03515625
2 0.3140625 0.59765625 0.275 0.03671875
2 0.3140625 0.59140625 0.26953125 0.04140625
2 0.31328125 0.5859375 0.26953125 0.04453125
2 0.315625 0.58203125 0.271875 0.0375
2 0.3125 0.57578125 0.27578125 0.03671875
2 0.31328125 0.5625 0.2765625 0.05078125
2 0.3359375 0.7859375 0.00625 0.00390625
2 0.3796875 0.8125 0.0921875 0.06796875
2 0.821875 0.65234375 0.06328125 0.0375
2 0.75078125 0.66875 0.0796875 0.01171875
2 0.7140625 0.63984375 0.20703125 0.053125
2 0.73125 0.75859375 0.0578125 0.0296875
0 0.40546875 0.4921875 0.046875 0.01953125
2 0.28515625 0.55078125 0.0671875 0.01484375
10 0.39921875 0.509375 0.04609375 0.03515625
2 0.22109375 0.5265625 0.01953125 0.00390625
2 0.309375 0.54140625 0.20859375 0.03125
2 0.2984375 0.528125 0.1703125 0.03203125
2 0.296875 0.51015625 0.16015625 0.0421875
0 0.5046875 0.48984375 0.1046875 0.0234375
8 0.478125 0.46875 0.0734375 0.025
0 0.4609375 0.4828125 0.1328125 0.0234375
0 0.44609375 0.49453125 0.04921875 0.0203125
10 0.3828125 0.37734375 0.14296875 0.05078125
10 0.2859375 0.38125 0.19140625 0.0953125
2 0.63125 0.44609375 0.1921875 0.034375
2 0.84453125 0.35 0.11171875 0.1171875
2 0.525 0.43984375 0.09453125 0.03203125
2 0.58203125 0.4453125 0.040625 0.01484375
2 0.76015625 0.4234375 0.07890625 0.00859375
2 0.7140625 0.428125 0.23046875 0.034375
2 0.70546875 0.4234375 0.24609375 0.0359375
2 0.65859375 0.4203125 0.278125 0.0375
2 0.6640625 0.41171875 0.2609375 0.03359375
2 0.79921875 0.28984375 0.2421875 0.02109375
2 0.77109375 0.35 0.125 0.09921875
2 0.80390625 0.28671875 0.2296875 0.02265625
2 0.60234375 0.3671875 0.2375 0.11875
2 0.665625 0.30859375 0.1625 0.01484375
2 0.5984375 0.3015625 0.33203125 0.0203125
2 0.75390625 0.24609375 0.153125 0.096875
2 0.56875 0.21875 0.27890625 0.16796875