9 0.4171875 0.153125 0.06875 0.090625
6 0.30390625 0.15546875 0.24453125 0.146875
2 0.28984375 0.04296875 0.06953125 0.0546875
1 0.346875 0.046875 0.296875 0.09375
6 0.86875 0.37890625 0.17109375 0.14296875
8 0.16171875 0.575 0.32265625 0.30078125
8 0.93046875 0.75625 0.11015625 0.05078125
0 0.9484375 0.70703125 0.09140625 0.0734375
6 0.8578125 0.6796875 0.16171875 0.1
2 0.84140625 0.728125 0.1140625 0.03203125
2 0.753125 0.8109375 0.42578125 0.23203125
2 0.071875 0.21875 0.14375 0.0875
6 0.13515625 0.23359375 0.0859375 0.0578125
8 0.44609375 0.746875 0.12109375 0.0828125
2 0.3953125 0.7703125 0.1734375 0.11328125
8 0.253125 0.8453125 0.1578125 0.12734375
6 0.2453125 0.8234375 0.15546875 0.140625
8 0.17265625 0.965625 0.275 0.05546875
6 0.3375 0.9234375 0.08125 0.1
9 0.028125 0.3296875 0.05625 0.05859375
9 0.09921875 0.31484375 0.1015625 0.06953125