2 0.39140625 0.66015625 0.153125 0.05078125
2 0.44375 0.64140625 0.1109375 0.01875
2 0.38125 0.63515625 0.24140625 0.0234375
2 0.36875 0.62265625 0.2796875 0.0171875
2 0.3671875 0.60546875 0.28515625 0.02734375
2 0.36171875 0.584375 0.275 0.05078125
2 0.340625 0.56484375 0.2265625 0.03984375
2 0.3609375 0.55859375 0.2625 0.040625
2 0.37421875 0.51328125 0.2796875 0.1171875
2 0.40859375 0.45078125 0.2921875 0.190625
1 0.365625 0.475 0.10078125 0.040625
1 0.51328125 0.571875 0.07109375 0.06328125
2 0.61875 0.6875 0.253125 0.05390625
2 0.625 0.671875 0.23828125 0.0671875
1 0.52421875 0.64375 0.09609375 0.03515625
2 0.63203125 0.665625 0.22734375 0.06015625
2 0.6515625 0.6421875 0.24140625 0.04765625
2 0.63203125 0.6109375 0.22578125 0.05703125
2 0.64453125 0.60546875 0.2328125 0.0484375
2 0.63359375 0.60390625 0.2078125 0.02265625
2 0.6296875 0.59921875 0.20234375 0.02109375
2 0.63671875 0.57734375 0.21796875 0.0453125
2 0.63125 0.553125 0.21171875 0.04453125
2 0.640625 0.48203125 0.22421875 0.146875
2 0.753125 0.54375 0.01875 0.07421875
2 0.7703125 0.565625 0.03125 0.11171875
1 0.78359375 0.61171875 0.04765625 0.05859375
1 0.7796875 0.4953125 0.0609375 0.0578125
1 0.58828125 0.40390625 0.06328125 0.02265625
1 0.615625 0.715625 0.040625 0.034375