7 0.40078125 0.203125 0.16484375 0.1078125
10 0.42421875 0.19609375 0.11484375 0.0375
10 0.415625 0.17109375 0.1125 0.04921875
8 0.35390625 0.5984375 0.26953125 0.43359375
8 0.33046875 0.57421875 0.196875 0.2875
8 0.68125 0.471875 0.43359375 0.7796875
8 0.571875 0.22578125 0.0484375 0.09375
6 0.6171875 0.225 0.07421875 0.08359375
6 0.74453125 0.27421875 0.0609375 0.040625
1 0.79140625 0.3078125 0.04453125 0.03984375
2 0.7359375 0.33125 0.04453125 0.02578125
2 0.70546875 0.325 0.05703125 0.04921875
0 0.71875 0.3140625 0.0953125 0.053125
6 0.57109375 0.2984375 0.046875 0.046875
8 0.62421875 0.26953125 0.0953125 0.08046875
8 0.7296875 0.30078125 0.1125 0.06875
8 0.7109375 0.2671875 0.0421875 0.034375
7 0.640625 0.05546875 0.1375 0.05390625
6 0.28359375 0.16875 0.09765625 0.1265625