8 0.22109375 0.4140625 0.37265625 0.48515625
8 0.25625 0.278125 0.19609375 0.36171875
8 0.71015625 0.4046875 0.140625 0.2203125
8 0.69140625 0.62109375 0.21640625 0.38671875
2 0.503125 0.3953125 0.32421875 0.30546875
2 0.40625 0.30546875 0.23125 0.3671875
2 0.3734375 0.22109375 0.20390625 0.28984375
2 0.50078125 0.275 0.12109375 0.309375
2 0.51953125 0.27890625 0.08125 0.29921875
2 0.61875 0.3203125 0.071875 0.14375
2 0.58046875 0.3453125 0.04765625 0.184375
2 0.559375 0.3140625 0.078125 0.246875
2 0.5421875 0.29453125 0.08046875 0.2765625
2 0.578125 0.44921875 0.0234375 0.12265625
2 0.57421875 0.5015625 0.00703125 0.05234375
1 0.60078125 0.4296875 0.06171875 0.10078125
8 0.4578125 0.67421875 0.37421875 0.38046875
7 0.38359375 0.1875 0.14609375 0.12578125
8 0.4328125 0.18203125 0.0359375 0.11328125
1 0.3890625 0.13671875 0.06015625 0.07265625
8 0.40390625 0.25078125 0.03984375 0.04140625
8 0.38359375 0.21875 0.05 0.053125
8 0.36015625 0.18125 0.04453125 0.04921875
8 0.340625 0.2265625 0.046875 0.05234375
8 0.36484375 0.25625 0.04921875 0.03515625
8 0.37734375 0.19140625 0.13203125 0.08046875