8 0.02890625 0.22890625 0.0578125 0.1078125
1 0.06640625 0.1953125 0.01328125 0.02421875
6 0.07265625 0.21640625 0.0484375 0.0171875
2 0.13515625 0.4484375 0.0578125 0.03046875
2 0.26953125 0.3359375 0.51796875 0.22421875
2 0.06875 0.35703125 0.1375 0.153125
2 0.06796875 0.41484375 0.1078125 0.1125
2 0.0609375 0.4328125 0.03828125 0.02578125
2 0.090625 0.4609375 0.03359375 0.0578125
2 0.021875 0.4125 0.04296875 0.03359375
2 0.02578125 0.6296875 0.0515625 0.1015625
2 0.0234375 0.58828125 0.046875 0.02890625
2 0.03828125 0.503125 0.07578125 0.159375
2 0.28828125 0.70703125 0.5140625 0.528125
2 0.2734375 0.43125 0.32421875 0.1640625
1 0.184375 0.415625 0.028125 0.05234375
1 0.44765625 0.42109375 0.01640625 0.04375