2 0.253125 0.42578125 0.0765625 0.05546875
2 0.4203125 0.659375 0.13671875 0.0984375
2 0.8046875 0.23359375 0.309375 0.33125
2 0.803125 0.365625 0.30546875 0.296875
2 0.71875 0.29296875 0.0578125 0.05
2 0.77734375 0.26953125 0.09921875 0.12421875
2 0.5875 0.609375 0.1546875 0.15703125
2 0.609375 0.46875 0.225 0.2390625
2 0.4375 0.509375 0.2703125 0.28671875
2 0.43515625 0.490625 0.17421875 0.1265625
2 0.1875 0.7828125 0.375 0.346875
2 0.0984375 0.725 0.0859375 0.134375
2 0.22109375 0.5875 0.228125 0.36484375
2 0.453125 0.69453125 0.15859375 0.23046875