2 0.42734375 0.47734375 0.05703125 0.05390625
8 0.6765625 0.2890625 0.27578125 0.1515625
2 0.34140625 0.39609375 0.2046875 0.15859375
8 0.4359375 0.29609375 0.2484375 0.18046875
8 0.56796875 0.3890625 0.0578125 0.025
2 0.5421875 0.45 0.2109375 0.14765625
2 0.5171875 0.4953125 0.03671875 0.01171875
6 0.7125 0.55546875 0.08203125 0.0546875
6 0.60390625 0.5796875 0.15625 0.0890625
6 0.63828125 0.61484375 0.15078125 0.09296875
6 0.55859375 0.58125 0.0859375 0.04296875
6 0.528125 0.65234375 0.1171875 0.09921875
1 0.56171875 0.5640625 0.1203125 0.07578125
6 0.7328125 0.63515625 0.090625 0.11171875
8 0.28125 0.65546875 0.37109375 0.31171875
2 0.78125 0.296875 0.0453125 0.02265625