7 0.646875 0.5671875 0.22734375 0.1859375
7 0.6453125 0.47734375 0.225 0.065625
7 0.6453125 0.37578125 0.228125 0.20703125
2 0.37578125 0.57890625 0.3140625 0.10703125
2 0.5125 0.52265625 0.040625 0.040625
2 0.3578125 0.52265625 0.31640625 0.13046875
2 0.27578125 0.4875 0.06484375 0.04765625
2 0.36953125 0.475 0.3265625 0.1390625
2 0.31875 0.41640625 0.1421875 0.0421875
2 0.51171875 0.459375 0.0546875 0.046875
2 0.50859375 0.43203125 0.046875 0.025
2 0.41015625 0.34140625 0.1703125 0.06328125
2 0.378125 0.38828125 0.30625 0.0921875
2 0.33125 0.5703125 0.32734375 0.321875