2 0.24296875 0.0296875 0.0296875 0.059375
8 0.32734375 0.05234375 0.1875 0.1046875
8 0.4875 0.015625 0.15625 0.03046875
8 0.3578125 0.07890625 0.1140625 0.10390625
8 0.4625 0.09140625 0.14375 0.1703125
8 0.5796875 0.0953125 0.178125 0.18984375
8 0.79765625 0.12890625 0.4015625 0.2578125
8 0.64921875 0.26015625 0.12890625 0.18671875
8 0.24765625 0.10625 0.10625 0.090625
2 0.2515625 0.184375 0.13671875 0.15390625
7 0.40703125 0.23515625 0.20859375 0.259375
8 0.065625 0.1 0.1203125 0.10078125
1 0.5953125 0.45390625 0.028125 0.05
8 0.459375 0.41484375 0.259375 0.34453125
8 0.54296875 0.2515625 0.1078125 0.29453125
8 0.20859375 0.3 0.4171875 0.3046875
1 0.04765625 0.23671875 0.0953125 0.3828125
2 0.0203125 0.15078125 0.040625 0.0515625
8 0.05546875 0.2125 0.1109375 0.12265625
2 0.0390625 0.2859375 0.07734375 0.07265625
8 0.12890625 0.5171875 0.2578125 0.2578125
1 0.7609375 0.428125 0.08125 0.0578125
8 0.25546875 0.7109375 0.4203125 0.4671875
8 0.59140625 0.73203125 0.303125 0.5359375