8 0.12734375 0.2265625 0.2546875 0.1359375
8 0.24453125 0.221875 0.13203125 0.17734375
2 0.14921875 0.421875 0.2984375 0.34375
2 0.278125 0.48515625 0.0578125 0.1234375
2 0.5359375 0.4640625 0.5765625 0.34296875
2 0.4859375 0.81875 0.2546875 0.13828125
2 0.50625 0.5875 0.44453125 0.40859375
8 0.1984375 0.7703125 0.396875 0.3625
7 0.8890625 0.2625 0.10625 0.175
7 0.84765625 0.28671875 0.13203125 0.221875
7 0.565625 0.28046875 0.53984375 0.3234375
2 0.59609375 0.11640625 0.40234375 0.07890625
2 0.50859375 0.0828125 0.3578125 0.0890625
8 0.24765625 0.87265625 0.4953125 0.2515625
2 0.1375 0.5609375 0.275 0.3109375
1 0.47265625 0.27421875 0.040625 0.2734375
1 0.7765625 0.29609375 0.10546875 0.28515625
1 0.8640625 0.28359375 0.0921875 0.209375
1 0.88984375 0.2625 0.09921875 0.175