8 0.09140625 0.2109375 0.18203125 0.30390625
8 0.50390625 0.34453125 0.11640625 0.20703125
8 0.48125 0.265625 0.03984375 0.02890625
8 0.578125 0.40078125 0.06484375 0.140625
8 0.5453125 0.47265625 0.1078125 0.08046875
8 0.4328125 0.41796875 0.15234375 0.1375
8 0.3609375 0.534375 0.1203125 0.134375
8 0.4484375 0.52265625 0.125 0.1953125
8 0.265625 0.63984375 0.18828125 0.25078125
8 0.2984375 0.84375 0.1890625 0.22890625
8 0.44609375 0.7125 0.25078125 0.2546875
8 0.59375 0.79921875 0.08203125 0.1234375
8 0.5640625 0.5984375 0.19765625 0.234375
8 0.74375 0.753125 0.20625 0.25859375
8 0.68046875 0.58046875 0.19296875 0.2640625