2 0.871875 0.44609375 0.028125 0.0546875
2 0.7890625 0.5625 0.134375 0.09765625
2 0.79453125 0.50703125 0.165625 0.14140625
2 0.77109375 0.39765625 0.2578125 0.22890625
2 0.74765625 0.278125 0.153125 0.1359375
2 0.684375 0.375 0.0890625 0.15078125
8 0.68828125 0.39296875 0.06015625 0.05703125
2 0.59609375 0.309375 0.1 0.0859375
2 0.63984375 0.56953125 0.17109375 0.22890625
2 0.61171875 0.4109375 0.09296875 0.146875
2 0.584375 0.334375 0.1203125 0.0953125
6 0.56484375 0.35546875 0.0515625 0.05546875
2 0.65078125 0.44453125 0.13984375 0.11953125
2 0.50703125 0.68515625 0.1734375 0.15390625
2 0.5015625 0.628125 0.15390625 0.1078125
2 0.0140625 0.6984375 0.028125 0.059375
7 0.5171875 0.45546875 0.1140625 0.2921875
1 0.45703125 0.44375 0.20546875 0.34453125
7 0.05234375 0.8546875 0.10390625 0.28984375
2 0.28515625 0.80078125 0.37421875 0.38671875
2 0.35546875 0.64453125 0.10078125 0.1609375
2 0.2546875 0.76953125 0.20234375 0.23046875
8 0.14140625 0.796875 0.0546875 0.0625
6 0.11484375 0.74765625 0.07890625 0.11484375
1 0.353125 0.5359375 0.0296875 0.11875
2 0.5765625 0.27109375 0.10546875 0.09296875
2 0.18515625 0.5140625 0.36953125 0.51640625