2 0.90546875 0.31953125 0.1890625 0.14609375
8 0.8859375 0.70546875 0.07578125 0.11796875
8 0.728125 0.62265625 0.32890625 0.38671875
2 0.465625 0.91015625 0.18515625 0.1796875
2 0.53671875 0.6296875 0.10234375 0.2171875
2 0.55390625 0.68671875 0.08046875 0.13984375
2 0.3265625 0.721875 0.35 0.290625
2 0.33125 0.66640625 0.153125 0.15859375
2 0.20859375 0.7296875 0.10703125 0.06875
2 0.28125 0.65625 0.0640625 0.10078125
2 0.2203125 0.46328125 0.153125 0.30625
2 0.45234375 0.4515625 0.07578125 0.08828125
1 0.41171875 0.6046875 0.18515625 0.09765625
2 0.36484375 0.54609375 0.26875 0.25
2 0.409375 0.33984375 0.20546875 0.23671875
2 0.46953125 0.228125 0.1015625 0.13671875
2 0.39140625 0.2171875 0.0515625 0.07734375
2 0.4359375 0.26484375 0.12890625 0.1671875
2 0.3578125 0.25234375 0.034375 0.05859375
8 0.65859375 0.3875 0.365625 0.43671875
8 0.17734375 0.6015625 0.20703125 0.2140625
2 0.55625 0.653125 0.04921875 0.103125
2 0.5671875 0.62109375 0.0203125 0.04375
1 0.51328125 0.75234375 0.0390625 0.0453125
3 0.53046875 0.6 0.04375 0.05625
2 0.4390625 0.6734375 0.0765625 0.08671875