1 0.5 0.5 1 1
1 0.7703125 0.46875 0.04375 0.009375
8 0.68671875 0.2109375 0.053125 0.04296875
2 0.69296875 0.3984375 0.084375 0.13125
2 0.72578125 0.5078125 0.05703125 0.1125
2 0.7328125 0.59375 0.03984375 0.0515625
2 0.24609375 0.35390625 0.0734375 0.07421875
2 0.315625 0.246875 0.0796875 0.13359375
8 0.2734375 0.3046875 0.08359375 0.0375
2 0.31015625 0.34140625 0.090625 0.0578125
2 0.4578125 0.32578125 0.0765625 0.0515625
2 0.61171875 0.3828125 0.08125 0.046875
2 0.646875 0.33203125 0.053125 0.06484375
2 0.56171875 0.3015625 0.1375 0.121875
1 0.36328125 0.290625 0.10703125 0.1328125
2 0.6515625 0.29375 0.059375 0.1078125
2 0.61953125 0.2515625 0.10078125 0.184375
1 0.4859375 0.19375 0.27421875 0.25546875
2 0.2484375 0.37734375 0.0640625 0.07109375
8 0.45078125 0.6671875 0.621875 0.64140625