2 0.6390625 0.2140625 0.39140625 0.2453125
2 0.6609375 0.13828125 0.41796875 0.2765625
2 0.590625 0.07421875 0.0421875 0.046875
2 0.60078125 0.07890625 0.0390625 0.046875
2 0.55 0.115625 0.075 0.0390625
2 0.6296875 0.1078125 0.13671875 0.08828125
2 0.62265625 0.1125 0.12734375 0.0734375
2 0.66015625 0.17421875 0.0734375 0.06328125
2 0.70703125 0.115625 0.09375 0.06796875
2 0.64921875 0.12890625 0.1734375 0.03828125
2 0.57109375 0.0609375 0.11875 0.11875
7 0.46953125 0.38359375 0.35078125 0.20078125
8 0.8671875 0.2140625 0.1875 0.11171875
8 0.92265625 0.225 0.096875 0.0625
8 0.84140625 0.3046875 0.2484375 0.15390625
8 0.76796875 0.37265625 0.28515625 0.26328125
7 0.58515625 0.51875 0.221875 0.15625
7 0.14140625 0.5390625 0.17109375 0.10859375
7 0.26875 0.49609375 0.39296875 0.25
2 0.3328125 0.440625 0.39140625 0.265625
7 0.39921875 0.73203125 0.38359375 0.39140625
1 0.28984375 0.86015625 0.08046875 0.05
2 0.06484375 0.51484375 0.1296875 0.06015625
6 0.0734375 0.55234375 0.146875 0.1203125
2 0.13046875 0.690625 0.26015625 0.26875
8 0.090625 0.74375 0.18046875 0.06640625
8 0.08515625 0.734375 0.1125 0.04921875
2 0.15078125 0.7625 0.11484375 0.07421875
8 0.12734375 0.88984375 0.2546875 0.2203125
1 0.11953125 0.771875 0.2390625 0.08046875
2 0.06875 0.7265625 0.13671875 0.03515625