2 0.93984375 0.734375 0.08125 0.0734375
2 0.9265625 0.721875 0.06015625 0.0546875
2 0.92578125 0.678125 0.05234375 0.05234375
8 0.22421875 0.30234375 0.37421875 0.16953125
8 0.27109375 0.52265625 0.32734375 0.32265625
8 0.0453125 0.590625 0.090625 0.03125
8 0.22890625 0.76484375 0.18203125 0.23515625
8 0.078125 0.875 0.15625 0.15
8 0.16484375 0.92265625 0.3296875 0.15390625
8 0.115625 0.828125 0.0796875 0.05546875
8 0.1046875 0.69375 0.20859375 0.225
7 0.74453125 0.8578125 0.3078125 0.2515625
2 0.76171875 0.68203125 0.31640625 0.14921875
8 0.3578125 0.63671875 0.12734375 0.09765625
8 0.51484375 0.646875 0.22890625 0.05625
8 0.46171875 0.6734375 0.11328125 0.053125
8 0.42578125 0.8390625 0.50078125 0.32109375