6 0.4484375 0.29609375 0.1484375 0.07734375
6 0.084375 0.55859375 0.115625 0.078125
7 0.2140625 0.41015625 0.42734375 0.33984375
6 0.44140625 0.51015625 0.421875 0.115625
6 0.5921875 0.41875 0.55078125 0.184375
6 0.71328125 0.6359375 0.49765625 0.2578125
6 0.5515625 0.65546875 0.1921875 0.1390625
6 0.2125 0.796875 0.2203125 0.05
6 0.34296875 0.61796875 0.06015625 0.0359375
6 0.2109375 0.66484375 0.20234375 0.12421875
6 0.2234375 0.63359375 0.19296875 0.08046875
6 0.23359375 0.625 0.18984375 0.08046875
6 0.240625 0.61875 0.19375 0.0765625
6 0.234375 0.6078125 0.1765625 0.0734375
6 0.26875 0.58984375 0.1515625 0.11796875
8 0.7765625 0.6671875 0.446875 0.32109375