8 0.11328125 0.12265625 0.22578125 0.2453125
1 0.315625 0.40234375 0.06796875 0.03125
6 0.2984375 0.41953125 0.0921875 0.04375
6 0.1109375 0.38046875 0.221875 0.07421875
1 0.05 0.49921875 0.1 0.1765625
1 0.15703125 0.67421875 0.31328125 0.1421875
6 0.0734375 0.59765625 0.13203125 0.09609375
1 0.04921875 0.54765625 0.0984375 0.0515625
1 0.09296875 0.565625 0.06328125 0.08984375
1 0.04453125 0.49140625 0.0484375 0.021875
1 0.1703125 0.421875 0.309375 0.15625
1 0.20625 0.5265625 0.21953125 0.171875
6 0.228125 0.5203125 0.10078125 0.0765625
1 0.11796875 0.61484375 0.2359375 0.05859375
1 0.35546875 0.66171875 0.14765625 0.159375
8 0.06875 0.2859375 0.1375 0.175
6 0.4328125 0.33125 0.1015625 0.06171875
1 0.48125 0.35625 0.16171875 0.06484375
6 0.47421875 0.57421875 0.36484375 0.19140625
6 0.48203125 0.48359375 0.3328125 0.2109375
1 0.06171875 0.78828125 0.1234375 0.0890625
1 0.015625 0.59921875 0.03125 0.04140625