1 0.1203125 0.684375 0.03515625 0.0296875
2 0.38046875 0.253125 0.175 0.2203125
2 0.34609375 0.3828125 0.08515625 0.07421875
8 0.253125 0.51328125 0.37421875 0.21171875
2 0.33046875 0.36171875 0.04921875 0.03984375
2 0.51015625 0.6328125 0.24609375 0.228125
2 0.4625 0.31953125 0.209375 0.31875
2 0.50078125 0.50546875 0.0734375 0.05234375
2 0.5453125 0.465625 0.0921875 0.14453125
2 0.5984375 0.409375 0.10390625 0.090625
2 0.65234375 0.31640625 0.2078125 0.1171875
8 0.66953125 0.1640625 0.28125 0.28515625
8 0.68203125 0.4828125 0.3390625 0.32890625
1 0.73359375 0.65390625 0.06875 0.034375
1 0.53203125 0.790625 0.0546875 0.06640625
7 0.72890625 0.81015625 0.38828125 0.3203125
4 0.91328125 0.734375 0.17265625 0.2359375
8 0.959375 0.58671875 0.08046875 0.19765625
2 0.23671875 0.80234375 0.4734375 0.3921875
1 0.38828125 0.25859375 0.1359375 0.1453125
1 0.48359375 0.253125 0.0953125 0.03203125
1 0.4421875 0.396875 0.13359375 0.04765625
2 0.6046875 0.440625 0.03046875 0.04453125
1 0.66171875 0.2765625 0.03671875 0.0234375