8 0.35234375 0.87734375 0.0578125 0.05
1 0.88671875 0.2234375 0.2265625 0.3078125
8 0.60390625 0.32578125 0.6015625 0.6515625
7 0.921875 0.678125 0.15625 0.196875
7 0.88125 0.378125 0.19765625 0.11796875
7 0.91328125 0.4109375 0.1734375 0.09296875
7 0.9203125 0.434375 0.15859375 0.1
7 0.9359375 0.47421875 0.12734375 0.10078125
7 0.8375 0.353125 0.13046875 0.06953125
7 0.9265625 0.5453125 0.146875 0.13359375
7 0.59375 0.82109375 0.49296875 0.3484375
1 0.78515625 0.7609375 0.0890625 0.21953125
1 0.58984375 0.7828125 0.4765625 0.18046875
7 0.57734375 0.653125 0.40703125 0.1828125
7 0.5609375 0.53359375 0.390625 0.17890625
7 0.51953125 0.375 0.321875 0.24140625
1 0.415625 0.50390625 0.0984375 0.0515625
1 0.9796875 0.65078125 0.040625 0.0359375
1 0.921875 0.61953125 0.15546875 0.04453125