8 0.2953125 0.54140625 0.09375 0.0515625
8 0.31015625 0.5109375 0.09765625 0.06640625
2 0.521875 0.69375 0.665625 0.515625
4 0.7078125 0.78125 0.12734375 0.07578125
6 0.41796875 0.70546875 0.103125 0.0734375
2 0.5140625 0.78359375 0.2796875 0.1453125
6 0.5578125 0.840625 0.3390625 0.05
6 0.6484375 0.73046875 0.32109375 0.10078125
1 0.6640625 0.76796875 0.0546875 0.0359375
6 0.721875 0.5515625 0.27890625 0.121875
6 0.71953125 0.63515625 0.16796875 0.1296875
1 0.4171875 0.59453125 0.18515625 0.13984375
6 0.53515625 0.6640625 0.23671875 0.1921875
8 0.6796875 0.36328125 0.16640625 0.10625
8 0.6859375 0.44453125 0.1390625 0.21015625
1 0.35625 0.2390625 0.02578125 0.07734375
2 0.50234375 0.24765625 0.3078125 0.1609375
2 0.53125 0.24453125 0.09140625 0.08515625
6 0.40546875 0.23203125 0.103125 0.05859375
6 0.4375 0.28671875 0.1140625 0.0734375