2 0.959375 0.6703125 0.08125 0.09375
6 0.98125 0.753125 0.03671875 0.0734375
3 0.94609375 0.81640625 0.0703125 0.05859375
10 0.49921875 0.59296875 0.08046875 0.0859375
8 0.44296875 0.5859375 0.05078125 0.0265625
8 0.45390625 0.6671875 0.1109375 0.14296875
8 0.70859375 0.65546875 0.56171875 0.51328125
8 0.17890625 0.2890625 0.3578125 0.121875
1 0.45 0.4 0.07734375 0.06484375
8 0.43671875 0.28359375 0.10234375 0.228125
2 0.3421875 0.46015625 0.346875 0.1140625
10 0.24921875 0.3828125 0.22578125 0.1328125
1 0.11015625 0.30859375 0.2140625 0.1015625
8 0.10546875 0.3953125 0.2109375 0.121875
2 0.4640625 0.49296875 0.103125 0.06484375
1 0.3859375 0.40859375 0.09375 0.109375
1 0.19921875 0.4578125 0.04921875 0.01953125
1 0.4953125 0.45625 0.0421875 0.034375
1 0.39765625 0.5140625 0.03671875 0.02109375