2 0.240625 0.21484375 0.02890625 0.01875
6 0.94140625 0.9625 0.10078125 0.07421875
2 0.76640625 0.87890625 0.2875 0.24140625
2 0.53125 0.94609375 0.21015625 0.10703125
2 0.3671875 0.93671875 0.18671875 0.125
6 0.67890625 0.796875 0.04921875 0.0796875
1 0.965625 0.7609375 0.06796875 0.0796875
1 0.84921875 0.740625 0.30078125 0.03671875
6 0.78125 0.66171875 0.03828125 0.071875
2 0.88984375 0.440625 0.2203125 0.64140625
2 0.8609375 0.3671875 0.08515625 0.28515625
2 0.06640625 0.30390625 0.13125 0.23203125
8 0.06796875 0.58046875 0.1359375 0.3609375
2 0.92578125 0.0828125 0.1453125 0.165625
2 0.8453125 0.0578125 0.184375 0.115625
2 0.70390625 0.03984375 0.2015625 0.0796875
2 0.48359375 0.075 0.1453125 0.15
1 0.6390625 0.071875 0.27265625 0.14375
2 0.14140625 0.115625 0.2546875 0.23125
2 0.3625 0.07578125 0.34140625 0.15078125
2 0.42421875 0.55390625 0.8140625 0.84296875
2 0.72578125 0.68125 0.06484375 0.09296875
2 0.4015625 0.46484375 0.60078125 0.10625
2 0.4171875 0.54140625 0.52421875 0.2578125
2 0.375 0.42890625 0.66796875 0.1484375
1 0.59453125 0.37265625 0.2296875 0.0671875
2 0.42578125 0.22578125 0.346875 0.3078125
3 0.7203125 0.22734375 0.31015625 0.33046875
2 0.6875 0.24921875 0.16640625 0.2265625