1 0.7328125 0.89609375 0.021875 0.1109375
1 0.08828125 0.38125 0.1765625 0.05859375
1 0.3796875 0.27109375 0.0703125 0.02578125
1 0.09375 0.28671875 0.06171875 0.02265625
1 0.3640625 0.2734375 0.25 0.06484375
2 0.46640625 0.53203125 0.9125 0.65234375
1 0.9703125 0.38671875 0.04140625 0.04921875
6 0.978125 0.35546875 0.04296875 0.03671875
2 0.72890625 0.5359375 0.403125 0.39296875
2 0.4890625 0.45546875 0.1421875 0.11328125
2 0.409375 0.43359375 0.13359375 0.1328125
6 0.22890625 0.80625 0.06640625 0.046875
2 0.96015625 0.11015625 0.078125 0.01953125