8 0.040625 0.53046875 0.08046875 0.046875
8 0.13359375 0.490625 0.20078125 0.14140625
7 0.228125 0.365625 0.1328125 0.18046875
8 0.50703125 0.24765625 0.5140625 0.23359375
7 0.3859375 0.5640625 0.45390625 0.43359375
8 0.3765625 0.45546875 0.3171875 0.27578125
2 0.1046875 0.61171875 0.209375 0.1671875
2 0.696875 0.45703125 0.32421875 0.36875
8 0.39609375 0.61015625 0.2546875 0.140625
3 0.46640625 0.62890625 0.10234375 0.08203125
2 0.478125 0.621875 0.078125 0.06015625
1 0.1671875 0.596875 0.06484375 0.03671875
1 0.153125 0.6171875 0.07265625 0.0125
1 0.15078125 0.62265625 0.07578125 0.0125
1 0.146875 0.6546875 0.07734375 0.0578125
1 0.1078125 0.6578125 0.04296875 0.04921875