2 0.50703125 0.446875 0.46953125 0.10703125
6 0.78671875 0.48671875 0.059375 0.021875
2 0.7484375 0.79765625 0.3796875 0.175
2 0.246875 0.1515625 0.18125 0.20859375
8 0.825 0.93359375 0.35 0.13203125
2 0.39140625 0.2890625 0.4625 0.28046875
1 0.44296875 0.9203125 0.128125 0.15234375
8 0.54296875 0.65625 0.0625 0.04140625
1 0.43359375 0.85390625 0.08203125 0.04375
8 0.43828125 0.56640625 0.26484375 0.21953125
8 0.08359375 0.58515625 0.1671875 0.34296875
8 0.5953125 0.7484375 0.46171875 0.2015625
2 0.20703125 0.71796875 0.40703125 0.50859375
1 0.48125 0.546875 0.209375 0.0953125
6 0.22734375 0.4375 0.13125 0.084375
8 0.071875 0.559375 0.06328125 0.14296875
3 0.16484375 0.5375 0.175 0.1765625
8 0.215625 0.61171875 0.33359375 0.24609375
2 0.74921875 0.73515625 0.10625 0.0609375
2 0.4578125 0.66015625 0.10703125 0.03515625
8 0.74453125 0.59765625 0.4140625 0.23515625
6 0.49375 0.31640625 0.3390625 0.178125
6 0.41328125 0.3484375 0.16796875 0.11484375
1 0.46875 0.35078125 0.0671875 0.03125
6 0.75234375 0.84609375 0.12578125 0.05625
6 0.18203125 0.453125 0.15 0.05078125