2 0.578125 0.15390625 0.634375 0.3078125
1 0.40390625 0.0640625 0.03828125 0.05
7 0.5875 0.1109375 0.44921875 0.221875
3 0.91171875 0.0859375 0.1765625 0.171875
3 0.94140625 0.23984375 0.1171875 0.1984375
8 0.70078125 0.6609375 0.5984375 0.678125
10 0.16328125 0.1765625 0.3265625 0.353125
2 0.20625 0.615625 0.4125 0.76875
2 0.61875 0.5 0.65 0.95
3 0.75234375 0.728125 0.090625 0.059375
2 0.8765625 0.3171875 0.21640625 0.43515625
2 0.80625 0.43125 0.04375 0.1109375
3 0.7921875 0.6515625 0.04765625 0.1421875
3 0.83515625 0.66796875 0.1 0.1921875
3 0.84375 0.64375 0.10859375 0.225
3 0.86015625 0.6359375 0.109375 0.22578125
3 0.87421875 0.6265625 0.109375 0.228125
3 0.88984375 0.6171875 0.1125 0.228125
8 0.97890625 0.82109375 0.04140625 0.10859375
8 0.3640625 0.5796875 0.56953125 0.83984375