2 0.84375 0.7390625 0.1875 0.11640625
2 0.7375 0.74765625 0.159375 0.11640625
2 0.41171875 0.80078125 0.6828125 0.215625
2 0.43359375 0.72421875 0.48984375 0.13828125
2 0.4875 0.52265625 0.8125 0.121875
2 0.8265625 0.6640625 0.11015625 0.0625
2 0.6828125 0.67265625 0.17734375 0.06328125
2 0.5296875 0.62109375 0.8328125 0.14140625
8 0.68671875 0.3125 0.33984375 0.11875
2 0.41328125 0.28828125 0.390625 0.16484375
2 0.18125 0.2890625 0.3421875 0.1921875
2 0.0421875 0.634375 0.08359375 0.6453125
2 0.484375 0.42109375 0.80546875 0.103125
2 0.76015625 0.89140625 0.4484375 0.21640625