8 0.4546875 0.325 0.0625 0.10703125
8 0.48515625 0.40390625 0.12421875 0.1015625
8 0.26796875 0.40859375 0.08671875 0.13984375
8 0.1953125 0.4265625 0.08515625 0.065625
2 0.171875 0.51796875 0.209375 0.14765625
2 0.1375 0.4546875 0.18359375 0.12265625
6 0.19375 0.5 0.13671875 0.0234375
8 0.10234375 0.434375 0.0640625 0.028125
6 0.15 0.4203125 0.0578125 0.02734375
8 0.41953125 0.46953125 0.38984375 0.1421875
2 0.54296875 0.71640625 0.74609375 0.375
2 0.32578125 0.6078125 0.17109375 0.06640625
1 0.45078125 0.94921875 0.11640625 0.1015625
1 0.37109375 0.93359375 0.05546875 0.07109375
1 0.5046875 0.640625 0.58203125 0.0359375