8 0.48515625 0.30078125 0.090625 0.10703125
8 0.7484375 0.5515625 0.11171875 0.1296875
8 0.24453125 0.4078125 0.178125 0.34296875
8 0.2125 0.24453125 0.04140625 0.01328125
8 0.8625 0.67421875 0.11875 0.13046875
8 0.94609375 0.70078125 0.096875 0.1921875
8 0.8703125 0.70703125 0.05390625 0.16640625
7 0.37890625 0.66953125 0.10390625 0.1125
1 0.428125 0.66171875 0.0171875 0.115625
8 0.26796875 0.52890625 0.121875 0.19921875
8 0.54921875 0.66171875 0.26875 0.390625
8 0.76484375 0.73359375 0.2640625 0.359375
8 0.3953125 0.4671875 0.2234375 0.434375
8 0.62734375 0.47734375 0.29140625 0.415625
8 0.69296875 0.559375 0.0296875 0.04375
2 0.2375 0.65859375 0.159375 0.21328125
2 0.19453125 0.62109375 0.0546875 0.04921875
6 0.25234375 0.57265625 0.0515625 0.03359375
6 0.23828125 0.60390625 0.0421875 0.04375
2 0.18515625 0.62578125 0.03203125 0.03828125
6 0.19765625 0.6328125 0.03828125 0.02578125
8 0.2703125 0.46015625 0.0515625 0.0171875