1 0.378125 0.29921875 0.04921875 0.05
1 0.05625 0.43359375 0.10078125 0.159375
8 0.15390625 0.40390625 0.2140625 0.36875
6 0.6890625 0.69375 0.03203125 0.078125
8 0.60078125 0.565625 0.24140625 0.4390625
8 0.7515625 0.42578125 0.1328125 0.19921875
7 0.8515625 0.68046875 0.296875 0.32734375
2 0.7734375 0.55703125 0.065625 0.0609375
6 0.8 0.478125 0.1015625 0.16796875
8 0.8921875 0.51484375 0.21484375 0.24453125
2 0.51953125 0.44609375 0.05078125 0.11796875
6 0.5625 0.40859375 0.040625 0.1328125
8 0.478125 0.45234375 0.0765625 0.07734375
1 0.51171875 0.69609375 0.2515625 0.48515625
8 0.32265625 0.51640625 0.2359375 0.48984375