6 0.5 0.5234375 1 0.953125
2 0.1765625 0.31484375 0.29140625 0.3328125
6 0.46328125 0.33671875 0.415625 0.13828125
6 0.52265625 0.19453125 0.528125 0.1921875
2 0.39765625 0.38046875 0.23984375 0.20625
4 0.1875 0.43515625 0.25625 0.31640625
3 0.33359375 0.575 0.24140625 0.1765625
2 0.90859375 0.5109375 0.18203125 0.14453125
6 0.67578125 0.57421875 0.3640625 0.14765625
2 0.465625 0.64140625 0.15625 0.08671875
5 0.73515625 0.615625 0.4890625 0.15625
8 0.8265625 0.41640625 0.20625 0.1671875
6 0.6203125 0.4234375 0.528125 0.35703125