2 0.29453125 0.4046875 0.58125 0.40703125
2 0.4125 0.34296875 0.16328125 0.1078125
3 0.39296875 0.36171875 0.065625 0.04765625
4 0.3390625 0.3453125 0.06953125 0.034375
2 0.290625 0.359375 0.29609375 0.1140625
2 0.2890625 0.371875 0.30390625 0.11484375
2 0.2859375 0.378125 0.30859375 0.1140625
2 0.275 0.38828125 0.30078125 0.11640625
2 0.26953125 0.39765625 0.30625 0.11328125
2 0.2609375 0.40625 0.2984375 0.109375
2 0.42109375 0.47734375 0.040625 0.08671875
4 0.45078125 0.37109375 0.0671875 0.10078125
8 0.715625 0.50390625 0.5671875 0.4921875