7 0.3625 0.34609375 0.18984375 0.07734375
7 0.50859375 0.47890625 0.1890625 0.06875
7 0.3703125 0.0625 0.19140625 0.0828125
7 0.36953125 0.11640625 0.1828125 0.1328125
7 0.5296875 0.0203125 0.1484375 0.040625
7 0.47734375 0.16328125 0.11484375 0.03671875
7 0.49140625 0.28828125 0.1234375 0.05
7 0.47734375 0.22734375 0.11015625 0.09140625
8 0.6078125 0.075 0.30859375 0.15
7 0.66484375 0.21484375 0.2375 0.271875
7 0.496875 0.4265625 0.17421875 0.15625
7 0.51640625 0.3546875 0.14375 0.096875
8 0.55625 0.196875 0.05859375 0.13828125
7 0.771875 0.55546875 0.1453125 0.21328125
7 0.678125 0.41328125 0.27734375 0.31875
3 0.69765625 0.53984375 0.02890625 0.04375
8 0.67578125 0.46015625 0.11171875 0.14765625
7 0.52265625 0.69296875 0.38984375 0.4359375
7 0.3125 0.49921875 0.21328125 0.25625
8 0.47265625 0.33046875 0.0703125 0.04453125
8 0.6078125 0.4140625 0.04296875 0.0796875
8 0.34921875 0.26015625 0.16484375 0.2484375
1 0.3109375 0.46328125 0.2046875 0.13828125
1 0.478125 0.16171875 0.11640625 0.0296875
1 0.47734375 0.18359375 0.11328125 0.03046875