8 0.14140625 0.0640625 0.2828125 0.128125
8 0.80703125 0.065625 0.2359375 0.13046875
8 0.4921875 0.5 0.984375 1
6 0.73046875 0.51796875 0.11796875 0.10546875
6 0.346875 0.5625 0.0609375 0.0265625
6 0.596875 0.5796875 0.15390625 0.10390625
6 0.50546875 0.6015625 0.0265625 0.08046875
6 0.5125 0.58046875 0.05390625 0.103125
6 0.725 0.41484375 0.18359375 0.1109375
6 0.5875 0.359375 0.1125 0.07109375
6 0.44921875 0.28984375 0.3046875 0.16328125
6 0.2421875 0.5640625 0.16484375 0.16171875
6 0.346875 0.63984375 0.1078125 0.1734375
6 0.43671875 0.64140625 0.1359375 0.140625
6 0.60859375 0.5140625 0.17109375 0.1078125
6 0.42890625 0.59921875 0.13125 0.134375
6 0.43828125 0.4578125 0.41484375 0.20625
6 0.14296875 0.55 0.17578125 0.1765625
6 0.228125 0.3421875 0.2203125 0.30546875
1 0.36328125 0.375 0.30546875 0.08203125
1 0.22578125 0.609375 0.01328125 0.04921875