2 0.07578125 0.48515625 0.1515625 0.0953125
2 0.0859375 0.3734375 0.17109375 0.25234375
2 0.815625 0.8046875 0.35625 0.375
2 0.04140625 0.3328125 0.08203125 0.10546875
2 0.2953125 0.33125 0.08984375 0.075
2 0.15078125 0.3484375 0.253125 0.18671875
8 0.2328125 0.48125 0.2171875 0.30703125
8 0.31796875 0.3796875 0.0421875 0.04609375
8 0.3171875 0.58671875 0.1671875 0.2859375
2 0.88203125 0.86328125 0.059375 0.05625
8 0.89296875 0.85859375 0.0546875 0.0640625
8 0.72578125 0.8328125 0.06328125 0.103125
8 0.81328125 0.56015625 0.37265625 0.78828125
8 0.50703125 0.62265625 0.23984375 0.62890625
8 0.55 0.4265625 0.22421875 0.15078125
1 0.54453125 0.57578125 0.03828125 0.040625
8 0.6015625 0.475 0.01796875 0.0578125
4 0.15078125 0.7234375 0.0234375 0.29296875