8 0.7015625 0.34140625 0.14921875 0.2140625
2 0.646875 0.596875 0.36015625 0.321875
8 0.71015625 0.54609375 0.2453125 0.334375
2 0.30234375 0.6875 0.1640625 0.115625
2 0.29453125 0.58359375 0.3171875 0.20234375
2 0.334375 0.55 0.07890625 0.1296875
8 0.2484375 0.5375 0.2265625 0.13515625
2 0.33125 0.3484375 0.446875 0.284375
2 0.178125 0.26953125 0.19296875 0.3078125
2 0.265625 0.2046875 0.09609375 0.10546875
2 0.1875 0.2234375 0.14140625 0.2484375
2 0.265625 0.2578125 0.0234375 0.03203125
2 0.3125 0.3015625 0.096875 0.23046875
2 0.23359375 0.32734375 0.071875 0.1265625