2 0.74453125 0.2140625 0.103125 0.07578125
2 0.41015625 0.38203125 0.2625 0.28515625
2 0.7015625 0.559375 0.1328125 0.09453125
2 0.87109375 0.596875 0.19765625 0.13046875
2 0.8046875 0.6734375 0.0796875 0.11640625
2 0.71953125 0.69375 0.0984375 0.18671875
2 0.88046875 0.52890625 0.18203125 0.16953125
8 0.2953125 0.58125 0.05703125 0.15390625
2 0.49453125 0.75390625 0.48203125 0.31484375
2 0.646875 0.72734375 0.1671875 0.3
2 0.65 0.69609375 0.134375 0.26015625
2 0.64375 0.67265625 0.06796875 0.15234375
2 0.54609375 0.69765625 0.28671875 0.3234375
2 0.46328125 0.61875 0.35625 0.3515625
2 0.33046875 0.56875 0.04140625 0.09140625
1 0.303125 0.7453125 0.06796875 0.05078125
1 0.50703125 0.6140625 0.35 0.32578125
2 0.48046875 0.39765625 0.06484375 0.1078125
2 0.48515625 0.21875 0.053125 0.05390625
2 0.71640625 0.3640625 0.2984375 0.325
2 0.73125 0.47109375 0.17890625 0.12265625
2 0.734375 0.41953125 0.17734375 0.13671875
2 0.78828125 0.2515625 0.0453125 0.090625
2 0.60078125 0.253125 0.22890625 0.34921875
2 0.7046875 0.4296875 0.04453125 0.0390625
2 0.75390625 0.4109375 0.075 0.06640625
2 0.55859375 0.43515625 0.11640625 0.08828125
1 0.77734375 0.52734375 0.03046875 0.04921875