8 0.20390625 0.85078125 0.25 0.2015625
7 0.41171875 0.609375 0.17734375 0.1671875
2 0.32421875 0.609375 0.05078125 0.0640625
8 0.284375 0.6734375 0.15078125 0.12578125
3 0.775 0.65078125 0.06015625 0.04296875
1 0.7515625 0.68984375 0.03828125 0.0375
7 0.13671875 0.30546875 0.1875 0.06328125
7 0.48671875 0.26328125 0.203125 0.11171875
8 0.27109375 0.25390625 0.2921875 0.1234375
7 0.55625 0.4203125 0.2953125 0.23359375
7 0.69921875 0.596875 0.11796875 0.1546875
7 0.62890625 0.59375 0.0953125 0.13828125
4 0.65390625 0.75390625 0.1875 0.1953125
7 0.32265625 0.3640625 0.23203125 0.11328125
7 0.32109375 0.2765625 0.2609375 0.12109375
7 0.30625 0.24765625 0.17578125 0.05
7 0.784375 0.4140625 0.2328125 0.2609375
7 0.6546875 0.4015625 0.25234375 0.271875
7 0.58515625 0.60703125 0.0390625 0.1546875
7 0.30703125 0.58203125 0.04140625 0.10703125
7 0.54296875 0.61171875 0.0890625 0.1921875
7 0.459375 0.621875 0.18046875 0.190625
7 0.215625 0.55 0.1578125 0.12890625
8 0.021875 0.3265625 0.04296875 0.146875
8 0.15 0.40546875 0.3 0.18671875
7 0.409375 0.51640625 0.359375 0.065625
7 0.40703125 0.465625 0.34765625 0.11171875
2 0.4203125 0.87890625 0.1921875 0.09453125
2 0.38828125 0.41953125 0.15234375 0.0703125
8 0.15078125 0.6375 0.3015625 0.3546875
8 0.08359375 0.8921875 0.1671875 0.215625
4 0.64765625 0.71640625 0.11015625 0.05546875
6 0.39140625 0.990625 0.17109375 0.01796875
1 0.81328125 0.37421875 0.0609375 0.05703125
1 0.86328125 0.484375 0.0546875 0.0546875