1 0.55703125 0.79140625 0.184375 0.159375
2 0.64921875 0.65625 0.390625 0.3328125
2 0.79921875 0.44453125 0.3859375 0.36171875
2 0.628125 0.53046875 0.04921875 0.04375
2 0.32734375 0.25625 0.1171875 0.0765625
3 0.3046875 0.30703125 0.0671875 0.04765625
2 0.35859375 0.28984375 0.06015625 0.040625
2 0.29765625 0.478125 0.33203125 0.28828125
2 0.23984375 0.29609375 0.0671875 0.14296875
2 0.2859375 0.34375 0.08671875 0.05703125
2 0.6015625 0.33984375 0.090625 0.11015625
2 0.4296875 0.24140625 0.1375 0.103125
3 0.359375 0.31796875 0.0703125 0.07890625
2 0.4375 0.3078125 0.12265625 0.1671875
2 0.46171875 0.31328125 0.071875 0.08828125
2 0.56484375 0.56171875 0.21953125 0.1171875
2 0.53828125 0.3828125 0.23984375 0.309375
2 0.5171875 0.29296875 0.03984375 0.0234375
2 0.196875 0.33671875 0.03203125 0.0578125