1 0.78046875 0.28046875 0.03671875 0.04296875
8 0.6875 0.01484375 0.059375 0.0296875
6 0.3875 0.725 0.2671875 0.33046875
6 0.79453125 0.16171875 0.0953125 0.1078125
6 0.72109375 0.1234375 0.1234375 0.1828125
8 0.64765625 0.4296875 0.32578125 0.50703125
6 0.63984375 0.4296875 0.2703125 0.16015625
1 0.7515625 0.2359375 0.025 0.04296875
1 0.7890625 0.24140625 0.03515625 0.0390625
1 0.8625 0.07734375 0.0328125 0.0453125
8 0.81484375 0.05546875 0.17734375 0.11015625
6 0.6359375 0.25859375 0.1046875 0.11328125