1 0.484375 0.2625 0.0484375 0.05
1 0.18828125 0.58203125 0.09609375 0.075
1 0.7078125 0.6390625 0.12421875 0.084375
1 0.7375 0.9484375 0.078125 0.103125
1 0.8234375 0.503125 0.10234375 0.0578125
1 0.6734375 0.52734375 0.0921875 0.07265625
1 0.71875 0.5125 0.0921875 0.0640625
1 0.77578125 0.375 0.09375 0.05234375
1 0.64765625 0.42734375 0.04609375 0.05078125
7 0.46875 0.46015625 0.3171875 0.2859375
1 0.60078125 0.32265625 0.04296875 0.021875
6 0.53203125 0.35859375 0.13125 0.08046875
1 0.51015625 0.4296875 0.1109375 0.0671875