1 0.29453125 0.853125 0.06328125 0.05859375
8 0.07265625 0.446875 0.06015625 0.10234375
2 0.05 0.55390625 0.09921875 0.1921875
8 0.18515625 0.4578125 0.1328125 0.134375
8 0.52890625 0.30234375 0.175 0.13359375
8 0.2984375 0.31640625 0.23359375 0.2546875
6 0.35 0.4015625 0.08515625 0.0515625
8 0.465625 0.48515625 0.14921875 0.303125
8 0.34140625 0.58359375 0.2109375 0.4140625
2 0.1234375 0.815625 0.08515625 0.103125
8 0.1328125 0.69140625 0.2484375 0.41953125
8 0.81640625 0.49375 0.046875 0.071875
7 0.871875 0.28203125 0.2421875 0.3
8 0.56484375 0.40703125 0.0796875 0.24296875
8 0.6875 0.41328125 0.22109375 0.446875
8 0.9171875 0.4328125 0.16484375 0.421875
8 0.55234375 0.6609375 0.175 0.36171875
8 0.875 0.62109375 0.21484375 0.3078125
8 0.69921875 0.75390625 0.153125 0.40078125