8 0.83046875 0.66953125 0.17890625 0.26484375
2 0.6421875 0.65 0.215625 0.303125
8 0.81015625 0.534375 0.1484375 0.271875
2 0.64375 0.6390625 0.1859375 0.17421875
2 0.64453125 0.64375 0.17890625 0.1640625
2 0.64609375 0.65 0.1703125 0.15
2 0.6421875 0.59609375 0.17265625 0.25703125
8 0.6734375 0.6765625 0.10234375 0.09375
8 0.60859375 0.575 0.09375 0.1296875
6 0.62109375 0.6796875 0.16953125 0.0671875
7 0.6796875 0.6140625 0.0890625 0.03125
2 0.6921875 0.4546875 0.28046875 0.309375
2 0.68125 0.5234375 0.14296875 0.04765625
2 0.65234375 0.4921875 0.12890625 0.07734375
2 0.66640625 0.309375 0.1828125 0.34453125
1 0.771875 0.41640625 0.03828125 0.0578125
8 0.3421875 0.6015625 0.278125 0.56484375
2 0.2203125 0.44609375 0.440625 0.79453125
3 0.08828125 0.70078125 0.07890625 0.065625
2 0.1859375 0.765625 0.0234375 0.0421875
1 0.153125 0.728125 0.0546875 0.03203125
8 0.6828125 0.33828125 0.034375 0.053125