2 0.32421875 0.9453125 0.4765625 0.109375
1 0.29296875 0.97421875 0.23125 0.0515625
2 0.80625 0.596875 0.3875 0.45703125
2 0.4 0.709375 0.68828125 0.44921875
6 0.75390625 0.20703125 0.21953125 0.04609375
6 0.6296875 0.17265625 0.0625 0.05234375
6 0.709375 0.23359375 0.05859375 0.0515625
6 0.75703125 0.1734375 0.21640625 0.09296875
6 0.63828125 0.2515625 0.165625 0.1390625
8 0.296875 0.6609375 0.496875 0.4234375
6 0.80390625 0.27109375 0.21796875 0.10234375
8 0.29453125 0.55625 0.178125 0.09453125
6 0.9265625 0.2625 0.1015625 0.07265625
6 0.303125 0.59453125 0.09453125 0.046875
8 0.57734375 0.61875 0.21953125 0.22265625
1 0.3046875 0.6015625 0.05390625 0.02890625
1 0.28125 0.6234375 0.15703125 0.07109375