1 0.3734375 0.265625 0.36328125 0.19296875
2 0.65546875 0.409375 0.0484375 0.08828125
2 0.6015625 0.2609375 0.2328125 0.2546875
2 0.30703125 0.37421875 0.21953125 0.140625
2 0.38671875 0.37265625 0.0828125 0.06328125
2 0.5171875 0.334375 0.23828125 0.22578125
8 0.4171875 0.50078125 0.49609375 0.2546875
2 0.67734375 0.71171875 0.32265625 0.17421875
2 0.63203125 0.71796875 0.140625 0.0375
2 0.65078125 0.64453125 0.26875 0.12265625
2 0.72421875 0.57578125 0.25 0.1890625
3 0.778125 0.52109375 0.09140625 0.0765625
2 0.7875 0.5109375 0.09609375 0.065625
6 0.803125 0.48046875 0.09765625 0.0578125
6 0.5171875 0.3015625 0.06015625 0.021875