2 0.76953125 0.5421875 0.19453125 0.0765625
2 0.37421875 0.64765625 0.2078125 0.17109375
2 0.171875 0.45234375 0.25625 0.2375
2 0.334375 0.52578125 0.21953125 0.140625
2 0.746875 0.471875 0.278125 0.0953125
2 0.3234375 0.4734375 0.2890625 0.175
2 0.84453125 0.65078125 0.31015625 0.25
2 0.58125 0.6515625 0.35703125 0.21640625
2 0.32265625 0.44765625 0.13515625 0.03359375
2 0.471875 0.53046875 0.2984375 0.20859375
2 0.49453125 0.45859375 0.215625 0.1375
2 0.1328125 0.69140625 0.22421875 0.21875
2 0.275 0.7234375 0.315625 0.26953125
2 0.5578125 0.8453125 0.19296875 0.09765625
1 0.5578125 0.64140625 0.10390625 0.1234375
2 0.61015625 0.653125 0.2421875 0.38125
1 0.3171875 0.6875 0.08359375 0.05
1 0.209375 0.6453125 0.05 0.025
6 0.5796875 0.7078125 0.04609375 0.08046875