8 0.67734375 0.37578125 0.12578125 0.29140625
8 0.18828125 0.15625 0.23203125 0.3125
8 0.30078125 0.29453125 0.1359375 0.24296875
8 0.37265625 0.2890625 0.0921875 0.22578125
8 0.4734375 0.28828125 0.2375 0.41015625
8 0.83828125 0.23203125 0.11484375 0.10546875
2 0.7484375 0.27890625 0.1296875 0.11171875
2 0.78203125 0.3984375 0.06328125 0.046875
6 0.7578125 0.4046875 0.034375 0.0359375
8 0.56171875 0.32734375 0.14453125 0.315625
8 0.9765625 0.3796875 0.04609375 0.23515625
2 0.93203125 0.6296875 0.13515625 0.26484375
1 0.66328125 0.5484375 0.07578125 0.08828125
8 0.80859375 0.7046875 0.27578125 0.365625
8 0.8515625 0.42890625 0.29453125 0.353125
6 0.7015625 0.8546875 0.09140625 0.06953125
8 0.4921875 0.7109375 0.4 0.49296875
6 0.8609375 0.88515625 0.0421875 0.0390625
6 0.89140625 0.909375 0.0671875 0.1109375
3 0.31953125 0.8484375 0.08125 0.15234375
2 0.69609375 0.92109375 0.37265625 0.15703125
8 0.96015625 0.86796875 0.0796875 0.26328125
8 0.721875 0.5203125 0.0546875 0.0265625
6 0.80625 0.334375 0.12109375 0.1015625
7 0.6921875 0.34921875 0.1265625 0.1140625