2 0.1078125 0.54296875 0.140625 0.08515625
8 0.81015625 0.76796875 0.153125 0.16875
1 0.525 0.5890625 0.22890625 0.23515625
1 0.76875 0.678125 0.04140625 0.04453125
2 0.11875 0.59453125 0.1828125 0.19296875
2 0.1609375 0.63828125 0.24140625 0.11328125
8 0.1875 0.76015625 0.246875 0.24296875
8 0.3625 0.63984375 0.1328125 0.2046875
7 0.340625 0.621875 0.12109375 0.16875
7 0.42890625 0.80546875 0.25 0.1828125
8 0.33515625 0.74765625 0.04921875 0.04296875
8 0.4203125 0.75 0.21640625 0.15234375
2 0.16796875 0.628125 0.1109375 0.05
1 0.17109375 0.6171875 0.165625 0.08515625