8 0.49453125 0.67109375 0.6109375 0.3609375
3 0.3703125 0.8078125 0.1453125 0.065625
2 0.37421875 0.7171875 0.36953125 0.20859375
3 0.28515625 0.646875 0.07109375 0.06015625
3 0.35 0.64296875 0.0984375 0.071875
3 0.50625 0.765625 0.0796875 0.04921875
3 0.59453125 0.7390625 0.09453125 0.06796875
3 0.503125 0.6765625 0.17734375 0.1484375
8 0.51640625 0.3890625 0.63359375 0.44296875
1 0.26484375 0.42265625 0.13125 0.1234375
1 0.43359375 0.44140625 0.2375 0.1546875
6 0.31328125 0.34765625 0.13125 0.09609375
6 0.6125 0.475 0.14453125 0.1640625
3 0.72734375 0.609375 0.11953125 0.09140625