8 0.04140625 0.54921875 0.0828125 0.26015625
8 0.01015625 0.58515625 0.0203125 0.1515625
8 0.15703125 0.6 0.196875 0.34765625
8 0.3390625 0.44921875 0.18515625 0.11953125
2 0.921875 0.92578125 0.15546875 0.1140625
2 0.44765625 0.115625 0.0375 0.1421875
2 0.47421875 0.05078125 0.10078125 0.1015625
2 0.60703125 0.090625 0.2984375 0.18046875
2 0.48359375 0.22890625 0.18828125 0.1421875
2 0.534375 0.21875 0.20703125 0.228125
2 0.7328125 0.203125 0.27421875 0.40625
8 0.33671875 0.278125 0.20078125 0.2953125
1 0.159375 0.43828125 0.31875 0.0796875
8 0.2703125 0.65859375 0.27578125 0.4953125
8 0.73671875 0.16875 0.1390625 0.184375
2 0.83203125 0.1453125 0.0828125 0.290625
4 0.78984375 0.12265625 0.1609375 0.2453125
8 0.58359375 0.2875 0.13984375 0.14609375
2 0.740625 0.340625 0.25234375 0.06953125
2 0.86484375 0.3265625 0.0078125 0.04375
6 0.803125 0.27890625 0.1015625 0.096875
8 0.81953125 0.36796875 0.10390625 0.103125
10 0.83671875 0.4390625 0.19140625 0.15390625
2 0.68515625 0.45078125 0.12578125 0.2046875
8 0.77265625 0.64140625 0.34296875 0.46875
8 0.51328125 0.57578125 0.24609375 0.54296875
1 0.3921875 0.42265625 0.090625 0.03671875
1 0.51796875 0.2875 0.19296875 0.21328125
1 0.57578125 0.29921875 0.16640625 0.278125
8 0.40625 0.52890625 0.015625 0.05078125