6 0.50625 0.521875 0.684375 0.58359375
3 0.55859375 0.54921875 0.09375 0.05625
3 0.46484375 0.40546875 0.18515625 0.17578125
4 0.27109375 0.46796875 0.16484375 0.21171875
8 0.4140625 0.38984375 0.16796875 0.06171875
3 0.39453125 0.4953125 0.196875 0.1671875
3 0.5375 0.57265625 0.23046875 0.0921875
3 0.71171875 0.4203125 0.103125 0.0609375
1 0.74296875 0.50234375 0.0875 0.07421875
1 0.70390625 0.46953125 0.1015625 0.05859375
3 0.58828125 0.44140625 0.1953125 0.1703125
1 0.6890625 0.54296875 0.19453125 0.14140625
3 0.33359375 0.57421875 0.2421875 0.08515625