8 0.4859375 0.890625 0.1375 0.08359375
1 0.2765625 0.40390625 0.0390625 0.04375
1 0.71171875 0.11484375 0.0890625 0.059375
1 0.48671875 0.34140625 0.3234375 0.30546875
1 0.1234375 0.265625 0.040625 0.0421875
8 0.3625 0.13046875 0.4875 0.2609375
8 0.3890625 0.3484375 0.35234375 0.25546875
8 0.77734375 0.33828125 0.44453125 0.3921875
8 0.51328125 0.53828125 0.67890625 0.45859375
8 0.21015625 0.51640625 0.36640625 0.334375
2 0.64609375 0.29375 0.06015625 0.06796875
1 0.74140625 0.22578125 0.14140625 0.08984375
1 0.659375 0.56953125 0.059375 0.03984375
8 0.2640625 0.82734375 0.08984375 0.07734375
8 0.2484375 0.87265625 0.0546875 0.046875
8 0.3171875 0.9125 0.053125 0.08515625
8 0.4421875 0.81796875 0.42890625 0.21953125