2 0.6859375 0.5703125 0.0359375 0.1546875
2 0.6734375 0.56953125 0.04453125 0.27265625
2 0.66875 0.56796875 0.04375 0.2625
6 0.47109375 0.43359375 0.04453125 0.0359375
8 0.378125 0.48359375 0.26953125 0.1046875
2 0.66015625 0.57109375 0.05 0.24765625
5 0.6140625 0.56796875 0.04921875 0.04375
2 0.59609375 0.39296875 0.24765625 0.32265625
2 0.60078125 0.6625 0.109375 0.14375
8 0.25078125 0.59140625 0.11953125 0.07265625
2 0.58984375 0.58515625 0.053125 0.06875
2 0.27890625 0.5734375 0.06796875 0.03359375
8 0.4171875 0.54921875 0.3328125 0.196875
8 0.51640625 0.72109375 0.11015625 0.175
8 0.35625 0.6171875 0.10390625 0.0125
8 0.25859375 0.48359375 0.02734375 0.0796875
8 0.27421875 0.5328125 0.040625 0.03828125