6 0.5 0.5 1 1
3 0.63046875 0.75625 0.05234375 0.09921875
4 0.7125 0.71640625 0.13515625 0.16875
3 0.47421875 0.684375 0.23125 0.16953125
3 0.265625 0.7203125 0.16640625 0.05859375
3 0.3375 0.53671875 0.16953125 0.15234375
3 0.56484375 0.44609375 0.2046875 0.1625
3 0.51875 0.5703125 0.21015625 0.1609375
3 0.725 0.453125 0.196875 0.1625
3 0.85625 0.33359375 0.17890625 0.1296875
1 0.8421875 0.4578125 0.15703125 0.19296875
3 0.48046875 0.31171875 0.1953125 0.11796875
6 0.8984375 0.76484375 0.20234375 0.4703125
6 0.33359375 0.9046875 0.6671875 0.190625
3 0.40546875 0.9 0.125 0.0390625