6 0.36875 0.36796875 0.12890625 0.0234375
6 0.159375 0.41953125 0.04765625 0.040625
8 0.17734375 0.390625 0.04921875 0.05078125
1 0.21953125 0.7171875 0.09765625 0.04765625
6 0.1015625 0.74765625 0.140625 0.0640625
1 0.090625 0.58828125 0.009375 0.0265625
6 0.09140625 0.64453125 0.0734375 0.08515625
1 0.9265625 0.80859375 0.14609375 0.1234375
1 0.75546875 0.56640625 0.43203125 0.39453125
8 0.42734375 0.52578125 0.3765625 0.3640625
1 0.884375 0.55625 0.17265625 0.16171875
2 0.08203125 0.75234375 0.059375 0.05078125
2 0.09375 0.66484375 0.05859375 0.034375