8 0.17890625 0.5234375 0.3578125 0.4484375
6 0.053125 0.40859375 0.10625 0.1765625
0 0.05234375 0.85703125 0.1046875 0.2359375
4 0.10390625 0.62734375 0.01328125 0.0703125
2 0.4734375 0.4578125 0.5484375 0.7046875
6 0.70546875 0.6171875 0.09921875 0.1765625
1 0.4234375 0.72890625 0.07421875 0.1015625
1 0.5125 0.86171875 0.1109375 0.16875
1 0.9640625 0.8703125 0.0671875 0.10546875
1 0.7953125 0.87109375 0.321875 0.25703125
2 0.84296875 0.86796875 0.134375 0.15859375
8 0.9609375 0.94296875 0.078125 0.1140625
0 0.25390625 0.82421875 0.0453125 0.084375