8 0.54765625 0.26328125 0.434375 0.51484375
8 0.19140625 0.66796875 0.31875 0.46328125
8 0.35546875 0.4453125 0.1078125 0.21328125
8 0.48515625 0.503125 0.209375 0.2546875
8 0.52890625 0.69765625 0.17421875 0.321875
1 0.421875 0.70234375 0.04921875 0.1
8 0.80078125 0.57734375 0.36875 0.5515625
8 0.41953125 0.18984375 0.05 0.1125
2 0.8296875 0.428125 0.034375 0.03515625
1 0.18515625 0.59453125 0.16953125 0.2015625
6 0.65 0.3375 0.08046875 0.1390625
8 0.5625 0.33671875 0.12890625 0.225
8 0.48125 0.20546875 0.0796875 0.13125
8 0.6125 0.3859375 0.05625 0.153125
1 0.45234375 0.58046875 0.07109375 0.0828125