2 0.921875 0.75546875 0.15546875 0.2265625
1 0.8703125 0.69609375 0.0984375 0.246875
6 0.81171875 0.6421875 0.1671875 0.38984375
6 0.8109375 0.39453125 0.11171875 0.2328125
2 0.640625 0.82578125 0.2125 0.24296875
2 0.59453125 0.66171875 0.109375 0.26015625
2 0.71875 0.65859375 0.15703125 0.18125
2 0.590625 0.596875 0.05703125 0.06796875
2 0.7421875 0.5171875 0.15625 0.1625
2 0.65078125 0.41484375 0.2234375 0.1078125
2 0.60703125 0.4984375 0.16328125 0.25703125
8 0.678125 0.290625 0.17421875 0.23046875
2 0.41484375 0.75390625 0.2984375 0.49140625
2 0.42578125 0.58828125 0.3078125 0.14140625
2 0.43125 0.484375 0.23359375 0.2578125
6 0.4546875 0.21484375 0.3671875 0.34609375