2 0.846875 0.215625 0.0546875 0.0359375
2 0.2328125 0.25234375 0.04609375 0.04921875
8 0.17265625 0.16171875 0.0640625 0.06875
1 0.1609375 0.0328125 0.196875 0.065625
6 0.121875 0.11015625 0.22890625 0.1359375
8 0.2796875 0.11328125 0.2078125 0.2265625
8 0.38828125 0.309375 0.290625 0.19765625
8 0.13828125 0.359375 0.27578125 0.1921875
2 0.0375 0.23046875 0.07421875 0.084375
2 0.86484375 0.06328125 0.26953125 0.0984375
2 0.60859375 0.1390625 0.6828125 0.1828125
2 0.1265625 0.528125 0.253125 0.25234375
2 0.51953125 0.5421875 0.96015625 0.72890625
4 0.3671875 0.5765625 0.0796875 0.1171875
4 0.8625 0.45078125 0.1078125 0.059375
8 0.73671875 0.45703125 0.1640625 0.14609375
8 0.35546875 0.72265625 0.1375 0.18828125
8 0.46328125 0.778125 0.146875 0.0859375
6 0.7609375 0.559375 0.103125 0.0921875
6 0.75859375 0.3359375 0.42734375 0.25703125
8 0.61640625 0.5078125 0.5703125 0.49375
2 0.56484375 0.6625 0.27890625 0.13984375
6 0.2609375 0.5703125 0.2421875 0.2875
8 0.40078125 0.7796875 0.0640625 0.06796875
6 0.8046875 0.5 0.12890625 0.0515625
2 0.1625 0.825 0.325 0.32890625
2 0.14375 0.28125 0.2625 0.1921875
2 0.93203125 0.234375 0.13515625 0.19453125
2 0.8046875 0.22890625 0.146875 0.08125
2 0.67578125 0.13203125 0.18671875 0.103125
2 0.5515625 0.08984375 0.56640625 0.1796875
2 0.9171875 0.03046875 0.1640625 0.0609375
8 0.06640625 0.0546875 0.13203125 0.10859375
6 0.11953125 0.05234375 0.19921875 0.08984375
6 0.10234375 0.10625 0.2046875 0.1171875
6 0.12734375 0.18125 0.0625 0.0359375
8 0.05859375 0.1890625 0.1171875 0.05
8 0.4578125 0.5796875 0.1140625 0.08828125