2 0.2234375 0.46875 0.30625 0.47578125
2 0.225 0.16640625 0.2140625 0.1640625
2 0.109375 0.4703125 0.03984375 0.0265625
2 0.18046875 0.3421875 0.26015625 0.4109375
2 0.159375 0.27890625 0.2359375 0.31796875
2 0.32421875 0.3671875 0.06796875 0.3796875
8 0.825 0.47578125 0.27109375 0.4328125
8 0.67109375 0.6109375 0.21640625 0.3546875
2 0.62734375 0.41796875 0.125 0.246875
6 0.659375 0.440625 0.11015625 0.203125
8 0.6796875 0.44296875 0.07578125 0.09140625
1 0.62734375 0.49140625 0.03125 0.10234375
8 0.6859375 0.44296875 0.04140625 0.07109375
3 0.65625 0.4984375 0.08359375 0.08671875
8 0.75625 0.4609375 0.01484375 0.04453125
6 0.73671875 0.47734375 0.053125 0.05390625
6 0.71328125 0.4953125 0.04609375 0.04296875
1 0.74609375 0.45703125 0.01953125 0.075
8 0.7390625 0.53046875 0.084375 0.05625
1 0.68125 0.39921875 0.146875 0.153125