7 0.3765625 0.1578125 0.1546875 0.1265625
7 0.43359375 0.08203125 0.1234375 0.0640625
7 0.415625 0.06875 0.0984375 0.0171875
7 0.42109375 0.08828125 0.125 0.04765625
7 0.4 0.08828125 0.121875 0.04609375
7 0.3953125 0.1015625 0.11875 0.034375
7 0.46015625 0.153125 0.0296875 0.10625
7 0.4953125 0.18515625 0.08515625 0.06015625
7 0.51796875 0.18125 0.090625 0.0453125
7 0.55390625 0.21640625 0.1390625 0.07890625
1 0.5390625 0.21640625 0.11328125 0.07890625
7 0.56953125 0.21953125 0.153125 0.07890625
1 0.56484375 0.21875 0.14296875 0.07421875
1 0.57890625 0.2265625 0.1546875 0.07265625
1 0.5859375 0.234375 0.15546875 0.07578125
1 0.6 0.24140625 0.153125 0.07734375
7 0.6125 0.25 0.15859375 0.0828125
7 0.61484375 0.2578125 0.14453125 0.0859375
7 0.6265625 0.296875 0.04921875 0.13125
1 0.65234375 0.29140625 0.14765625 0.12421875
7 0.6796875 0.178125 0.1578125 0.0234375
7 0.7015625 0.18984375 0.13671875 0.03359375
7 0.79921875 0.24375 0.20390625 0.07578125
7 0.7875 0.21875 0.20234375 0.04921875
7 0.6890625 0.2140625 0.03125 0.0375
7 0.82734375 0.26171875 0.0765625 0.02734375
7 0.70703125 0.3328125 0.171875 0.1796875
7 0.75078125 0.3609375 0.20859375 0.184375
7 0.80078125 0.33828125 0.15234375 0.03828125
7 0.7984375 0.3953125 0.2328125 0.11875
7 0.80390625 0.41171875 0.19921875 0.1078125
7 0.8390625 0.29453125 0.0890625 0.0515625
7 0.8328125 0.42265625 0.20703125 0.1015625
7 0.825 0.48828125 0.22890625 0.0796875
7 0.8 0.509375 0.26640625 0.11796875
7 0.796875 0.59140625 0.30078125 0.17109375
7 0.3703125 0.24921875 0.19921875 0.06640625
7 0.33515625 0.28046875 0.14765625 0.1015625
7 0.3984375 0.29921875 0.26953125 0.0875
7 0.509375 0.3625 0.0578125 0.025
7 0.42890625 0.3328125 0.1953125 0.0453125
7 0.3953125 0.36953125 0.2546875 0.16875
7 0.44375 0.40546875 0.315625 0.15546875
1 0.38515625 0.2859375 0.2328125 0.05546875
7 0.44453125 0.44921875 0.3515625 0.20078125
7 0.4265625 0.51328125 0.234375 0.18671875
1 0.42578125 0.540625 0.23671875 0.1515625
1 0.56875 0.33515625 0.08984375 0.05
1 0.58515625 0.36328125 0.10703125 0.021875
7 0.58984375 0.384375 0.10546875 0.02734375
7 0.58828125 0.53046875 0.15 0.0734375
7 0.5796875 0.628125 0.209375 0.13671875
1 0.56328125 0.59296875 0.17265625 0.05703125
7 0.5625 0.7703125 0.2765625 0.21328125
7 0.7703125 0.7328125 0.17578125 0.1296875
1 0.7703125 0.7 0.175 0.06640625
7 0.20234375 0.30078125 0.12890625 0.0703125
7 0.1921875 0.31484375 0.10859375 0.03984375
7 0.1828125 0.328125 0.1015625 0.0140625
7 0.165625 0.33984375 0.20390625 0.0171875
7 0.15 0.4203125 0.184375 0.125
7 0.16171875 0.403125 0.253125 0.12734375
7 0.12265625 0.50234375 0.21953125 0.21015625
7 0.11953125 0.45390625 0.203125 0.14453125
7 0.06171875 0.6796875 0.1234375 0.1828125
7 0.1921875 0.7390625 0.1875 0.09609375
7 0.1828125 0.653125 0.11875 0.109375
7 0.34453125 0.66796875 0.2234375 0.1640625
1 0.34453125 0.6921875 0.22265625 0.10390625
1 0.3375 0.6453125 0.2109375 0.10390625
7 0.2453125 0.51015625 0.06015625 0.0625
7 0.28359375 0.55703125 0.06875 0.09140625
1 0.28046875 0.546875 0.0609375 0.06875
7 0.91640625 0.60078125 0.13515625 0.1578125