10 0.74765625 0.37265625 0.3015625 0.221875
9 0.51796875 0.70234375 0.140625 0.26953125
9 0.3109375 0.69765625 0.30625 0.12734375
9 0.540625 0.51953125 0.21484375 0.19296875
9 0.309375 0.6296875 0.2890625 0.11796875
9 0.4140625 0.42890625 0.1859375 0.13359375
9 0.284375 0.49140625 0.1109375 0.20078125
6 0.809375 0.5765625 0.38046875 0.24609375
9 0.15 0.58046875 0.03359375 0.1953125
6 0.07109375 0.59375 0.1421875 0.34453125
2 0.55546875 0.23125 0.4046875 0.15078125
2 0.79921875 0.22265625 0.40078125 0.4453125
2 0.91953125 0.228125 0.159375 0.146875
2 0.90390625 0.1109375 0.19140625 0.22109375
9 0.72578125 0.74765625 0.153125 0.27578125