8 0.7140625 0.81171875 0.0703125 0.11796875
8 0.30234375 0.1984375 0.31328125 0.3953125
2 0.52890625 0.5265625 0.596875 0.8515625
2 0.51484375 0.6234375 0.2015625 0.47421875
2 0.65703125 0.503125 0.084375 0.1
2 0.609375 0.50078125 0.075 0.13125
2 0.45546875 0.7671875 0.0234375 0.08203125
2 0.49765625 0.7671875 0.075 0.08125
3 0.51171875 0.421875 0.1234375 0.06953125
3 0.46484375 0.4921875 0.06875 0.16015625
3 0.453125 0.46015625 0.1171875 0.159375
3 0.5046875 0.70546875 0.115625 0.10625
3 0.4640625 0.64140625 0.06953125 0.22421875
3 0.61953125 0.596875 0.04765625 0.16796875
3 0.50859375 0.52109375 0.0203125 0.05625
3 0.57578125 0.740625 0.10078125 0.12109375
1 0.2265625 0.659375 0.11796875 0.20859375
3 0.5640625 0.51015625 0.10703125 0.1359375
3 0.534375 0.61875 0.17109375 0.13828125
2 0.646875 0.7640625 0.11875 0.4296875