8 0.12734375 0.34609375 0.2125 0.33359375
1 0.20546875 0.4046875 0.246875 0.25703125
8 0.8375 0.25078125 0.22421875 0.153125
8 0.78828125 0.33203125 0.1390625 0.2125
8 0.62421875 0.36171875 0.31640625 0.5828125
8 0.25546875 0.44453125 0.209375 0.2484375
8 0.6921875 0.67265625 0.11640625 0.20078125
8 0.57578125 0.703125 0.09921875 0.1171875
8 0.40078125 0.38515625 0.11328125 0.128125
8 0.24375 0.61875 0.20078125 0.45390625
2 0.50546875 0.384375 0.16484375 0.09375
8 0.471875 0.571875 0.334375 0.4421875
8 0.559375 0.79375 0.12265625 0.1578125
1 0.553125 0.85 0.06640625 0.12734375
8 0.81953125 0.09140625 0.20078125 0.18203125
2 0.69765625 0.1328125 0.0609375 0.13359375
8 0.74921875 0.43515625 0.04375 0.096875
2 0.7359375 0.14453125 0.12421875 0.190625
8 0.30859375 0.80390625 0.2796875 0.36640625
6 0.525 0.41171875 0.15 0.0953125
1 0.52109375 0.434375 0.128125 0.0546875
2 0.52421875 0.49921875 0.11171875 0.078125
6 0.55625 0.51171875 0.1421875 0.11875
6 0.446875 0.44609375 0.08125 0.1875
2 0.3234375 0.4640625 0.05078125 0.08828125
8 0.3125 0.64140625 0.05 0.0453125