2 0.8046875 0.35390625 0.07109375 0.08828125
2 0.49140625 0.6109375 0.6 0.51328125
2 0.36640625 0.25390625 0.11953125 0.0375
2 0.4203125 0.215625 0.171875 0.10078125
2 0.428125 0.37109375 0.40078125 0.190625
2 0.446875 0.32890625 0.346875 0.15546875
2 0.28046875 0.44921875 0.084375 0.06328125
2 0.28125 0.4875 0.06875 0.03203125
2 0.3421875 0.4765625 0.0515625 0.10546875
2 0.353125 0.40546875 0.0546875 0.06171875
8 0.3203125 0.50859375 0.06015625 0.05
2 0.52421875 0.33828125 0.09296875 0.0609375
2 0.64375 0.42109375 0.27109375 0.2265625
2 0.4203125 0.46640625 0.14140625 0.19765625
2 0.51015625 0.4515625 0.1703125 0.275
2 0.51640625 0.55 0.065625 0.084375