7 0.68359375 0.51953125 0.63203125 0.32421875
8 0.59375 0.54921875 0.446875 0.259375
2 0.68125 0.4609375 0.07890625 0.0984375
8 0.25 0.5703125 0.2390625 0.16953125
1 0.2796875 0.553125 0.13203125 0.04609375
2 0.2953125 0.34921875 0.43984375 0.0546875
1 0.5359375 0.48359375 0.15390625 0.0375
0 0.58671875 0.51171875 0.2453125 0.09140625
2 0.065625 0.9203125 0.13125 0.14375
8 0.9328125 0.79296875 0.1328125 0.4140625
7 0.95078125 0.10703125 0.0984375 0.13515625
7 0.11015625 0.66171875 0.03671875 0.14375
1 0.384375 0.971875 0.1734375 0.05625