8 0.15 0.40234375 0.1828125 0.0484375
7 0.6296875 0.346875 0.225 0.09140625
8 0.80234375 0.41484375 0.21953125 0.23125
6 0.62265625 0.28984375 0.11640625 0.1140625
6 0.79453125 0.503125 0.13359375 0.0515625
6 0.80078125 0.471875 0.17109375 0.0421875
6 0.79140625 0.45546875 0.1515625 0.04921875
6 0.84140625 0.403125 0.115625 0.078125
6 0.775 0.4140625 0.046875 0.0453125
6 0.725 0.42265625 0.0546875 0.04609375
6 0.74375 0.44453125 0.02890625 0.0515625
6 0.76484375 0.3890625 0.06171875 0.034375
8 0.38125 0.3453125 0.15546875 0.09453125
6 0.76796875 0.35546875 0.0859375 0.04921875
8 0.3015625 0.540625 0.21484375 0.15546875
8 0.5421875 0.4734375 0.3609375 0.278125
8 0.171875 0.44140625 0.209375 0.15390625
8 0.3046875 0.44296875 0.1359375 0.109375
8 0.11015625 0.534375 0.2203125 0.165625
8 0.4015625 0.66640625 0.275 0.209375
6 0.41640625 0.64375 0.05859375 0.0359375
6 0.50078125 0.72421875 0.0984375 0.06875
2 0.9546875 0.05234375 0.0875 0.1046875
2 0.878125 0.0671875 0.06640625 0.07734375
2 0.8828125 0.04375 0.06484375 0.059375
2 0.990625 0.0375 0.01796875 0.04140625
2 0.98515625 0.0875 0.02890625 0.0625