8 0.76484375 0.22109375 0.040625 0.05234375
8 0.97109375 0.34765625 0.05703125 0.17421875
8 0.93828125 0.26953125 0.10390625 0.11796875
10 0.8703125 0.228125 0.03828125 0.06015625
8 0.7109375 0.22421875 0.1296875 0.1515625
8 0.7 0.5796875 0.1390625 0.16875
8 0.771875 0.325 0.240625 0.30859375
8 0.8921875 0.446875 0.1171875 0.2984375
8 0.734375 0.18515625 0.02109375 0.05
8 0.61640625 0.3234375 0.19296875 0.24140625
2 0.7640625 0.48203125 0.19296875 0.246875
2 0.73671875 0.3375 0.04296875 0.090625
2 0.81796875 0.3828125 0.10859375 0.12265625
2 0.85234375 0.40625 0.06328125 0.07734375
2 0.73984375 0.40859375 0.07578125 0.0484375
6 0.76953125 0.68125 0.15546875 0.165625
2 0.3671875 0.42734375 0.1875 0.190625
2 0.43125 0.28515625 0.04140625 0.04765625
2 0.365625 0.30078125 0.09140625 0.16796875
2 0.425 0.32421875 0.05 0.078125
2 0.33828125 0.33671875 0.06015625 0.13046875
2 0.40390625 0.36640625 0.08984375 0.0703125
2 0.34609375 0.3875 0.02578125 0.04765625
2 0.31796875 0.3796875 0.0546875 0.0828125
8 0.609375 0.64453125 0.1578125 0.20703125
2 0.346875 0.55078125 0.05546875 0.0625
2 0.48828125 0.53984375 0.25703125 0.33984375
2 0.440625 0.46484375 0.10546875 0.08828125
1 0.5078125 0.48984375 0.05 0.05078125
2 0.553125 0.51640625 0.05703125 0.01171875
7 0.48203125 0.7953125 0.1109375 0.2734375
2 0.38671875 0.73671875 0.290625 0.36953125