2 0.5 0.5 1 1
2 0.3296875 0.6203125 0.39296875 0.378125
2 0.5046875 0.3828125 0.0765625 0.13984375
2 0.54921875 0.3921875 0.053125 0.12734375
2 0.48359375 0.46875 0.203125 0.1609375
2 0.4640625 0.36484375 0.10390625 0.12265625
2 0.3671875 0.41015625 0.04296875 0.0359375
2 0.18359375 0.61171875 0.22421875 0.2125
2 0.590625 0.7265625 0.140625 0.221875
2 0.65390625 0.725 0.09453125 0.06640625
2 0.49296875 0.60390625 0.09921875 0.246875
8 0.7734375 0.35703125 0.453125 0.57734375
3 0.61953125 0.61796875 0.22265625 0.18203125
3 0.56953125 0.553125 0.15390625 0.1484375
8 0.7046875 0.35078125 0.2734375 0.26015625
8 0.75625 0.43671875 0.2609375 0.1796875
8 0.78203125 0.334375 0.09453125 0.0609375
2 0.553125 0.78046875 0.17421875 0.16171875