2 0.74375 0.35546875 0.15546875 0.3078125
2 0.52109375 0.6609375 0.5359375 0.45390625
2 0.2640625 0.7296875 0.1171875 0.20546875
2 0.521875 0.65 0.49375 0.265625
2 0.4828125 0.75546875 0.29453125 0.19375
1 0.59921875 0.70234375 0.02578125 0.0828125
1 0.7015625 0.7265625 0.1078125 0.2453125
2 0.50859375 0.53046875 0.4359375 0.4359375
2 0.57734375 0.4828125 0.45234375 0.36640625
2 0.43671875 0.46484375 0.12578125 0.1046875
2 0.54375 0.4140625 0.29296875 0.1671875
2 0.571875 0.41171875 0.3296875 0.225
2 0.371875 0.3765625 0.2265625 0.22421875