2 0.80390625 0.38125 0.03359375 0.084375
2 0.9328125 0.2453125 0.134375 0.0515625
2 0.925 0.28359375 0.03515625 0.059375
2 0.90390625 0.30703125 0.19140625 0.1171875
2 0.9015625 0.44296875 0.19609375 0.196875
2 0.6984375 0.76171875 0.603125 0.21640625
2 0.61015625 0.7453125 0.7796875 0.21875
2 0.61640625 0.71796875 0.76640625 0.25078125
2 0.715625 0.328125 0.22421875 0.1890625
2 0.72890625 0.3640625 0.1203125 0.1171875
2 0.684375 0.3796875 0.18828125 0.08046875
2 0.6015625 0.309375 0.25390625 0.1328125
2 0.6234375 0.48359375 0.39921875 0.34765625
1 0.67421875 0.4109375 0.11171875 0.0203125
1 0.6421875 0.62890625 0.04375 0.0421875
2 0.31875 0.5625 0.6375 0.48984375
2 0.371875 0.3953125 0.07265625 0.07109375
2 0.353125 0.43828125 0.0375 0.0296875
1 0.17421875 0.346875 0.33046875 0.0640625
1 0.46328125 0.45625 0.053125 0.0578125
1 0.51875 0.7328125 0.040625 0.0546875