1 0.81015625 0.9109375 0.1078125 0.178125
8 0.12265625 0.51640625 0.24453125 0.42890625
2 0.81796875 0.67578125 0.09296875 0.0765625
8 0.38046875 0.52578125 0.06484375 0.02890625
6 0.2859375 0.48671875 0.32109375 0.140625
6 0.49765625 0.4828125 0.184375 0.17109375
6 0.26640625 0.628125 0.2546875 0.2265625
4 0.3640625 0.68671875 0.1234375 0.13046875
6 0.65 0.49765625 0.175 0.06015625
8 0.6109375 0.678125 0.45703125 0.26484375
6 0.73203125 0.57734375 0.42421875 0.15859375
6 0.7140625 0.6671875 0.1078125 0.0953125
6 0.75390625 0.75234375 0.11640625 0.125
5 0.425 0.73359375 0.09375 0.05859375
6 0.4796875 0.5921875 0.17578125 0.15625
1 0.37734375 0.5234375 0.0453125 0.028125
3 0.425 0.6640625 0.03671875 0.0328125
6 0.48203125 0.7546875 0.10625 0.04921875
6 0.87890625 0.83125 0.1 0.08046875
2 0.965625 0.82265625 0.06796875 0.0265625
2 0.965625 0.790625 0.0671875 0.04375
2 0.96640625 0.690625 0.06640625 0.1078125
2 0.96640625 0.75390625 0.0671875 0.0484375
2 0.965625 0.884375 0.0671875 0.12578125
6 0.8703125 0.91171875 0.0453125 0.07109375
2 0.890625 0.98984375 0.05625 0.0203125
8 0.95703125 0.959375 0.08515625 0.08046875
1 0.83046875 0.9921875 0.0859375 0.01484375
1 0.35234375 0.9046875 0.7046875 0.18984375
8 0.4109375 0.54375 0.08671875 0.0359375