2 0.20234375 0.9671875 0.07734375 0.06484375
6 0.28671875 0.95234375 0.14140625 0.09453125
2 0.63203125 0.990625 0.128125 0.01875
8 0.79609375 0.99296875 0.059375 0.01328125
6 0.99453125 0.71171875 0.0109375 0.08046875
6 0.93515625 0.73203125 0.128125 0.13671875
6 0.99453125 0.796875 0.009375 0.03515625
2 0.9 0.8140625 0.14765625 0.0875
1 0.8078125 0.7140625 0.0390625 0.00625
6 0.6046875 0.72578125 0.0671875 0.040625
6 0.75625 0.74765625 0.25 0.06328125
6 0.79140625 0.878125 0.165625 0.1234375
6 0.76640625 0.7984375 0.19921875 0.04296875
8 0.5125 0.34765625 0.23671875 0.14453125
2 0.16171875 0.43046875 0.1765625 0.059375
2 0.2328125 0.5625 0.0390625 0.01796875
8 0.2546875 0.59453125 0.08828125 0.05390625
8 0.1203125 0.52109375 0.2109375 0.10703125
8 0.01015625 0.5484375 0.0203125 0.05546875
8 0.13671875 0.62265625 0.2734375 0.16953125
2 0.1984375 0.6578125 0.17890625 0.0859375
2 0.43125 0.68359375 0.17265625 0.16640625
6 0.87890625 0.5984375 0.146875 0.07578125
6 0.815625 0.60859375 0.12265625 0.0671875
2 0.76796875 0.63046875 0.1078125 0.071875
8 0.7984375 0.6546875 0.05 0.03046875
1 0.65 0.41640625 0.0421875 0.01171875
1 0.61328125 0.4296875 0.034375 0.015625
2 0.53359375 0.44296875 0.103125 0.0421875
1 0.81328125 0.5 0.01640625 0.0140625
1 0.75625 0.4875 0.04140625 0.015625
2 0.646875 0.46015625 0.15703125 0.07890625
6 0.26796875 0.53984375 0.0359375 0.03046875
8 0.36171875 0.42578125 0.065625 0.02734375
8 0.0984375 0.81953125 0.196875 0.23828125
8 0.51875 0.578125 0.5703125 0.30390625
2 0.26015625 0.68125 0.2265625 0.13046875
2 0.05078125 0.73984375 0.071875 0.0296875
2 0.07578125 0.77578125 0.09765625 0.07734375
2 0.021875 0.7546875 0.04375 0.0921875
8 0.403125 0.82421875 0.06484375 0.0609375
2 0.2609375 0.78125 0.3640625 0.2296875
6 0.26796875 0.51640625 0.0390625 0.02734375
1 0.35625 0.46328125 0.0953125 0.03203125