1 0.20546875 0.59140625 0.2140625 0.1296875
6 0.4484375 0.6390625 0.45625 0.3640625
1 0.49609375 0.328125 0.06796875 0.04609375
1 0.4140625 0.35234375 0.04375 0.090625
1 0.63046875 0.428125 0.06640625 0.209375
1 0.62578125 0.465625 0.0765625 0.16953125
1 0.45390625 0.34375 0.0484375 0.06015625
1 0.371875 0.35546875 0.065625 0.084375
1 0.26640625 0.4546875 0.0828125 0.2171875
1 0.28515625 0.44609375 0.09453125 0.24453125
1 0.484375 0.4625 0.159375 0.23046875
1 0.3 0.39453125 0.153125 0.36171875
1 0.37265625 0.446875 0.11015625 0.2609375
1 0.56875 0.484375 0.09609375 0.16953125
1 0.4921875 0.496875 0.0828125 0.159375