2 0.54140625 0.76640625 0.3875 0.190625
2 0.58828125 0.73671875 0.3453125 0.20078125
2 0.60078125 0.69609375 0.34609375 0.23046875
2 0.56171875 0.65625 0.2734375 0.19921875
2 0.3203125 0.23125 0.0234375 0.04921875
2 0.32265625 0.67109375 0.2171875 0.240625
2 0.2984375 0.53671875 0.1921875 0.25546875
2 0.275 0.44140625 0.10859375 0.1125
2 0.3203125 0.25703125 0.01328125 0.02109375
2 0.35625 0.1171875 0.14375 0.19375
6 0.80625 0.46171875 0.0515625 0.0734375
8 0.88671875 0.359375 0.178125 0.30859375
8 0.76953125 0.28046875 0.15859375 0.3
2 0.7265625 0.48203125 0.1296875 0.284375
2 0.64375 0.1796875 0.11171875 0.27109375
2 0.615625 0.18515625 0.10703125 0.26171875
2 0.5828125 0.178125 0.12109375 0.2421875
2 0.6859375 0.28359375 0.05234375 0.115625
2 0.65625 0.4421875 0.109375 0.25
2 0.49140625 0.43828125 0.38203125 0.45546875
2 0.44375 0.1828125 0.2484375 0.28359375
2 0.52421875 0.36796875 0.2484375 0.3296875
1 0.565625 0.3171875 0.0359375 0.03671875
1 0.75078125 0.48359375 0.021875 0.0375