2 0.21171875 0.5578125 0.4234375 0.684375
2 0.94921875 0.74140625 0.1 0.16796875
2 0.04140625 0.39609375 0.0828125 0.07421875
2 0.053125 0.40546875 0.06796875 0.0546875
2 0.075 0.39375 0.1046875 0.084375
2 0.11640625 0.403125 0.071875 0.0703125
2 0.63671875 0.75078125 0.5390625 0.18984375
2 0.6578125 0.6 0.56484375 0.35703125
2 0.64921875 0.40703125 0.54140625 0.31015625
2 0.821875 0.384375 0.3234375 0.18984375
2 0.68671875 0.41640625 0.41015625 0.19296875
2 0.7109375 0.49921875 0.4265625 0.17421875
2 0.740625 0.48046875 0.33828125 0.09921875
2 0.559375 0.484375 0.125 0.02890625
2 0.7703125 0.509375 0.20234375 0.0453125
2 0.6140625 0.51640625 0.178125 0.04375
2 0.665625 0.5515625 0.08125 0.04140625
2 0.65078125 0.58125 0.10703125 0.0328125
2 0.79921875 0.55703125 0.265625 0.1015625
2 0.4953125 0.54921875 0.20625 0.08125
1 0.1421875 0.459375 0.284375 0.06640625