3 0.48828125 0.4015625 0.04296875 0.01875
1 0.55703125 0.28828125 0.18203125 0.2328125
6 0.58359375 0.19296875 0.14609375 0.1125
8 0.18203125 0.2640625 0.14296875 0.09609375
1 0.4296875 0.28984375 0.128125 0.18046875
1 0.23671875 0.46953125 0.0875 0.09921875
1 0.76484375 0.48359375 0.17734375 0.1703125
6 0.2296875 0.34140625 0.1484375 0.171875
6 0.603125 0.6609375 0.2453125 0.25625
4 0.753125 0.56953125 0.2234375 0.23046875
4 0.55625 0.47578125 0.25625 0.18046875
6 0.34375 0.41953125 0.215625 0.29296875
6 0.2625 0.675 0.178125 0.2921875
1 0.32265625 0.3078125 0.04140625 0.19921875
8 0.790625 0.9546875 0.075 0.08984375