5 0.89140625 0.21796875 0.16953125 0.20703125
5 0.89609375 0.30625 0.20703125 0.37421875
5 0.90234375 0.4453125 0.19453125 0.5453125
5 0.23203125 0.0859375 0.0515625 0.07265625
5 0.18203125 0.09140625 0.05625 0.0859375
5 0.12734375 0.2375 0.13203125 0.39140625
5 0.09453125 0.30703125 0.1890625 0.5421875
5 0.4 0.271875 0.16875 0.34375
5 0.38359375 0.3921875 0.2109375 0.56796875
5 0.0765625 0.675 0.153125 0.4875
5 0.290625 0.5171875 0.36015625 0.7921875
5 0.5828125 0.31015625 0.2078125 0.39765625
5 0.6125 0.4 0.26953125 0.55625
5 0.88671875 0.6796875 0.2265625 0.50390625
5 0.6671875 0.53203125 0.38125 0.78046875