2 0.540625 0.190625 0.22109375 0.18828125
2 0.45625 0.12890625 0.146875 0.2578125
4 0.50078125 0.25859375 0.25 0.096875
4 0.47890625 0.3578125 0.22109375 0.13125
4 0.43359375 0.4875 0.1484375 0.20390625
4 0.49453125 0.7375 0.19453125 0.41640625
4 0.62421875 0.3609375 0.15703125 0.18828125
4 0.5203125 0.41953125 0.2828125 0.39765625
4 0.4140625 0.63046875 0.13046875 0.1578125
4 0.36796875 0.84296875 0.08984375 0.28671875
4 0.5 0.8328125 0.23671875 0.33359375
6 0.36328125 0.875 0.0796875 0.1875
1 0.3640625 0.95234375 0.0765625 0.09453125
6 0.1 0.8609375 0.2 0.278125
0 0.15234375 0.37265625 0.3046875 0.7453125