8 0.71796875 0.51015625 0.12109375 0.29296875
2 0.4578125 0.74296875 0.49296875 0.15625
8 0.82890625 0.55703125 0.16484375 0.365625
2 0.64296875 0.37890625 0.02890625 0.0453125
2 0.40078125 0.73046875 0.22109375 0.19375
2 0.61171875 0.56953125 0.23828125 0.42578125
2 0.4265625 0.63203125 0.19296875 0.2328125
2 0.59921875 0.4703125 0.13671875 0.084375
6 0.61796875 0.47421875 0.075 0.07421875
2 0.56015625 0.48359375 0.05 0.02109375
8 0.4640625 0.4671875 0.06484375 0.10625
8 0.36953125 0.3015625 0.1421875 0.11796875
8 0.3109375 0.4796875 0.303125 0.353125
8 0.81328125 0.39453125 0.0703125 0.05234375
2 0.43515625 0.58203125 0.13828125 0.17578125