1 0.2953125 0.27734375 0.08984375 0.11640625
2 0.4015625 0.22109375 0.046875 0.06875
8 0.87109375 0.36015625 0.12734375 0.13828125
1 0.3859375 0.2984375 0.11875 0.17109375
1 0.2890625 0.478125 0.1234375 0.36953125
8 0.53203125 0.4 0.140625 0.25625
2 0.4078125 0.6109375 0.31328125 0.45625
2 0.29453125 0.5296875 0.03671875 0.09296875
2 0.3109375 0.5390625 0.03828125 0.08671875
2 0.3390625 0.4375 0.1359375 0.3265625
2 0.38046875 0.4703125 0.1203125 0.28359375
2 0.63203125 0.43671875 0.06875 0.06171875
2 0.41484375 0.46953125 0.13046875 0.2109375
2 0.428125 0.43984375 0.0578125 0.11171875
8 0.74296875 0.4859375 0.20703125 0.34609375
8 0.85078125 0.57734375 0.21484375 0.35078125
8 0.88046875 0.80078125 0.21796875 0.284375
2 0.425 0.5109375 0.1046875 0.20078125
2 0.459375 0.48515625 0.09609375 0.18359375
2 0.4796875 0.46875 0.06796875 0.1296875
1 0.4625 0.53125 0.16171875 0.246875
1 0.34453125 0.70625 0.03046875 0.0515625
1 0.37109375 0.79609375 0.0265625 0.03671875