8 0.7328125 0.54921875 0.2671875 0.24609375
7 0.74296875 0.4578125 0.159375 0.05078125
8 0.3171875 0.27578125 0.115625 0.128125
8 0.2203125 0.55 0.15546875 0.19140625
8 0.246875 0.39609375 0.1453125 0.13515625
8 0.2953125 0.35 0.04140625 0.03671875
8 0.36796875 0.42421875 0.20625 0.196875
8 0.36640625 0.603125 0.20234375 0.21796875
7 0.70625 0.35 0.30625 0.18984375
2 0.52265625 0.49296875 0.053125 0.0359375
8 0.603125 0.62109375 0.2734375 0.27265625
8 0.36640625 0.7234375 0.253125 0.26953125
8 0.59453125 0.7765625 0.259375 0.3375
1 0.48828125 0.83203125 0.03671875 0.03359375
1 0.5 0.80078125 0.03984375 0.03515625
8 0.509375 0.78046875 0.0734375 0.04765625