8 0.30703125 0.32265625 0.340625 0.30390625
8 0.46328125 0.6046875 0.03828125 0.07265625
8 0.47890625 0.496875 0.1296875 0.17265625
8 0.3984375 0.66328125 0.12890625 0.071875
8 0.40078125 0.56328125 0.09453125 0.15
8 0.68359375 0.7125 0.12734375 0.08515625
8 0.8125 0.79453125 0.19921875 0.08515625
8 0.8203125 0.7015625 0.228125 0.12265625
8 0.59609375 0.290625 0.2859375 0.24453125
8 0.6875 0.434375 0.33515625 0.32578125
8 0.67578125 0.58203125 0.40546875 0.19296875
8 0.55546875 0.7890625 0.38359375 0.32265625
2 0.9546875 0.77109375 0.090625 0.07578125