2 0.5734375 0.80625 0.1640625 0.18125
8 0.74296875 0.1984375 0.15859375 0.23984375
8 0.8140625 0.33984375 0.1890625 0.29609375
8 0.59609375 0.6390625 0.40625 0.41171875
8 0.7484375 0.6765625 0.05234375 0.0609375
8 0.71640625 0.68671875 0.02265625 0.04140625
8 0.684375 0.73671875 0.0265625 0.06171875
2 0.2984375 0.66484375 0.196875 0.35234375
2 0.27109375 0.62578125 0.025 0.0921875
2 0.29296875 0.6296875 0.0328125 0.09453125
2 0.3078125 0.63984375 0.02578125 0.07421875
2 0.3234375 0.6375 0.0296875 0.08046875
1 0.29921875 0.6375 0.04609375 0.078125
1 0.21328125 0.66015625 0.04140625 0.09140625
1 0.35859375 0.565625 0.04921875 0.0671875