6 0.26484375 0.27890625 0.26015625 0.4171875
5 0.065625 0.29296875 0.13046875 0.3984375
6 0.22421875 0.37265625 0.24140625 0.1515625
6 0.21484375 0.65703125 0.30078125 0.46640625
6 0.6109375 0.1421875 0.07734375 0.284375
6 0.73046875 0.26796875 0.2453125 0.5359375
6 0.5828125 0.34921875 0.06328125 0.26171875
6 0.6234375 0.43359375 0.09765625 0.29609375
6 0.828125 0.55703125 0.34296875 0.625
2 0.53515625 0.290625 0.0234375 0.03515625
2 0.47421875 0.27265625 0.140625 0.03515625
2 0.47421875 0.25546875 0.14296875 0.0453125
2 0.4765625 0.2328125 0.146875 0.0359375
4 0.534375 0.37265625 0.03828125 0.19609375
6 0.45 0.41875 0.19375 0.34375
2 0.475 0.2140625 0.14765625 0.03671875
2 0.475 0.196875 0.14765625 0.0375
2 0.475 0.18125 0.1484375 0.03515625
2 0.47578125 0.1640625 0.1515625 0.0359375
2 0.47578125 0.146875 0.1515625 0.0328125
2 0.475 0.128125 0.15234375 0.03359375
2 0.47578125 0.109375 0.153125 0.03203125
2 0.4765625 0.090625 0.15625 0.03203125
2 0.4765625 0.07109375 0.15703125 0.03515625
2 0.478125 0.053125 0.15703125 0.03203125
2 0.478125 0.03203125 0.16015625 0.034375
2 0.478125 0.01328125 0.16171875 0.0265625