6 0.1984375 0.8359375 0.0390625 0.03515625
6 0.56953125 0.82578125 0.08984375 0.0796875
6 0.66875 0.7875 0.11484375 0.14765625
6 0.5921875 0.72421875 0.290625 0.27265625
6 0.5078125 0.55390625 0.0328125 0.0453125
6 0.365625 0.63125 0.0796875 0.11484375
6 0.0234375 0.53984375 0.046875 0.0484375
6 0.10546875 0.50859375 0.10859375 0.1015625
6 0.05703125 0.65078125 0.1140625 0.24375
6 0.0390625 0.62265625 0.078125 0.14140625
6 0.26328125 0.4484375 0.0390625 0.10859375
6 0.25546875 0.5640625 0.06953125 0.09609375
6 0.52578125 0.34609375 0.08125 0.05703125
6 0.48125 0.40625 0.053125 0.0890625
6 0.36796875 0.45390625 0.18828125 0.1578125
6 0.284375 0.58359375 0.025 0.053125
6 0.23671875 0.58828125 0.02421875 0.07109375
6 0.24375 0.6390625 0.09453125 0.17890625
6 0.5578125 0.59609375 0.14609375 0.1546875
5 0.46171875 0.70234375 0.11796875 0.17578125
6 0.31953125 0.81875 0.25625 0.0890625
6 0.32109375 0.7703125 0.25078125 0.08359375
6 0.034375 0.8203125 0.06796875 0.1765625
6 0.15625 0.62734375 0.25078125 0.47421875
6 0.35 0.54609375 0.14609375 0.12265625
6 0.7734375 0.390625 0.059375 0.0609375
6 0.65 0.425 0.31640625 0.19609375
6 0.5390625 0.51015625 0.11171875 0.134375
6 0.44375 0.5859375 0.1109375 0.28125
6 0.8515625 0.43671875 0.08828125 0.08359375
6 0.81640625 0.46953125 0.046875 0.015625
6 0.9265625 0.54453125 0.14609375 0.14453125
6 0.9046875 0.78046875 0.18984375 0.2203125
6 0.92734375 0.7046875 0.1453125 0.2078125
6 0.81015625 0.5609375 0.1578125 0.19375
6 0.68671875 0.57578125 0.13515625 0.1734375
6 0.3453125 0.66015625 0.12734375 0.203125
6 0.39921875 0.7875 0.228125 0.18359375
6 0.53515625 0.8703125 0.07265625 0.02734375
6 0.775 0.6671875 0.1421875 0.10625
6 0.6359375 0.83984375 0.1671875 0.09140625
6 0.83828125 0.78828125 0.2921875 0.21640625