8 0.3984375 0.3546875 0.2640625 0.48046875
1 0.74765625 0.3734375 0.5046875 0.5859375
8 0.52890625 0.6171875 0.6140625 0.4328125
3 0.48125 0.3046875 0.05703125 0.0359375
6 0.65546875 0.528125 0.1859375 0.1046875
6 0.4890625 0.284375 0.07109375 0.06796875
2 0.42109375 0.30703125 0.04140625 0.04140625
6 0.0265625 0.66640625 0.053125 0.08046875
2 0.4703125 0.3125 0.06953125 0.05703125
1 0.60859375 0.4625 0.05625 0.07578125
2 0.68828125 0.5234375 0.09296875 0.08125
1 0.70234375 0.59921875 0.16328125 0.0953125