2 0.54453125 0.48359375 0.81796875 0.54765625
2 0.6109375 0.353125 0.26171875 0.1546875
3 0.71875 0.453125 0.15625 0.075
2 0.7328125 0.403125 0.07421875 0.071875
6 0.3125 0.39921875 0.04921875 0.04375
2 0.29375 0.4375 0.053125 0.08359375
2 0.346875 0.33984375 0.1046875 0.16171875
2 0.73359375 0.28359375 0.053125 0.04921875
2 0.73828125 0.3203125 0.053125 0.084375
2 0.434375 0.31328125 0.09296875 0.04140625
2 0.46015625 0.39296875 0.3859375 0.18515625
2 0.48984375 0.41796875 0.284375 0.1
2 0.7109375 0.45234375 0.0859375 0.075
8 0.075 0.14296875 0.14921875 0.2859375