8 0.21171875 0.4578125 0.31328125 0.6546875
8 0.48046875 0.4546875 0.3703125 0.73046875
8 0.65078125 0.25390625 0.04296875 0.08515625
8 0.77578125 0.54765625 0.4484375 0.65546875
8 0.64453125 0.3546875 0.06484375 0.090625
1 0.6578125 0.3484375 0.040625 0.0546875
7 0.765625 0.33828125 0.17578125 0.15078125
1 0.42578125 0.18828125 0.03671875 0.06015625
8 0.4734375 0.2125 0.0671875 0.09296875
1 0.5390625 0.228125 0.04296875 0.07578125
8 0.5578125 0.23203125 0.04921875 0.0625
1 0.66796875 0.37578125 0.03515625 0.07890625