6 0.159375 0.83671875 0.1359375 0.3265625
6 0.17265625 0.3171875 0.33125 0.359375
6 0.32734375 0.278125 0.19453125 0.11484375
6 0.4109375 0.80703125 0.49375 0.3859375
6 0.33046875 0.4609375 0.4953125 0.27109375
6 0.6859375 0.5625 0.3953125 0.23046875
6 0.31875 0.70703125 0.51796875 0.51171875
6 0.5359375 0.79609375 0.08125 0.11015625
6 0.75546875 0.809375 0.4 0.38046875
6 0.9140625 0.653125 0.1703125 0.26640625
8 0.84765625 0.2125 0.30390625 0.42421875
1 0.7890625 0.1328125 0.1328125 0.1640625
6 0.9515625 0.22734375 0.0953125 0.20859375