6 0.51015625 0.48359375 0.0453125 0.0640625
8 0.64609375 0.421875 0.29453125 0.7140625
1 0.75625 0.21953125 0.06328125 0.19375
2 0.74765625 0.1015625 0.0359375 0.096875
1 0.55625 0.1796875 0.0515625 0.05078125
1 0.571875 0.134375 0.03828125 0.06171875
8 0.53046875 0.16875 0.01640625 0.0359375
1 0.590625 0.1515625 0.11640625 0.07578125
2 0.42734375 0.72734375 0.3828125 0.3640625
2 0.5453125 0.58203125 0.05546875 0.13359375
6 0.28359375 0.59375 0.05859375 0.08984375
2 0.56875 0.60703125 0.03984375 0.10078125
6 0.44453125 0.5046875 0.1734375 0.09921875
2 0.409375 0.58203125 0.27265625 0.2671875