8 0.56484375 0.33984375 0.14140625 0.14453125
2 0.55078125 0.46328125 0.2953125 0.27421875
2 0.54296875 0.4484375 0.2890625 0.2734375
2 0.515625 0.46015625 0.2453125 0.21796875
2 0.7578125 0.93359375 0.08359375 0.08984375
2 0.11171875 0.81015625 0.06484375 0.07265625
2 0.49296875 0.2828125 0.03984375 0.03203125
3 0.3640625 0.1890625 0.04140625 0.0390625
2 0.36796875 0.3515625 0.1984375 0.16171875
8 0.27265625 0.3828125 0.06953125 0.10625
8 0.36875 0.4390625 0.1265625 0.1
8 0.15234375 0.59765625 0.17890625 0.3828125
8 0.3375 0.653125 0.2921875 0.4703125
2 0.5 0.44921875 0.2078125 0.19375
2 0.41015625 0.4890625 0.05078125 0.09296875
2 0.6359375 0.5765625 0.46171875 0.66796875
2 0.78984375 0.46953125 0.39765625 0.28515625
2 0.5765625 0.51328125 0.0546875 0.07109375
2 0.71640625 0.61015625 0.09609375 0.02890625
2 0.690625 0.634375 0.06171875 0.03984375
2 0.6828125 0.67421875 0.090625 0.12265625
2 0.64765625 0.459375 0.0359375 0.01640625
2 0.6828125 0.69609375 0.11796875 0.1703125
2 0.6234375 0.503125 0.04375 0.0734375
2 0.66484375 0.49375 0.04609375 0.08359375
8 0.28125 0.4578125 0.08984375 0.046875