2 0.51484375 0.7796875 0.74296875 0.2828125
2 0.440625 0.4140625 0.0296875 0.04296875
2 0.31796875 0.50859375 0.01875 0.03671875
2 0.43671875 0.2828125 0.1640625 0.15
2 0.596875 0.36328125 0.1 0.04375
2 0.79921875 0.39375 0.1375 0.10390625
2 0.4640625 0.59609375 0.07734375 0.0640625
2 0.67890625 0.4171875 0.0296875 0.0578125
2 0.2953125 0.37265625 0.3859375 0.2703125
2 0.41640625 0.46796875 0.0625 0.10859375
2 0.5484375 0.45078125 0.24609375 0.246875
2 0.83515625 0.45625 0.178125 0.11953125
2 0.35 0.590625 0.22265625 0.15859375
2 0.35078125 0.5171875 0.09375 0.1140625
2 0.325 0.578125 0.08828125 0.09609375
2 0.32734375 0.55234375 0.05390625 0.02890625
2 0.6828125 0.553125 0.553125 0.2921875