6 0.7984375 0.88984375 0.04765625 0.07890625
8 0.42578125 0.20234375 0.18046875 0.17578125
8 0.72265625 0.93828125 0.1875 0.121875
8 0.82109375 0.7703125 0.1125 0.196875
8 0.571875 0.96796875 0.14296875 0.06328125
8 0.70625 0.84375 0.1484375 0.2546875
8 0.7484375 0.6640625 0.15625 0.203125
8 0.653125 0.1828125 0.31875 0.35234375
8 0.27734375 0.359375 0.32109375 0.30078125
8 0.4046875 0.2984375 0.05546875 0.0484375
8 0.45625 0.37734375 0.1765625 0.2296875
8 0.646875 0.471875 0.446875 0.278125
8 0.65390625 0.63671875 0.0765625 0.103125
8 0.45859375 0.5109375 0.05703125 0.065625
8 0.11171875 0.51171875 0.1609375 0.234375
8 0.5828125 0.7921875 0.19375 0.4078125
8 0.1796875 0.6296875 0.23203125 0.38984375
8 0.5046875 0.653125 0.11953125 0.22578125
8 0.36640625 0.5484375 0.26953125 0.346875
1 0.8546875 0.525 0.13671875 0.24609375
8 0.90625 0.77578125 0.18671875 0.4484375
8 0.95546875 0.73828125 0.0890625 0.1296875
8 0.9765625 0.71015625 0.0453125 0.05390625
8 0.38359375 0.81953125 0.23359375 0.36015625
8 0.9671875 0.29765625 0.065625 0.0703125