8 0.79296875 0.49921875 0.11171875 0.1890625
8 0.59375 0.59921875 0.17109375 0.1859375
3 0.5875 0.63359375 0.05546875 0.02890625
3 0.5359375 0.62421875 0.0609375 0.03515625
3 0.5265625 0.6484375 0.04296875 0.0265625
3 0.55390625 0.6515625 0.06171875 0.0359375
2 0.6046875 0.7359375 0.1078125 0.15546875
2 0.3796875 0.6828125 0.384375 0.4234375
2 0.36953125 0.66953125 0.36640625 0.42265625
2 0.35625 0.61953125 0.34375 0.465625
3 0.6296875 0.653125 0.06015625 0.04765625
3 0.52890625 0.675 0.03671875 0.03046875
2 0.34140625 0.6 0.23671875 0.38828125
3 0.60859375 0.67578125 0.06484375 0.0625
8 0.66796875 0.39921875 0.18515625 0.259375
3 0.57109375 0.703125 0.07109375 0.0859375
8 0.36171875 0.275 0.51015625 0.3375