1 0.51328125 0.50234375 0.971875 0.78671875
2 0.66953125 0.703125 0.0640625 0.0546875
2 0.7625 0.72421875 0.140625 0.09296875
2 0.82890625 0.71015625 0.15234375 0.06171875
2 0.83515625 0.68828125 0.0578125 0.01484375
2 0.29609375 0.5703125 0.10390625 0.0921875
2 0.2484375 0.5703125 0.06640625 0.07890625
2 0.4796875 0.59375 0.334375 0.2296875
8 0.359375 0.53671875 0.0625 0.075
2 0.43828125 0.4296875 0.06953125 0.09609375
2 0.41015625 0.4609375 0.05625 0.0453125
2 0.55703125 0.66015625 0.05 0.0234375
2 0.64296875 0.57578125 0.59609375 0.215625
2 0.65 0.259375 0.30625 0.171875
2 0.49296875 0.275 0.05234375 0.02890625
2 0.68828125 0.4578125 0.51328125 0.4296875
2 0.26953125 0.50625 0.15859375 0.08828125
2 0.3265625 0.453125 0.1578125 0.05546875
2 0.3609375 0.390625 0.1640625 0.17421875
2 0.24140625 0.39453125 0.184375 0.21796875
2 0.62265625 0.4296875 0.41953125 0.3453125