8 0.296875 0.47109375 0.30078125 0.3734375
2 0.2734375 0.7328125 0.42890625 0.534375
2 0.29921875 0.83125 0.26953125 0.27578125
8 0.47265625 0.3453125 0.09609375 0.1015625
8 0.61328125 0.18671875 0.32890625 0.31015625
2 0.578125 0.596875 0.33515625 0.45390625
2 0.75234375 0.4484375 0.1390625 0.271875
2 0.59921875 0.39609375 0.25234375 0.23125
2 0.81328125 0.58828125 0.1578125 0.1125
2 0.846875 0.4890625 0.12265625 0.16171875
2 0.8046875 0.38671875 0.15234375 0.1359375
1 0.7828125 0.24453125 0.03125 0.16015625
8 0.921875 0.24140625 0.15546875 0.1421875
2 0.9390625 0.49296875 0.12109375 0.225
7 0.91875 0.26328125 0.13828125 0.08671875
2 0.896875 0.3515625 0.20546875 0.1328125
2 0.925 0.315625 0.13515625 0.0703125
1 0.59375 0.06484375 0.1875 0.12890625