8 0.36171875 0.57890625 0.209375 0.3546875
6 0.49375 0.63359375 0.04453125 0.0703125
6 0.57734375 0.596875 0.08046875 0.178125
2 0.4796875 0.39765625 0.2859375 0.40546875
1 0.52109375 0.7171875 0.06328125 0.05859375
1 0.371875 0.96640625 0.0734375 0.06640625
2 0.44453125 0.915625 0.05546875 0.16796875
6 0.57578125 0.86171875 0.228125 0.27578125
6 0.759375 0.93203125 0.22265625 0.13515625
8 0.8421875 0.7140625 0.31484375 0.309375
3 0.54140625 0.42265625 0.04296875 0.1578125
6 0.53359375 0.28515625 0.1890625 0.1875
6 0.4859375 0.434375 0.07265625 0.1765625
8 0.70078125 0.44453125 0.203125 0.36484375
2 0.27578125 0.7390625 0.046875 0.0671875
1 0.32890625 0.734375 0.08046875 0.07109375