6 0.5375 0.23046875 0.2859375 0.40546875
3 0.91328125 0.646875 0.021875 0.0390625
8 0.1953125 0.215625 0.22109375 0.253125
3 0.86796875 0.5984375 0.1171875 0.12890625
2 0.6609375 0.6109375 0.30078125 0.45390625
8 0.83125 0.7453125 0.2265625 0.434375
8 0.96328125 0.70390625 0.0734375 0.31328125
2 0.63828125 0.45 0.290625 0.340625
2 0.59296875 0.5703125 0.13671875 0.09921875
8 0.2671875 0.41484375 0.40546875 0.58984375
2 0.165625 0.20390625 0.046875 0.03984375
2 0.20859375 0.196875 0.0359375 0.02890625
2 0.86484375 0.603125 0.04765625 0.05625