8 0.37109375 0.0859375 0.3890625 0.171875
8 0.12109375 0.23671875 0.04375 0.01875
8 0.06953125 0.14453125 0.1390625 0.2578125
8 0.07890625 0.3015625 0.1578125 0.1375
8 0.321875 0.33359375 0.38359375 0.55390625
1 0.19921875 0.2203125 0.10234375 0.096875
1 0.68671875 0.71171875 0.1546875 0.05234375
2 0.62578125 0.1890625 0.1375 0.05625
2 0.76875 0.403125 0.1296875 0.20078125
3 0.7828125 0.41328125 0.06796875 0.01796875
6 0.7859375 0.3953125 0.07734375 0.03828125
1 0.784375 0.4234375 0.06875 0.0265625
8 0.48984375 0.46796875 0.584375 0.6
6 0.60859375 0.215625 0.06171875 0.02578125