8 0.20703125 0.58984375 0.16015625 0.17578125
8 0.334375 0.678125 0.24375 0.18984375
2 0.3703125 0.3984375 0.2953125 0.30546875
2 0.603125 0.675 0.34375 0.29296875
2 0.615625 0.5671875 0.3609375 0.26953125
2 0.70859375 0.5640625 0.465625 0.28203125
2 0.5859375 0.33828125 0.3546875 0.21484375
1 0.9 0.89296875 0.1984375 0.1078125
1 0.8734375 0.7359375 0.14921875 0.18984375
1 0.515625 0.74921875 0.05546875 0.0859375
1 0.5578125 0.7875 0.0578125 0.05234375
1 0.559375 0.73984375 0.04765625 0.084375
1 0.51796875 0.71953125 0.04921875 0.08515625
1 0.47578125 0.728125 0.0609375 0.0828125
1 0.56796875 0.6875 0.2109375 0.1125