2 0.68359375 0.95625 0.0375 0.08671875
8 0.4 0.953125 0.53515625 0.09296875
8 0.4296875 0.7640625 0.5546875 0.47109375
7 0.30234375 0.43203125 0.0875 0.284375
7 0.52109375 0.39296875 0.0578125 0.01640625
7 0.359375 0.48515625 0.0734375 0.16640625
7 0.42265625 0.4890625 0.07578125 0.16875
7 0.51953125 0.49140625 0.121875 0.184375
7 0.5453125 0.2671875 0.0890625 0.24375
7 0.403125 0.2796875 0.24765625 0.259375
8 0.5375 0.265625 0.0390625 0.24140625
8 0.46484375 0.23828125 0.0359375 0.17890625
8 0.3171875 0.4859375 0.02421875 0.1765625
1 0.5 0.221875 0.03203125 0.0671875
1 0.34296875 0.44765625 0.0328125 0.06875
1 0.40859375 0.44765625 0.0453125 0.07578125
1 0.41328125 0.52578125 0.03984375 0.071875
1 0.34921875 0.525 0.0359375 0.065625
1 0.5375 0.8046875 0.06171875 0.16484375