1 0.3828125 0.06875 0.1140625 0.04375
2 0.1703125 0.08828125 0.33984375 0.1765625
2 0.17578125 0.03828125 0.0859375 0.06328125
2 0.10703125 0.028125 0.05390625 0.03984375
6 0.19296875 0.04765625 0.046875 0.0390625
1 0.11328125 0.07109375 0.06640625 0.03984375
6 0.14375 0.04921875 0.0546875 0.04609375
6 0.13984375 0.0875 0.05390625 0.028125
6 0.06015625 0.0703125 0.1109375 0.07890625
6 0.225 0.01640625 0.04765625 0.025
6 0.25234375 0.0203125 0.0453125 0.0375
3 0.31484375 0.109375 0.11875 0.06484375
2 0.321875 0.1046875 0.07421875 0.04140625
2 0.04296875 0.15390625 0.08515625 0.12890625
2 0.5984375 0.18515625 0.28359375 0.23203125
6 0.56640625 0.1234375 0.1375 0.08125
6 0.5328125 0.13515625 0.03671875 0.04921875
6 0.62890625 0.18828125 0.1078125 0.06875
8 0.859375 0.55390625 0.28125 0.36796875
7 0.22265625 0.15234375 0.27421875 0.103125
2 0.12109375 0.27578125 0.24140625 0.1828125
0 0.15 0.35234375 0.1546875 0.03125
8 0.1140625 0.45078125 0.228125 0.2515625
2 0.0203125 0.3125 0.03984375 0.1390625
5 0.07734375 0.48203125 0.1546875 0.0515625
2 0.09296875 0.6 0.1859375 0.209375
6 0.27109375 0.7859375 0.26796875 0.35390625
6 0.18984375 0.80703125 0.3796875 0.3859375
0 0.81328125 0.77578125 0.0359375 0.07734375
2 0.5390625 0.5140625 0.64140625 0.76875
6 0.28671875 0.3203125 0.08671875 0.225
4 0.32578125 0.7265625 0.09765625 0.1953125
6 0.5765625 0.2578125 0.1078125 0.24140625
6 0.43046875 0.259375 0.215625 0.3953125
6 0.6578125 0.56484375 0.31015625 0.5046875
6 0.45234375 0.62421875 0.45390625 0.51953125
1 0.4296875 0.23984375 0.40078125 0.1328125
1 0.5 0.5640625 0.53203125 0.18984375
6 0.2328125 0.0359375 0.0640625 0.03828125