8 0.01328125 0.57421875 0.02578125 0.0828125
2 0.01796875 0.53125 0.0359375 0.034375
2 0.021875 0.5109375 0.04375 0.034375
2 0.16015625 0.41875 0.0546875 0.0859375
2 0.103125 0.41484375 0.128125 0.2203125
2 0.09609375 0.35234375 0.19140625 0.3265625
2 0.075 0.19375 0.15 0.10859375
2 0.146875 0.1359375 0.028125 0.06015625
1 0.07421875 0.1015625 0.1484375 0.203125
2 0.5609375 0.50078125 0.2875 0.5734375
2 0.51875 0.459375 0.2125 0.3203125
2 0.578125 0.48671875 0.0703125 0.21171875
2 0.615625 0.471875 0.0234375 0.20703125
2 0.64296875 0.44140625 0.05078125 0.23046875
2 0.63125 0.44296875 0.04140625 0.23984375
2 0.628125 0.52578125 0.01796875 0.08359375