8 0.71640625 0.71484375 0.41796875 0.45390625
8 0.396875 0.6640625 0.278125 0.33046875
8 0.31953125 0.29765625 0.31171875 0.446875
6 0.8875 0.6359375 0.07578125 0.2875
1 0.33046875 0.0921875 0.12890625 0.0265625
8 0.709375 0.31484375 0.49765625 0.5578125
6 0.81953125 0.696875 0.1265625 0.30703125
1 0.42265625 0.07265625 0.11640625 0.01484375
6 0.32890625 0.63984375 0.13671875 0.28046875
6 0.45234375 0.11484375 0.0546875 0.08125
6 0.821875 0.2875 0.12890625 0.484375
6 0.43828125 0.66953125 0.159375 0.315625
6 0.9 0.26328125 0.12421875 0.4328125
6 0.57265625 0.72265625 0.1671875 0.321875
6 0.728125 0.76953125 0.1921875 0.35625
6 0.24140625 0.29375 0.159375 0.41796875
6 0.37109375 0.2953125 0.18359375 0.4484375
6 0.528125 0.31640625 0.21796875 0.51328125
6 0.7203125 0.3140625 0.2390625 0.55546875
1 0.84140625 0.55703125 0.0421875 0.06484375
1 0.8109375 0.07421875 0.1140625 0.06875