8 0.02734375 0.36953125 0.0546875 0.1234375
2 0.065625 0.0328125 0.13125 0.06484375
7 0.07734375 0.01015625 0.07578125 0.0203125
2 0.05234375 0.065625 0.1046875 0.07421875
2 0.2546875 0.26015625 0.509375 0.25078125
2 0.415625 0.1671875 0.09453125 0.04609375
2 0.1875 0.20078125 0.375 0.24765625
2 0.29375 0.1703125 0.4203125 0.2484375
2 0.2546875 0.14921875 0.228125 0.09921875
2 0.39609375 0.20859375 0.1015625 0.0421875
2 0.384375 0.1796875 0.10078125 0.04765625
2 0.15546875 0.05234375 0.10625 0.10390625
2 0.75390625 0.31328125 0.4921875 0.41171875
2 0.3859375 0.559375 0.5140625 0.4359375
2 0.51953125 0.53203125 0.62109375 0.36171875
8 0.5078125 0.40234375 0.5546875 0.48203125
1 0.17109375 0.48359375 0.1359375 0.12421875
1 0.05625 0.7328125 0.06484375 0.0484375
2 0.49296875 0.08984375 0.67734375 0.1796875
2 0.6625 0.06171875 0.18359375 0.05
2 0.83515625 0.0625 0.3296875 0.125
2 0.725 0.0328125 0.54765625 0.065625
2 0.33203125 0.0203125 0.2109375 0.03984375