2 0.2234375 0.40234375 0.44609375 0.29765625
2 0.20546875 0.421875 0.4109375 0.25625
2 0.18515625 0.4109375 0.3703125 0.16171875
2 0.17578125 0.43359375 0.196875 0.06015625
2 0.0609375 0.64296875 0.121875 0.2796875
2 0.05078125 0.71484375 0.1015625 0.17890625
2 0.53203125 0.68671875 0.8984375 0.584375
2 0.66796875 0.49609375 0.6640625 0.5875
2 0.7796875 0.6953125 0.39921875 0.26875
2 0.36953125 0.8984375 0.28828125 0.203125
1 0.14375 0.8828125 0.2875 0.23359375
2 0.09921875 0.97734375 0.1984375 0.0453125
2 0.0953125 0.859375 0.190625 0.15859375
2 0.14375 0.8515625 0.23125 0.0828125