8 0.746875 0.175 0.24140625 0.35
2 0.58828125 0.546875 0.43125 0.459375
8 0.56328125 0.04296875 0.1734375 0.0859375
1 0.6234375 0.7625 0.01484375 0.0390625
8 0.52734375 0.1 0.08671875 0.1703125
8 0.40546875 0.209375 0.20234375 0.390625
2 0.58984375 0.44921875 0.3953125 0.50625
2 0.64921875 0.30625 0.296875 0.39921875
4 0.503125 0.09140625 0.0875 0.1828125
1 0.51796875 0.5890625 0.1015625 0.325
2 0.5390625 0.0953125 0.03515625 0.0921875
2 0.54921875 0.103125 0.01796875 0.0859375
2 0.628125 0.08828125 0.0234375 0.0359375
2 0.6703125 0.1625 0.11640625 0.12734375
2 0.61640625 0.0875 0.125 0.175