8 0.5 0.5 1 1
6 0.37890625 0.7546875 0.06796875 0.1421875
6 0.71796875 0.625 0.0421875 0.06015625
6 0.6078125 0.32109375 0.071875 0.13671875
6 0.27890625 0.36796875 0.1 0.103125
6 0.5109375 0.3328125 0.12109375 0.184375
6 0.41171875 0.32578125 0.23203125 0.20078125
6 0.60546875 0.46875 0.27109375 0.31640625
2 0.67265625 0.49140625 0.0796875 0.21328125
1 0.475 0.34921875 0.1953125 0.20078125
6 0.2578125 0.44296875 0.06484375 0.08671875
6 0.64296875 0.7234375 0.16328125 0.26484375
6 0.528125 0.509375 0.234375 0.1921875
1 0.69765625 0.59140625 0.1265625 0.18125
6 0.48984375 0.80078125 0.15390625 0.35703125
2 0.603125 0.82421875 0.1125 0.0640625
6 0.490625 0.72265625 0.29375 0.55390625
6 0.24765625 0.8203125 0.28046875 0.35859375
2 0.225 0.6734375 0.09765625 0.05
6 0.31640625 0.55859375 0.2859375 0.303125
1 0.4484375 0.53125 0.1015625 0.071875
1 0.26328125 0.8546875 0.021875 0.290625