2 0.8625 0.1109375 0.10625 0.221875
8 0.825 0.025 0.03984375 0.05
2 0.61875 0.15625 0.1375 0.19296875
7 0.71640625 0.12421875 0.27421875 0.165625
7 0.60703125 0.10234375 0.0484375 0.06328125
2 0.63125 0.0859375 0.03046875 0.1234375
8 0.7234375 0.0578125 0.2 0.115625
7 0.73984375 0.29140625 0.2734375 0.2796875
8 0.775 0.146875 0.09296875 0.103125
1 0.8125 0.20703125 0.08984375 0.1078125
1 0.73203125 0.2125 0.175 0.140625
1 0.68203125 0.253125 0.0921875 0.059375
8 0.54453125 0.3078125 0.13515625 0.25625
8 0.3890625 0.35859375 0.20703125 0.45703125
2 0.41796875 0.1765625 0.07109375 0.09453125
6 0.5625 0.3984375 0.08828125 0.06953125
8 0.38828125 0.2046875 0.1125 0.05546875
8 0.634375 0.50859375 0.31796875 0.3390625
6 0.51640625 0.49921875 0.0734375 0.04375
6 0.565625 0.46328125 0.0421875 0.0625
6 0.62890625 0.54375 0.05625 0.046875
1 0.5 0.53046875 0.06640625 0.0515625
6 0.546875 0.678125 0.19765625 0.17265625
2 0.43203125 0.65078125 0.15 0.153125
2 0.54609375 0.61015625 0.228125 0.13359375
2 0.55859375 0.540625 0.1234375 0.11875
6 0.4546875 0.58046875 0.08359375 0.11875
8 0.20625 0.5328125 0.3265625 0.4203125
8 0.06796875 0.40703125 0.0328125 0.05234375
2 0.10078125 0.359375 0.01875 0.03984375
8 0.140625 0.865625 0.0171875 0.0484375
8 0.3078125 0.78828125 0.34375 0.38828125
6 0.8453125 0.79453125 0.06015625 0.10390625