2 0.41640625 0.8375 0.0453125 0.0578125
2 0.06640625 0.90390625 0.1328125 0.19140625
2 0.3453125 0.8375 0.16171875 0.325
2 0.215625 0.765625 0.1890625 0.346875
2 0.2125 0.92421875 0.16015625 0.15078125
2 0.48671875 0.659375 0.58359375 0.66640625
2 0.3078125 0.52421875 0.09375 0.25703125
8 0.3734375 0.31015625 0.040625 0.25234375
2 0.58984375 0.4359375 0.42265625 0.54765625
2 0.66953125 0.70078125 0.01796875 0.084375
2 0.48671875 0.6515625 0.359375 0.47265625
2 0.46875 0.67890625 0.24609375 0.2484375
3 0.44609375 0.0828125 0.05234375 0.1140625
2 0.37890625 0.06484375 0.1390625 0.1296875