2 0.5 0.5 1 1
6 0.4421875 0.190625 0.33203125 0.221875
2 0.4765625 0.9078125 0.4171875 0.184375
2 0.34453125 0.58515625 0.6890625 0.8296875
2 0.5765625 0.31953125 0.21875 0.190625
2 0.58984375 0.4515625 0.3015625 0.1125
3 0.7734375 0.9453125 0.2859375 0.10859375
2 0.7875 0.87890625 0.26015625 0.184375
8 0.92734375 0.43203125 0.14453125 0.1484375
8 0.73203125 0.5359375 0.49296875 0.2125
2 0.68359375 0.68515625 0.5171875 0.37265625
2 0.81328125 0.51796875 0.1875 0.22578125
2 0.72890625 0.3375 0.46171875 0.19375
2 0.77734375 0.28125 0.44453125 0.1765625
3 0.95625 0.20625 0.08671875 0.15234375
3 0.8921875 0.196875 0.12734375 0.153125
3 0.7734375 0.19609375 0.22109375 0.14609375