2 0.56328125 0.1390625 0.284375 0.278125
2 0.72734375 0.38046875 0.06328125 0.18984375
2 0.63671875 0.815625 0.1171875 0.06328125
2 0.7609375 0.7109375 0.040625 0.0859375
2 0.5140625 0.78671875 0.16875 0.20703125
2 0.65546875 0.68046875 0.2890625 0.2765625
2 0.5953125 0.31015625 0.27578125 0.1671875
2 0.43984375 0.69921875 0.03046875 0.05625
2 0.60078125 0.49140625 0.23828125 0.21328125
2 0.32421875 0.82890625 0.2171875 0.290625
2 0.4265625 0.5140625 0.30859375 0.58203125
2 0.2421875 0.5453125 0.3046875 0.4859375
1 0.42265625 0.4609375 0.08671875 0.3296875
2 0.63984375 0.60078125 0.18203125 0.0671875
3 0.7015625 0.81953125 0.13515625 0.13359375
1 0.703125 0.88046875 0.11484375 0.23828125
2 0.63046875 0.61953125 0.1828125 0.0859375
2 0.63125 0.703125 0.18359375 0.1578125
2 0.64609375 0.7046875 0.1984375 0.16875
8 0.56015625 0.71640625 0.0390625 0.03359375
2 0.58984375 0.66875 0.08125 0.08828125
1 0.37265625 0.40859375 0.0640625 0.0828125
1 0.32734375 0.38359375 0.0765625 0.07734375
2 0.1546875 0.90859375 0.09140625 0.08203125