8 0.025 0.31171875 0.05 0.2359375
2 0.04453125 0.30546875 0.0890625 0.10390625
1 0.83515625 0.28828125 0.08125 0.040625
2 0.453125 0.1171875 0.140625 0.0859375
2 0.509375 0.49296875 0.50390625 0.32109375
2 0.31875 0.184375 0.246875 0.22265625
2 0.50859375 0.2328125 0.50703125 0.29453125
2 0.521875 0.35546875 0.63671875 0.2765625
1 0.265625 0.3640625 0.05234375 0.0390625
2 0.4890625 0.77578125 0.6625 0.415625
2 0.1640625 0.66640625 0.13671875 0.16953125
2 0.2296875 0.78203125 0.1578125 0.16953125
2 0.4265625 0.721875 0.25703125 0.05859375
2 0.38515625 0.72890625 0.29140625 0.096875
2 0.46953125 0.8046875 0.4296875 0.14296875
8 0.05546875 0.3953125 0.11015625 0.1453125
1 0.06171875 0.4171875 0.11015625 0.02109375
6 0.1078125 0.521875 0.1171875 0.0796875