8 0.28515625 0.4890625 0.14296875 0.32109375
8 0.43671875 0.5203125 0.22421875 0.40703125
6 0.4109375 0.4328125 0.153125 0.1578125
8 0.55234375 0.19921875 0.10546875 0.08125
8 0.5703125 0.1 0.184375 0.2
8 0.45078125 0.26953125 0.11796875 0.2296875
6 0.50234375 0.19296875 0.0375 0.08046875
8 0.51953125 0.28203125 0.1375 0.18515625
2 0.709375 0.1109375 0.13671875 0.221875
8 0.5359375 0.43359375 0.17109375 0.16640625
8 0.6234375 0.3265625 0.19140625 0.26171875
8 0.6390625 0.5390625 0.20546875 0.2109375
8 0.75 0.35234375 0.209375 0.26796875
2 0.5203125 0.73203125 0.071875 0.0546875
8 0.628125 0.6828125 0.21796875 0.15703125
8 0.79140625 0.61953125 0.1734375 0.33515625
2 0.79296875 0.1453125 0.0921875 0.290625
2 0.66171875 0.4046875 0.0375 0.09921875
6 0.48203125 0.196875 0.05390625 0.07734375
6 0.43359375 0.19609375 0.040625 0.07421875
8 0.334375 0.671875 0.0421875 0.0515625